class,redshift,redshift_err,green_mag,green_err,green_ext,red_mag,red_err,red_ext,velocity,Flux,distance
QSO,2.394828,0.0005228019999999999,21.59155,0.0527526,0.05360859,21.73227,0.09384827,0.03708617,251920.86083612218,6.565051317261739e-17,11348.034569340844
QSO,2.835478,0.000363606,19.03116,0.01064531,0.08869813,18.89552,0.01165516,0.06136095,261628.81105230816,6.940553802915479e-16,3490.138408365679
QSO,0.7240548000000001,0.2627611,22.39019,0.1152619,0.1696623,21.73291,0.08868107,0.1173716,148853.4272127234,3.146169562694111e-17,16392.630514551915
QSO,0.916071,0.000295674,19.29613,0.01258042,0.1772085,19.10373,0.01274682,0.122592,171438.1857006756,5.437585830390941e-16,3943.0896392413147
QSO,1.871305,0.000318299,19.30308,0.0126892,0.1589185,19.14062,0.01315591,0.1099391,234933.14763539445,5.402889994793173e-16,3955.7300831095226
QSO,1.321511,0.000129473,16.97542,0.004230577,0.08211973,16.719929999999998,0.004369409,0.05681004,205952.0871117501,4.609885358341158e-15,1354.2369215498786
QSO,1.609695,0.000564236,19.44624,0.01172863,0.1377237,19.3981,0.01324795,0.09527663,223026.0150829137,4.735459484096982e-16,4225.3107063320185
QSO,2.197242,0.000450325,19.95411,0.01641397,0.07836834,19.98297,0.02236632,0.05421485,246364.73798486125,2.9662935348630655e-16,5338.664757540977
QSO,0.4838037,7.159999999999999e-05,17.84517,0.005385452,0.06762151,17.82226,0.005948739000000001,0.04678025,112520.10466454846,2.0691411851930068e-15,2021.3645741414803
QSO,2.432862,0.000278009,18.7334,0.008465034,0.2227129,18.70431,0.00970153,0.15407179999999998,252893.24652010098,9.130574937260835e-16,3042.920808819711
QSO,1.871679,0.000502537,21.55136,0.060859400000000015,0.03500891,21.60375,0.08471865,0.02421901,234948.21378478032,6.812619372976311e-17,11139.93482850631
QSO,1.301589,0.001042445,20.51165,0.02368921,0.03965243,20.22876,0.02676166,0.02743137,204579.6238338535,1.7749990510282454e-16,6901.454833759382
QSO,0.8407184000000001,0.000388684,21.67747,0.05172646,0.1020112,21.82294,0.08617167,0.07057087,163158.1038405912,6.065549135690833e-17,11806.050868092549
QSO,0.6978092,0.000105346,20.84831,0.02979884,0.02548077,19.96386,0.01924718,0.01762748,145361.999377737,1.3017695996488934e-16,8058.842165949256
QSO,1.6957400000000002,0.001503094,22.1984,0.07477099,0.03909377,22.39903,0.1225102,0.02704489,227265.07322782496,3.75403333897874e-17,15006.888304192456
QSO,0.9868506,0.000197682,21.64408,0.04910882,0.06121105,21.31277,0.04898656,0.04234552,178604.82995408113,6.25498287775367e-17,11625.901794935844
QSO,2.106721,0.000129649,18.95421,0.009523288,0.131821,18.86589,0.01022103,0.09119315,243502.47135756022,7.450306251931047e-16,3368.6248658240684
QSO,2.922981,0.000213434,20.04999,0.01768593,0.04024738,19.93131,0.02248658,0.02784295,263209.6046185681,2.71557702194615e-16,5579.67174746939
QSO,1.229005,0.00051882,20.19859,0.02028792,0.05291251,20.02044,0.02114906,0.03660463,199333.61510117928,2.3682204401778283e-16,5974.872609522403
QSO,1.86545,0.0007641680000000001,21.58251,0.05676029,0.07771837,21.40532,0.07453223,0.05376521,234696.62756369828,6.619941097269212e-17,11300.89006451426
QSO,2.257472,0.000308953,20.5938,0.02295496,0.2360274,20.15752,0.02114381,0.1632826,248153.62228193192,1.6456524671438693e-16,7167.548661421556
QSO,1.886732,0.000877843,19.24776,0.01128437,0.09212524,19.07683,0.01441755,0.06373182,235550.44820547994,5.685309672467216e-16,3856.227524075869
QSO,1.203763,0.000232944,19.31109,0.0106738,0.15831389999999998,18.89059,0.01022343,0.1095208,197414.31230236127,5.363176938974254e-16,3970.348693674162
QSO,0.4975576,4.84e-05,21.95524,0.1123431,0.1020034,20.59923,0.05220214,0.07056545,114888.26014577782,4.696368054055908e-17,13417.099797647696
QSO,2.5300580000000004,0.00066658,21.19267,0.03998603,0.2420256,21.06778,0.04802548,0.1674322,255251.10660019823,9.479602464630729e-17,9443.753662457439
QSO,2.856009,0.0007821289999999999,20.6838,0.02947992,0.16335329999999998,20.15185,0.023580200000000003,0.113007,262008.5857688446,1.5147401086371322e-16,7470.860895824315
QSO,2.4470490000000003,0.000682094,22.00581,0.08814353,0.233991,21.79427,0.10984760000000003,0.1618739,253248.59191015037,4.4826427150891426e-17,13733.228626308814
QSO,2.29828,0.000188527,19.74343,0.01689814,0.134982,19.76991,0.02128814,0.09337996,249316.61540644328,3.601522441030587e-16,4845.032003656778
QSO,1.408954,0.000390699,20.98519,0.03522238,0.02709382,20.519820000000006,0.03148331,0.01874338,211657.8581049475,1.1475777656898936e-16,8583.188494208262
QSO,2.297009,0.001496684,22.10081,0.08650961,0.120558,22.20145,0.1176804,0.08340148,249280.97009434074,4.107089105460784e-17,14347.381621086715
QSO,3.493136,0.000472503,20.73538,0.03320511,0.03230654,19.65915,0.01831907,0.02234951,271494.49481272546,1.4444620133691098e-16,7650.444168707562
QSO,1.267668,0.000407867,19.47165,0.01370963,0.1583103,19.10369,0.01455875,0.1095183,202177.04626864725,4.625920078081936e-16,4275.04460181776
QSO,3.777972,0.001942895,22.99894,0.1834197,0.1610291,21.6383,0.07327801,0.1113992,274630.4913829016,1.7958998955962364e-17,21696.94809867277
QSO,0.2313946,3.5e-05,19.06902,0.02071892,0.0295177,17.750970000000006,0.01046551,0.02042021,61515.172442943396,6.702705302392755e-16,3551.523151785
QSO,3.710708,0.000283915,21.0007,0.03864089,0.1119797,19.78634,0.01964963,0.07746707,273937.9943669708,1.1313008806647723e-16,8644.714405569435
QSO,0.8623734000000001,0.000260492,23.46916,0.4293656,0.1371488,22.19266,0.2296228,0.09487889,165610.14164081367,1.1646464981842714e-17,26942.795211616867
QSO,1.134751,0.000466055,19.12699,0.0107295,0.14288879999999998,18.89251,0.01114469,0.0988498,191898.36851221844,6.35421821531843e-16,3647.61212026689
QSO,2.188958,0.001128932,19.90792,0.01620389,0.04713451,19.81689,0.02004637,0.03260744,246111.6815780131,3.0952100382711585e-16,5226.303786351502
QSO,3.266325,0.000122448,19.92484,0.01723485,0.1869436,19.7425,0.02013545,0.12932670000000002,268566.56365458854,3.0473485103763493e-16,5267.185942421754
QSO,2.143079,0.000526577,19.60706,0.01317059,0.615695,19.19538,0.01257593,0.4259349,244678.2090615075,4.0835147177268425e-16,4550.117901280628
QSO,2.552732,0.000455409,21.38941,0.04319791,0.1717842,21.34045,0.05452084,0.1188395,255776.22599741293,7.908500113702979e-17,10339.336028042575
QSO,0.4858012,3.06e-05,21.51259,0.08287208,0.1867114,20.59805,0.05159441,0.1291661,112866.4251786513,7.060283257058663e-17,10942.804745911071
QSO,2.823868,0.000936274,22.00715,0.08189824,0.05197327,21.886570000000006,0.1062729,0.03595487,261411.57191162158,4.477113714564364e-17,13741.705918251384
QSO,1.813598,0.000327757,19.20107,0.01072688,0.1154827,19.04901,0.01184825,0.07989041,232546.7788008068,5.935128486449492e-16,3774.1977388877312
QSO,2.915991,0.000387272,20.46608,0.02363373,0.31376740000000003,20.18391,0.0225048,0.2170628,263086.89033625403,1.851083992472523e-16,6758.131687814022
QSO,3.352062,0.000333778,22.06822,0.08778533,0.2664371,21.5249,0.06703641,0.1843199,269723.6728481434,4.2322384183510726e-17,14133.660338938073
QSO,1.194901,0.000587189,19.4082,0.01166733,0.04044964,19.15535,0.01211036,0.02798287,196728.32408976287,4.90431238497571e-16,4151.935996642532
QSO,1.047136,0.000249861,19.47157,0.01200859,0.07125986,19.23583,0.01224782,0.04929724,184282.54312160437,4.626260941027231e-16,4274.8871062554135
QSO,1.974271,0.00026414900000000004,20.07553,0.01770724,0.05241842,20.13309,0.02272278,0.03626282,238897.94454171587,2.6524433991501183e-16,5645.685091096281
QSO,2.024474,0.000478236,21.54939,0.07896359,0.08639275,21.310270000000006,0.0949904,0.05976611,240705.16700677617,6.824991662972911e-17,11129.833056194679
QSO,6.629749,0.0017913629999999996,21.8908,0.09812153,0.1398365,20.69072,0.04939979,0.09673823,289666.56994868314,4.9835420283392553e-17,13024.787608422012
QSO,1.838236,0.000531333,21.07849,0.03506284,0.2122248,20.52169,0.03128624,0.1468161,233580.83177749772,1.053081843918214e-16,8960.013213200908
QSO,0.6167019,9.63e-05,18.53777,0.007748778,0.2323477,18.34347,0.00814714,0.16073710000000002,133873.65940637208,1.0933271307800812e-15,2780.7673149193047
QSO,2.372578,0.000288641,20.781270000000006,0.02969917,0.1654312,20.65093,0.034249400000000006,0.1144445,251338.3417723495,1.3846822503471963e-16,7813.842446129047
QSO,1.143216,0.003349567,22.16379,0.08604544,0.1591823,21.80489,0.08324608,0.1101216,192596.9034358078,3.875628359980872e-17,14769.597159878427
QSO,2.079607,0.000845712,19.37689,0.012925999999999998,0.1219624,19.28179,0.01322367,0.08437301,242601.87222106045,5.047799836163298e-16,4092.499642161908
QSO,2.171789,0.000476237,21.37753,0.05153561,0.06501824,21.42455,0.07787199,0.04497932,245581.64340820917,7.995509160795603e-17,10282.924571058598
QSO,1.611875,0.000311806,19.53754,0.01353639,0.06273935,19.31534,0.01385729,0.04340279,223137.7315659101,4.3535358511474205e-16,4406.752404083697
QSO,3.103061,0.001013857,21.72789,0.06262082,0.02837711,21.58306,0.07613321,0.01963115,266174.22237009805,5.790314129356425e-17,12083.386027884282
QSO,2.792444,0.000412997,20.41972,0.02067518,0.1308609,20.16081,0.0198829,0.09052895,260814.41212614902,1.9318354229141277e-16,6615.377778646457
QSO,1.0466719999999998,17.10671,21.14974,0.04025539,0.3370708,20.33037,0.02571257,0.233184,184240.2575470181,9.86193476004775e-17,9258.884150103951
QSO,1.431492,0.000772863,21.4899,0.04917954,0.07902333,21.222620000000006,0.05117154,0.05466797,213048.87955473547,7.20938344954213e-17,10829.05726010073
QSO,1.908623,0.000528314,20.78419,0.02768457,0.08123669,20.50308,0.0283295,0.05619917,236411.97660736798,1.380963262257001e-16,7824.356863651323
QSO,2.292447,0.001690359,21.72007,0.05863607,0.16705889999999998,21.62605,0.07162982,0.1155706,249152.72649437524,5.83216933663477e-17,12039.949077954716
QSO,0.8762749,0.000111048,20.31702,0.02294213,0.102026,20.30939,0.02787694,0.07058115,167152.88602536675,2.123489535808179e-16,6309.786290025896
QSO,2.449711,0.0005663830000000001,20.81704,0.0250772,0.1084443,20.77946,0.03268956,0.07502125,253314.83016385892,1.3398066381673622e-16,7943.623466642998
QSO,2.214401,-1.0,20.95435,0.03205846,0.1028563,20.8442,0.04190397,0.07115549,246883.42700840594,1.1806417186588474e-16,8462.148650607845
QSO,1.286459,0.000711316,21.29152,0.04630034,0.09830168,20.87801,0.04626358,0.06800465,203518.36551244714,8.65466227180117e-17,9883.588379695932
QSO,1.994362,0.001406254,21.51956,0.0660559,0.02734528,21.59609,0.1006323,0.01891734,239630.64224629677,7.015104182664385e-17,10977.985431534382
QSO,1.519013,0.000423124,19.88727,0.01566714,0.09860806,19.69044,0.01687342,0.0682166,218165.48692133397,3.1546423204083945e-16,5176.8388987102
QSO,2.499614,0.000656986,20.29622,0.01845218,0.06033948,19.6929,0.01584852,0.04174257,254531.5369233922,2.16456247492753e-16,6249.634946822499
QSO,2.239147,0.000344114,20.51292,0.02566778,0.15630120000000006,20.37694,0.02786257,0.1081284,247618.67690808116,1.7729240249892124e-16,6905.492375839015
QSO,1.707956,0.000293388,19.5436,0.01405612,0.1560185,19.42691,0.01585713,0.1079329,227839.6118509103,4.3293044240118e-16,4419.067650315483
QSO,2.257058,0.000353796,20.92553,0.03270362,0.2007496,20.92698,0.0466422,0.13887760000000002,248141.62489947712,1.2124005513734632e-16,8350.580175196663
QSO,1.742171,0.001539215,21.7528,0.06831488,0.02439574,21.71511,0.08198462,0.01687686,229414.52622050507,5.658979558942877e-17,12222.798440597757
QSO,0.9811693,0.000455735,20.78995,0.0280681,0.07901554,20.35993,0.02711598,0.05466258,178050.113803003,1.3736564357104296e-16,7845.139131852613
QSO,2.329785,0.000467966,20.38437,0.0239356,0.1566264,20.15736,0.02712204,0.1083534,250188.6113758205,1.9957683230768445e-16,6508.55606315336
QSO,2.159456,0.000211936,20.47938,0.02678753,0.05532473,20.538120000000006,0.03578237,0.03827339,245196.2041648532,1.8285469895217215e-16,6799.651430588364
QSO,0.5599331999999999,5.58e-05,21.214920000000006,0.06924563,0.04515154,20.14874,0.04016848,0.03123563,125159.0377939045,9.287313916636106e-17,9541.016570356483
QSO,0.7818232,0.000192026,18.87146,0.008533533000000001,0.02532528,18.95924,0.01047226,0.01751991,156175.65526070958,8.040334652471885e-16,3242.6692269460286
QSO,1.056623,0.000240614,19.6277,0.01251705,0.04947947,19.32595,0.01260078,0.03422967,185142.45389218928,4.006619728990438e-16,4593.57329231637
QSO,0.8688341,0.000323003,20.43156,0.02396777,0.07965279,20.36909,0.03713025,0.05510343,166330.14118700154,1.9108831250488943e-16,6651.546784749617
QSO,0.8793747,0.000380898,20.86404,0.03231761,0.05005457,20.76669,0.04841145,0.03462752,167493.60571367436,1.2830456990846682e-16,8117.431829845741
QSO,2.227928,0.00036273,19.5277,0.01226084,0.1193754,18.98348,0.0107229,0.08258332,247287.18987908107,4.3931711730751235e-16,4386.828437508215
QSO,2.871262,0.0005676580000000001,21.05456,0.03475653,0.02482887,20.88673,0.04098806,0.017176499999999997,262287.1529065285,1.0765498014823127e-16,8861.814401895961
QSO,1.682623,0.000440646,19.13583,0.009847892,0.09542176,19.04169,0.01076906,0.06601234,226640.82114988661,6.302692590152759e-16,3662.4917080324944
QSO,0.7012734,0.000109052,21.79837,0.06304264,0.18251470000000006,21.75776,0.09156309,0.12626279999999998,145828.9433300093,5.4263790231879205e-17,12482.013561830347
QSO,1.241517,0.00038988,20.31595,0.02124395,0.2071474,19.86497,0.01993884,0.1433036,200266.35263815263,2.1255832799077643e-16,6306.677888478017
QSO,1.268779,0.001005982,21.78627,0.06778996,0.1457895,21.39544,0.07063106,0.1008565,202257.07755076222,5.4871916023598835e-17,12412.654011853576
QSO,0.2252602,2.31e-05,18.80829,0.008381476,0.04942608,18.58583,0.009058907,0.03419273,60079.55215041525,8.52201168212305e-16,3149.6960812826164
QSO,0.9716822,0.000403664,21.53732,0.07001536,0.217947,21.09147,0.06732694,0.1507747,177116.00785099613,6.901287582520423e-17,11068.140159314138
QSO,2.984066,0.000338569,20.20402,0.017969299999999997,0.02901214,20.09841,0.0213726,0.02007046,264256.82909036335,2.356406028840534e-16,5989.832116381179
QSO,2.65653,0.000326364,21.27705,0.04196116,0.08292254,21.16389,0.05236639,0.05736543,258068.30452313108,8.770778133774211e-17,9817.946249056262
QSO,0.5969331999999999,0.000146995,18.7,0.009005079000000001,0.1648341,18.6807,0.009851435,0.1140315,130904.60619945203,9.415819514206723e-16,2996.474940945126
QSO,2.394394,0.0006279359999999999,21.07789,0.03806601,0.06033856,21.32481,0.07427710000000001,0.04174193,251909.59620286638,1.0536639592811357e-16,8957.537812063054
QSO,1.531986,0.00054713,20.5842,0.02553225,0.0656755,20.41722,0.02708356,0.04543401,218887.2211741831,1.6602677240235684e-16,7135.93113274044
QSO,0.9085987,0.000206851,19.35327,0.01098746,0.03878287,19.19694,0.01206162,0.02682981,170648.0833408137,5.158817034365814e-16,4048.225070446715
QSO,2.2645150000000003,0.00083889,21.42358,0.05181956,0.08899639999999999,21.51768,0.07547139,0.0615673,248357.10385893917,7.66348170947628e-17,10503.321280981052
QSO,1.897349,0.000320237,19.43681,0.01223147,0.04375409,19.37058,0.01536236,0.03026887,235970.37691333826,4.77676774040145e-16,4207.001337707053
QSO,1.24499,0.001101655,19.9346,0.01658351,0.02388152,19.75484,0.02016121,0.01652113,200523.10511089477,3.020077760182667e-16,5290.913362416955
QSO,1.50135,0.0007245489999999999,19.76069,0.01409957,0.1981749,19.66652,0.0158084,0.13709649999999998,217168.03723078605,3.544721547234199e-16,4883.696314094284
QSO,2.27707,0.000324486,20.41607,0.0213779,0.05884252,20.33276,0.02651625,0.04070698,248716.955419554,1.9383407460538288e-16,6604.2674156073435
QSO,1.786536,0.000254618,19.82062,0.01567791,0.1131214,19.93126,0.01921767,0.07825688,231384.0416984019,3.3543635115233813e-16,5020.35756617367
QSO,1.316446,0.000626577,20.95751,0.03577419,0.1142957,20.43944,0.02567364,0.07906923,205605.80140561206,1.1772104948944313e-16,8474.472019681927
QSO,2.271504,0.000450497,20.6121,0.02634663,0.05472749,20.56095,0.03410412,0.03786022,248557.8755990109,1.6181475693362493e-16,7228.208145104145
QSO,2.467331,0.00017473,19.7316,0.01414938,0.1632864,19.35737,0.01350283,0.1129607,253749.82065610378,3.6409785903201396e-16,4818.708444066114
QSO,1.250834,0.0006640639999999999,20.22754,0.01803137,0.04038935,19.9234,0.01884693,0.02794116,200953.05132644752,2.305908792024544e-16,6055.062776698312
QSO,1.1063459999999998,0.000309042,19.76233,0.01352529,0.04875718,19.41683,0.01369108,0.03372999,189507.60947592984,3.53937130192933e-16,4887.386108710476
QSO,0.8909404000000001,9.48e-05,20.56093,0.02425405,0.06286205,20.51798,0.03007072,0.04348768,168754.42347703333,1.6962354102352063e-16,7059.869123089877
QSO,2.689796,0.0007775880000000001,20.61309,0.02962925,0.02611182,20.49255,0.03474587,0.01806404,258766.00905451796,1.6166727765152627e-16,7231.504322166304
QSO,2.153909,0.0001556,19.16866,0.009690022,0.09608731,19.20188,0.01185371,0.06647276,245021.54911071842,6.114967106110224e-16,3718.2847901630444
QSO,1.2542209999999998,0.0008663869999999999,20.98763,0.04612865,0.1076489,20.78566,0.04504584,0.07447098,201201.04113488537,1.1450016834532178e-16,8592.838513546647
QSO,2.56569,0.000388297,21.8924,0.07774441,0.1960023,21.86758,0.1110899,0.1355935,256072.27651578235,4.97620341802103e-17,13034.38816313438
QSO,1.476236,0.000702917,21.22517,0.03883377,0.064693,20.91169,0.04219077,0.04475432,215719.77468149547,9.200048677449072e-17,9586.15948575581
QSO,1.848676,3.295439,20.01166,0.01905126,0.0980297,19.71205,0.01980424,0.0678165,234012.10921130548,2.8131580023375745e-16,5482.045680824633
QSO,0.7698786,11.27597,21.53377,0.05645081,0.09842618,20.95618,0.04689972,0.06809077,154701.2949765761,6.92388945143239e-17,11050.060354571562
QSO,2.105168,0.00038515,18.23367,0.006430984,0.0969953,18.15084,0.007249225,0.06710089999999999,243451.44433288684,1.446738787564334e-15,2417.378471649761
QSO,1.0850879999999998,0.000508228,20.83988,0.03187632,0.04730952,20.13547,0.02527684,0.0327285,187670.04484345764,1.311916291486628e-16,8027.61711312025
QSO,0.970597,0.000372095,21.10884,0.0333655,0.03218591,20.85604,0.03736144,0.02226606,177008.53242384765,1.0240522714180768e-16,9086.12380532219
QSO,0.8865446,0.000234197,21.81828,0.06883594,0.1632472,21.48582,0.06882238,0.1129336,168277.1540249069,5.3277780616020703e-17,12596.986099122512
QSO,1.426665,0.000618032,20.39461,0.02287172,0.03931373,20.30383,0.02680431,0.02719706,212753.5895706946,1.9770339410722584e-16,6539.320905472843
QSO,2.415557,0.000522351,20.91422,0.03208476,0.06121161,20.89302,0.03893122,0.04234591,252454.42595865278,1.225096009393477e-16,8307.199687488172
QSO,2.564409,0.002648053,20.65045,0.02473563,0.06396035,20.51899,0.03011523,0.04424747,256043.13935430098,1.561989554182957e-16,7356.998205496891
QSO,0.29951740000000004,6.59e-05,17.66176,0.00556617,0.2077482,17.32609,0.005067914000000001,0.1437192,76794.43827569703,2.4499325353124468e-15,1857.6446883651638
QSO,1.687181,0.000449862,20.82688,0.03024812,0.02596528,20.41986,0.03263094,0.01796266,226858.60979521135,1.3277188625418307e-16,7979.701578812722
QSO,1.155804,0.00079003,20.787,0.03118826,0.0589022,20.46521,0.03588418,0.04074826,193624.08552113664,1.3773938045024e-16,7834.488548787114
QSO,1.63558,0.001283983,18.61888,0.007987563,0.02930613,18.40869,0.008123026,0.02027385,224337.68294936325,1.0146263228573163e-15,2886.600284636708
QSO,1.5988129999999998,0.000460509,20.91842,0.03426132,0.03235368,20.69718,0.04775255,0.02238213,222464.8672952722,1.220366072282547e-16,8323.282784906944
QSO,0.6425138000000001,0.000201389,21.2583,0.04076364,0.1622645,21.06959,0.05600942,0.1122539,137648.33119794785,8.923559529775271e-17,9733.536238281271
QSO,1.58047,0.00114998,21.73754,0.04934286,0.1236981,21.71229,0.06682987,0.0855738,221505.66034512644,5.739077972321957e-17,12137.203959831824
QSO,1.441008,0.0007658410000000001,21.91666,0.056595800000000016,0.0423733,21.19175,0.04312446,0.02931365,213626.878082257,4.866246733500407e-17,13180.826702913437
QSO,2.581642,0.000793744,21.11181,0.03647531,0.03181691,20.98191,0.05128424,0.0220108,256432.7527814491,1.0212548339335583e-16,9098.559722403377
QSO,3.50304,0.000863023,21.10414,0.03235457,0.1974185,20.35468,0.02593543,0.13657320000000006,271612.9913943383,1.0284948590403429e-16,9066.47879428343
QSO,2.543894,0.00030041700000000003,20.28072,0.01912024,0.1026825,20.06413,0.02083097,0.07103525,255572.6225152528,2.1956854561971984e-16,6205.18380158074
QSO,0.8760889999999999,0.00034236300000000004,20.46425,0.02461072,0.08256646,20.17247,0.02868424,0.05711909,167132.41465635117,1.8542066111019646e-16,6752.438697602952
QSO,2.1544060000000003,0.000424911,20.89436,0.02737716,0.05284793,20.97725,0.04474687,0.03655996,245037.23086317812,1.2477113484876493e-16,8231.569514757997
QSO,1.648093,0.0007144810000000001,21.17509,0.0416314,0.1982284,20.961270000000006,0.04480425,0.1371335,224960.30094717865,9.634343472123413e-17,9367.60673375593
QSO,0.7924139,8.14e-05,21.53292,0.06408697,0.09954625,21.14211,0.06284222,0.06886563,157466.12504382146,6.929312140986528e-17,11045.735771310694
QSO,1.167099,0.000219545,18.48757,0.0075622480000000014,0.1622045,18.26862,0.007741989,0.1122123,194534.13007285242,1.1450649603329926e-15,2717.2190463081865
QSO,1.725235,0.000386604,19.26135,0.01141273,0.11857910000000002,19.19616,0.01362577,0.08203246,228641.20392662057,5.614591000401836e-16,3880.4371177235525
QSO,1.274483,0.00032305400000000003,18.72038,0.008226457,0.1422461,18.35363,0.008148585,0.09840518,202666.52107263854,9.240726684836241e-16,3024.7302530018246
QSO,1.881461,0.001003644,21.38442,0.04527961,0.05511026,21.13859,0.05861963,0.03812502,235340.48779278775,7.944930915789641e-17,10315.603720062156
QSO,1.0948790000000002,0.000574779,19.99987,0.01877445,0.04046631,19.84352,0.01981581,0.02799441,188521.62003338741,2.843872523148655e-16,5452.361595380301
QSO,2.798891,0.000506071,19.80473,0.01409967,0.0959482,19.5144,0.01450009,0.06637652,260938.03126010275,3.4038163903322934e-16,4983.754606728981
QSO,1.685195,0.000369781,20.01095,0.01677042,0.07079148,19.82997,0.01874516,0.04897321,226763.82968308282,2.8149982240971583e-16,5480.253525342286
QSO,1.903,0.000571205,19.86595,0.0167702,0.1992622,19.83372,0.02082637,0.13784860000000002,236192.27729287252,3.2172004827923234e-16,5126.2602433723005
QSO,1.728521,0.000345615,20.7613,0.03175163,0.05119105,20.54638,0.03753471,0.03541373,228792.19632125524,1.4103864444390344e-16,7742.311671233422
QSO,1.867653,0.0007450730000000001,20.08625,0.0184527,0.0942128,19.72273,0.01902303,0.06517598,234785.76595284784,2.6263834025541217e-16,5673.625294333186
QSO,0.4610937,4.17e-05,20.30374,0.0386093,0.04526224,19.05734,0.01965695,0.0313122,108524.78205335393,2.1496221337925213e-16,6271.315501651903
QSO,2.730445,0.0008519389999999999,20.90858,0.0300164,0.0226754,20.77432,0.03494127,0.01568674,259595.6172387969,1.2314764900667068e-16,8285.651261100182
QSO,2.231757,0.000199318,20.51642,0.02170455,0.1369594,20.699720000000006,0.03535928,0.09474787,247400.66799735383,1.7672179951606242e-16,6916.6316893164985
QSO,1.08455,0.000343379,21.8473,0.05962622,0.06130993,21.43445,0.05459367,0.04241392,187622.99079207468,5.187261297230114e-17,12766.464740754267
QSO,2.999311,0.000300368,19.61222,0.01326423,0.06038880000000001,19.38468,0.01346844,0.04177669,264511.31865344814,4.064153711903897e-16,4560.943056648645
QSO,1.483573,0.0005555790000000001,20.02051,0.01648159,0.06730697,19.88035,0.01874397,0.04656265,216146.5823497862,2.7903207275138847e-16,5504.433763692427
QSO,2.24606,0.0005266919999999999,20.40154,0.02023968,0.02702035,20.246920000000006,0.02473588,0.01869255,247821.42341247707,1.9644551826335845e-16,6560.2237193431465
QSO,1.703194,0.00096404,19.63845,0.01244141,0.03480906,19.73771,0.01649782,0.02408074,227616.42466660327,3.967145464797604e-16,4616.370425803106
QSO,1.628281,0.001285437,21.52679,0.0540405,0.1255938,21.2561,0.07188793,0.08688518,223971.08040299415,6.96854526188611e-17,11014.597969275614
QSO,1.739169,0.000769916,20.11877,0.01835761,0.14326229999999998,20.21148,0.02706165,0.09910817,229278.3317864056,2.54888431737017e-16,5759.233014194612
QSO,1.423768,0.000380492,19.33369,0.01243319,0.07932197,19.22953,0.01438235,0.05487458,212575.68317311557,5.252694288397432e-16,4011.88661254243
QSO,2.217818,0.000413541,19.41838,0.01299387,0.1010125,19.29018,0.01448347,0.06987996,246985.84428640822,4.858543832831371e-16,4171.446232077992
QSO,1.229607,0.0005362230000000001,19.54114,0.01376039,0.3264838,19.0892,0.01262969,0.2258599,199378.77225416322,4.339124639216715e-16,4414.064247543815
QSO,2.532874,0.000254119,20.69158,0.03213863,0.1049657,20.69823,0.04180543,0.07261480000000001,255316.81979095,1.503924814595125e-16,7497.675671229051
QSO,0.2997753,3.73e-05,18.53279,0.007779114,0.2205428,18.32619,0.007918343000000001,0.1525705,76850.02224779499,1.0983534669165381e-15,2774.3972805962617
QSO,1.918064,0.001134011,21.57212,0.05999126,0.08277537,21.4348,0.06902722,0.05726362,236778.39897539848,6.683594996154274e-17,11246.947039603274
QSO,2.311066,0.000482466,21.04832,0.03296207,0.03958461,20.9978,0.04227739,0.02738445,249673.17401365814,1.0827548187244354e-16,8836.385414087628
QSO,2.654921,0.000260548,19.78347,0.01578735,0.05773453,19.63227,0.01787518,0.03994048,258034.11920175573,3.4711239746095247e-16,4935.1987826552595
QSO,1.378216,0.6456479,21.27826,0.04881462,0.05233981,21.1512,0.0676859,0.03620844,209709.38971190297,8.761008974326341e-17,9823.418584493154
QSO,2.802502,0.000481305,21.54398,0.05660298,0.04486019,21.59183,0.09587713,0.03103407,261007.02015380366,6.859084058601974e-17,11102.138735821334
QSO,0.6996927,7.659999999999999e-05,20.82316,0.03030627,0.03070942,20.553320000000006,0.03217251,0.02124464,145616.11147789366,1.3322757568688075e-16,7966.04306873411
QSO,2.946724,0.001095233,21.40471,0.04304225,0.04126599,20.81524,0.04287903,0.02854762,263621.9635155945,7.797836504706793e-17,10412.443314376174
QSO,1.04395,0.000632835,20.32266,0.02138878,0.04831756,20.04128,0.02232938,0.03342586,183991.763404224,2.1124873899675242e-16,6326.196100324468
QSO,1.832853,0.0007133889999999999,22.31952,0.1035594,0.1075965,22.66073,0.16402750000000002,0.07443473,233356.86933953012,3.357763664907844e-17,15867.724448430872
QSO,1.924148,0.000869958,21.75791,0.06562624,0.05400551,21.82311,0.1008602,0.03736076,237012.91440873875,5.632408240378357e-17,12251.595512768525
QSO,1.915997,0.000919143,19.93128,0.01526598,0.03640189,19.54731,0.01515701,0.02518266,236698.43646709176,3.029326787414423e-16,5282.830178499087
QSO,1.552768,0.0005629519999999999,20.22521,0.01811636,0.06306309,20.12372,0.0214484,0.04362675,220024.61552693017,2.310862607318244e-16,6048.569150631209
QSO,1.433365,0.0006843410000000001,20.4658,0.02195915,0.03574216,20.11792,0.0219241,0.02472626,213163.07787047792,1.8515614292144143e-16,6757.260318290787
QSO,2.382591,0.000461652,20.25194,0.01933069,0.1026435,20.19703,0.02378494,0.07100833,251601.75867664165,2.254665529700856e-16,6123.484883983179
QSO,2.726621,3.47e-06,21.51706,0.04152459,0.05314926,21.32922,0.04972997,0.03676841,259518.62444762018,7.031275667946659e-17,10965.353831460277
QSO,1.7839349999999998,0.000568839,20.42786,0.02198296,0.06353837,20.01346,0.02065403,0.04395555,231270.77058826722,1.9174061905492775e-16,6640.22277822095
QSO,1.808469,0.000945381,21.78518,0.05294992,0.05640896,21.78833,0.06979963,0.03902346,232328.59948356345,5.4927031088278323e-17,12406.424875507964
QSO,2.21969,0.00016451,19.81633,0.01369802,0.08703782,19.5659,0.01491844,0.06021236,247041.8315018643,3.3676436125820063e-16,5010.449048296331
QSO,2.364,0.000446015,20.43848,0.02323354,0.04562376,20.37857,0.03463681,0.03156231,251111.00541803188,1.8987427351479694e-16,6672.777597143671
QSO,1.246535,0.00046696,20.74042,0.02989718,0.0466199,20.4739,0.03280668,0.03225143,200637.02598494545,1.4377723427997376e-16,7668.221516477563
QSO,2.016239,0.000518393,21.19043,0.05603185,0.1279235,21.13418,0.06903048,0.08849688,240414.07953102252,9.499180175057672e-17,9434.016904547221
QSO,2.642027,0.00014986,18.24799,0.006561477,0.04161591,18.23143,0.007702523,0.02878969,257758.68376191315,1.427782732088116e-15,2433.372804858565
QSO,1.7119990000000005,0.000673202,22.03364,0.08580125,0.2409436,22.02087,0.1207183,0.16668370000000002,228028.32585876947,4.369202014322506e-17,13910.368982286203
QSO,0.309549,4.13e-05,19.66852,0.01568205,0.09982882,18.92564,0.01226664,0.06906112,78944.24558366477,3.8587809443797626e-16,4680.74142234376
QSO,1.283748,0.0004680280000000001,19.1754,0.01128306,0.1394901,18.91069,0.01134085,0.09649861,203326.45515817148,6.077124381342805e-16,3729.843847163415
QSO,2.398324,0.001463133,21.61312,0.06258811,0.109217,21.495420000000006,0.08007628,0.07555581,252011.46020860245,6.435912414404902e-17,11461.320314352512
QSO,2.945581,0.000638134,20.36798,0.02371422,0.1118657,20.17753,0.03024035,0.07738815,263602.26902786247,2.026124486517669e-16,6459.615234441567
QSO,2.017785,0.000256257,19.32607,0.01079292,0.2186347,19.178420000000006,0.01196968,0.1512505,240468.8846923189,5.289688831492418e-16,3997.8330144725337
QSO,3.168817,0.000531208,21.0516,0.03249292,0.04684588,20.71745,0.0350907,0.03240776,267169.15051163215,1.0794887613167363e-16,8849.74282294382
QSO,2.732394,0.000457887,21.20308,0.04024681,0.032056,21.14555,0.06084174,0.02217619,259634.77571412278,9.38914671059325e-17,9489.135542118845
QSO,1.847751,0.000443085,21.16604,0.03486609,0.05866225,21.24071,0.04742299,0.04058228,233974.06075469576,9.714984794658907e-17,9328.64679836544
QSO,2.075158,0.001032944,21.43383,0.04476968,0.05985454,21.28239,0.06159138,0.04140709,242452.10800174906,7.591474284036925e-17,10553.017300320675
QSO,0.6282438,2.51e-05,19.51465,0.01266354,0.1179875,19.32787,0.01417806,0.08162319,135575.611551922,4.446293480539366e-16,4360.543769274271
QSO,2.071887,0.001617609,21.65939,0.05250655,0.034068199999999986,21.57321,0.06443268,0.02356822,242341.63584685902,6.167400124404609e-17,11708.160037134161
QSO,1.976248,0.00022809,20.20452,0.018593400000000003,0.040249,20.46452,0.02828691,0.02784407,238970.61343879093,2.3553211135916875e-16,5991.211484994808
QSO,2.601112,0.00010485,18.66553,0.008096097,0.1148096,18.70979,0.0091194,0.07942473,256866.8717888837,9.719549260752244e-16,2949.284375877845
QSO,1.829523,0.0005074680000000001,21.28061,0.04752481,0.03203838,21.37829,0.06086359,0.022164,233217.7773501269,8.742066890584262e-17,9834.05538999181
QSO,1.679933,0.00123576,20.954,0.029489599999999994,0.07816587,20.49422,0.02776947,0.05407479,226511.85179615475,1.1810223739329542e-16,8460.784823308644
QSO,2.570129,0.001161879,21.29234,0.04776094,0.05068059,21.18948,0.05265097,0.0350606,256173.02539885067,8.648128323890061e-17,9887.321364219812
QSO,1.734486,0.000472769,20.83348,0.03564015,0.07369679,20.84796,0.05408046,0.0509831,229065.1184674519,1.31967237377291e-16,8003.992077844599
QSO,1.985085,1.91e-05,19.85596,0.01725327,0.1078348,19.43996,0.01524909,0.07459959,239293.91073441438,3.24693896679469e-16,5102.730715895791
QSO,2.201075,0.00038766,19.02392,0.009702969,0.1076158,18.85128,0.01044588,0.07444810000000003,246481.24152109868,6.986990056702313e-16,3478.521164612354
QSO,2.322717,0.00048376,21.5947,0.06275622,0.03282281,21.67448,0.08522975,0.02270667,249994.9003884719,6.546032018026898e-17,11364.50829868108
QSO,1.331468,0.000501646,19.79365,0.01488483,0.1344447,19.53081,0.01491045,0.09300825,206627.62641225714,3.438730377676766e-16,4958.3896242886985
QSO,0.6715051999999999,9.12e-05,20.61897,0.03209481,0.15128229999999998,20.46066,0.03835713,0.10465639999999997,141754.49369890933,1.6079410593038859e-16,7251.1126154113645
QSO,1.05518,0.007081708000000002,21.77429,0.06683555,0.02246901,21.68378,0.08664341,0.01554396,185012.23047499338,5.548072469056927e-17,12344.362032036208
QSO,1.551613,0.00032037200000000003,20.51873,0.02547758,0.02687833,20.42105,0.0366045,0.01859431,219962.00161662817,1.763462079193433e-16,6923.99347779257
QSO,1.471401,0.00107505,20.28102,0.02139796,0.04287872,20.10865,0.02593073,0.0296633,215436.82277958392,2.195078849694789e-16,6206.041138625388
QSO,1.088796,0.000320253,18.11705,0.006088743000000001,0.08660226,17.95422,0.00654957,0.05991105,187993.60808242107,1.6107870343677564e-15,2290.9765829901885
QSO,3.02651,0.000253162,20.01799,0.01623593,0.05586864,19.5439,0.01356807,0.03864967,264958.7577401448,2.796804599674646e-16,5498.0495575803825
QSO,2.398734,0.000454397,18.974220000000006,0.01003957,0.15920720000000002,18.94389,0.01399972,0.1101388,252022.06905413378,7.314255470609492e-16,3399.81002461035
QSO,0.4859493,0.000137644,20.13211,0.01877833,0.09107968,20.04944,0.0236469,0.06300850000000001,112892.06982395808,2.517758815230037e-16,5794.722593152418
QSO,2.763577,0.000591676,20.78782,0.02878917,0.1753904,20.67772,0.03399453,0.1213342,260253.76908428076,1.3763539234430286e-16,7837.447598009077
QSO,2.743727,0.0006727660000000001,22.16734,0.07930273,0.08061449999999999,21.88426,0.08598167,0.05576874,259861.37069573186,3.8629770250976877e-17,14793.76276840996
QSO,1.834324,1.494338,20.56107,0.02861295,0.0595929,20.27055,0.03258843,0.04122609,233418.17906263017,1.696016703659331e-16,7060.324304346271
QSO,2.597494,0.00042614,20.62073,0.02440646,0.04695921,20.34202,0.02699643,0.03248616,256786.68380894884,1.6053366662966906e-16,7256.992096721734
QSO,1.860185,0.0008900389999999998,20.97749,0.02878997,0.07566614,21.01173,0.03705363,0.05234548,234482.87989537348,1.1557452712827313e-16,8552.806569217666
QSO,3.181426,0.000411132,21.65564,0.06484701,0.03338195,21.58478,0.08649769,0.02309348,267354.9755324717,6.188738398469414e-17,11687.958209738908
QSO,2.379425,0.0004617030000000001,20.79879,0.02879768,0.06646168,20.72504,0.03214367,0.04597788,251518.6950693153,1.3625176135588392e-16,7877.141557658029
QSO,2.230421,0.000406318,21.66024,0.06709319,0.08013231,22.00409,0.1199197,0.05543517,247361.11413463255,6.162573686289153e-17,11712.743970152384
QSO,2.550539,0.00073672,21.99141,0.07454471,0.2345073,22.01266,0.106554,0.16223110000000002,255725.8331419922,4.5424915196944853e-17,13642.458775351264
QSO,0.5527316999999999,0.000193037,18.69821,0.008300875,0.04493718,18.78359,0.01024092,0.03108733,124011.40205682626,9.431355717142046e-16,2994.005888142547
QSO,0.1888104,3.26e-05,18.56705,0.01441514,0.1225242,17.31268,0.007733429,0.08476169,51339.166627095365,1.0642364397423637e-15,2818.5169447152884
QSO,1.45201,0.00161203,20.85216,0.02916209,0.02898314,20.65914,0.03787388,0.020050400000000003,214288.360791647,1.2971617238742653e-16,8073.143090680343
QSO,3.010263,0.000560694,19.89997,0.01575279,0.03252567,19.58794,0.01547957,0.02250111,264692.49496558326,3.117957026563159e-16,5207.20469501278
QSO,2.04135,0.000481887,20.21693,0.0204819,0.06915725,20.11863,0.02373368,0.04784267,241295.2832832737,2.328552988642455e-16,6025.549383055611
QSO,2.3293630000000003,0.0008116719999999999,20.38056,0.02381932,0.03867262,20.27459,0.02724891,0.02675354,250177.07652159352,2.0027840552876823e-16,6497.146359465466
QSO,2.159168,0.000334012,19.8673,0.016481799999999998,0.1550447,19.73364,0.01808574,0.1072592,245187.15596968328,3.2132027146603874e-16,5129.44821986207
QSO,2.339411,0.000430325,20.17853,0.02207527,0.01815808,20.05248,0.02898704,0.01256167,250450.67025336283,2.412382254865416e-16,5919.931072179255
QSO,1.890637,0.000651604,21.50674,0.05285607,0.02769746,21.33685,0.06435341,0.01916097,235705.36202366828,7.09842707814305e-17,10913.364235718169
QSO,0.5980479999999999,8.8e-05,20.56443,0.02589281,0.08126330000000001,19.78278,0.01898683,0.05621757,131073.87460386727,1.6907761972567095e-16,7071.257463122989
QSO,0.552329,9.88e-05,21.47899,0.1766792,0.09987999,19.88717,0.06281,0.06909652,123946.93996447706,7.282191999694452e-17,10774.785920465481
QSO,2.642445,0.00015802,20.71444,0.02889532,0.1453896,20.664620000000006,0.03346547,0.1005799,257767.65449097974,1.4725909434487184e-16,7577.02377744543
QSO,0.9505115,0.5384968000000001,21.73068,0.06559098,0.1157901,20.85498,0.04680675,0.08010304,174995.80360267652,5.775453947372914e-17,12098.921253599816
QSO,3.066685,0.001697989,21.955070000000006,0.08533172,0.1442759,21.27092,0.06940997,0.09980938,265604.55655719177,4.6971034491478537e-17,13416.049442287807
QSO,2.032542,0.000414789,22.07829,0.08249054,0.06821138,21.89392,0.11428599999999997,0.04718832,240988.35550917248,4.193166671143727e-17,14199.356076709799
QSO,0.8524492,0.000463064,19.26079,0.01054731,0.07413244,19.23426,0.01393488,0.05128448,164493.86599371833,5.61748763582265e-16,3879.436522644518
QSO,2.42335,0.000415086,19.46334,0.01143477,0.03480837,19.42539,0.01347802,0.02408027,252652.77837773846,4.661461752900348e-16,4258.715713326968
QSO,1.192691,0.000249733,18.19943,0.006238641999999999,0.07765444,18.04335,0.006711299,0.05372098,196556.25320190552,1.4930904759035487e-15,2379.559946373654
QSO,1.732747,0.000416676,18.96721,0.009168398,0.06580791,18.98163,0.01109387,0.04552561,228985.70787246645,7.36163236376782e-16,3388.852371669182
QSO,2.916672,0.000396471,21.74976,0.07774216,0.05754075,21.80525,0.1167829,0.03980643,263098.8722986663,5.674846584844998e-17,12205.698840510733
QSO,2.413564,0.000464126,20.92484,0.03208876,0.02756882,20.57767,0.03507253,0.01907198,252403.5035739206,1.213171293156347e-16,8347.927143571098
QSO,1.4273,0.000682749,18.64618,0.008086058,0.1966044,18.65721,0.009221483,0.13601010000000002,212792.5166538876,9.894323943379599e-16,2923.1200384884896
QSO,0.8429673000000001,5.12e-05,21.45127,0.04447949,0.1383897,20.86928,0.035695300000000006,0.09573735,163415.55967089566,7.470507828704684e-17,10638.114247909089
QSO,1.582659,0.000592655,19.91361,0.01601308,0.3307884,19.70075,0.0163911,0.2288379,221621.01753876655,3.079031452018071e-16,5240.016446892514
QSO,0.6104754,0.000130708,21.65425,0.06402619,0.1237953,21.16138,0.0471511,0.085641,132945.91374899383,6.19666652613903e-17,11680.478923710732
QSO,1.971608,0.001301449,21.41983,0.03888352,0.04846109,21.23779,0.04547825,0.03352516,238799.8619759223,7.689996200138295e-17,10485.19834083313
QSO,2.052096,0.000331015,21.54765,0.04342036,0.06882423,21.339270000000006,0.05653504,0.04761229,241666.6160319772,6.835938158400456e-17,11120.918297454442
QSO,1.442422,0.000493332,19.31492,0.01103353,0.0652105,19.14745,0.0114932,0.04511232,213712.2982769891,5.344291338219605e-16,3977.3576953647544
QSO,0.397861,7.28e-05,20.55959,0.02731859,0.03996392,20.35414,0.03516358,0.02764686,96819.60924329855,1.6983301719659238e-16,7055.513872585404
QSO,2.027348,0.0007613030000000001,21.96918,0.06910034,0.04702745,22.34664,0.1431736,0.03253337,240806.27060596197,4.6364558134128417e-17,13503.50936964113
QSO,2.849243,0.000192156,21.05514,0.03450022,0.1092554,20.8491,0.03880365,0.07558239,261884.04538360424,1.0759748624363849e-16,8864.181707517091
QSO,2.66045,0.000752457,21.21847,0.04229958,0.2088991,20.98063,0.04891435,0.1445154,258151.4189335488,9.256997047315691e-17,9556.62731917618
QSO,2.469337,0.00053019,21.52762,0.06062288,0.1876907,20.82234,0.04873593,0.1298436,253798.96660330408,6.963220135641691e-17,11018.808874138474
QSO,2.3318830000000004,0.000411459,20.28526,0.02044102,0.07514068,20.01217,0.02068243,0.05198197,250245.89976585613,2.1865233784138566e-16,6218.170844220409
QSO,1.244728,0.000591395,19.05478,0.01053806,0.1453273,18.76351,0.01047569,0.1005367,200503.7683099457,6.79119381746914e-16,3528.3093056275807
QSO,2.014977,0.000764971,20.88013,0.04030999,0.12578430000000002,20.99196,0.0541602,0.08701699,240369.2878161797,1.264171878452577e-16,8177.803108201405
QSO,1.222402,0.0008476789999999999,21.87292,0.06788616,0.05687401,21.32178,0.06509224,0.03934518,198836.44124677638,5.066290927931416e-17,12917.981257914253
QSO,1.5791620000000002,0.000451972,19.3986,0.01174914,0.134826,19.22964,0.0129606,0.09327202,221436.61479567917,4.947868230912596e-16,4133.620954546993
QSO,3.252816,0.00030391,21.8799,0.0708935,0.1540493,21.47996,0.06697154,0.10657060000000003,268378.281624164,5.0338251378879444e-17,12959.571739009543
QSO,1.04549,0.000565216,21.8858,0.07155037,0.1999892,21.38471,0.06273653,0.13835160000000002,184132.44208110205,5.0065450131856663e-17,12994.831428197806
QSO,2.816301,0.000238885,20.19704,0.0187258,0.3904343,19.98639,0.01930322,0.2701007,261269.0058357675,2.3716037326331623e-16,5970.609258989182
QSO,1.179919,0.000311208,20.36786,0.01962784,0.05014021,20.10544,0.02134996,0.03468677,195553.9265703618,2.0263484344471408e-16,6459.25827277499
QSO,1.831829,0.000442277,20.3091,0.02264389,0.03593715,20.23734,0.02707292,0.02486115,233314.14202578753,2.1390361546019675e-16,6286.814557187632
QSO,0.3278746,2.26e-05,17.53481,0.00491938,0.09060044,17.3707,0.005362185,0.06267697,82807.12944035935,2.7538109672077983e-15,1752.1555156322365
QSO,1.7442939999999998,0.000344044,18.86165,0.008947871,0.1010072,18.518320000000006,0.008542085999999999,0.06987634,229510.6147509736,8.11331102802622e-16,3228.0529517556615
QSO,1.623641,0.000514754,21.03158,0.03310357,0.03311304,20.80428,0.03420959,0.02290745,223736.70648383905,1.0995782105710411e-16,8768.527131566907
QSO,0.7226608,0.000401809,20.14055,0.01642328,0.04880713,19.70217,0.01568833,0.03376454,148670.63981416207,2.498262822899459e-16,5817.289137216007
QSO,2.737268,0.00032690400000000004,19.41605,0.01109779,0.02471734,19.22067,0.01162356,0.01709934,259732.45789839022,4.868981508782618e-16,4166.972651375496
QSO,0.8219098,0.000168632,21.37241,0.03778167,0.03560126,21.18741,0.04545002,0.02462879,160978.93800179652,8.033302578599624e-17,10258.707568032027
QSO,1.329619,0.000461366,19.28577,0.01034401,0.06930654,19.06991,0.01112012,0.04794595,206502.69852414497,5.48971912941702e-16,3924.3221359036097
QSO,2.898131,0.000814909,22.057,0.07701845,0.0779365,21.57435,0.08429576,0.05391611,262770.58885197627,4.2762011423964937e-17,14060.82004754264
QSO,0.2144728,1.46e-05,17.738129999999995,0.005407505,0.0912426,17.198929999999994,0.004950688,0.06312121,57530.462608229,2.2835268644089405e-15,1924.1399206438568
QSO,2.494749,0.000219945,19.19842,0.01061806,0.04861701,19.16213,0.01251365,0.03363302,254414.97839058773,5.949632285933134e-16,3769.5946301378135
QSO,2.324983,0.000511314,20.12506,0.01842595,0.07376678,20.16903,0.02791577,0.05103152,250057.12378338663,2.5341605462414333e-16,5775.939693330833
QSO,0.8579543,0.000138425,20.1945,0.02031026,0.04807317,20.10301,0.0245387,0.03325679,165114.62787751315,2.3771584200027797e-16,5963.629441352569
QSO,2.306014,0.00043739,20.20823,0.02032334,0.15979849999999998,19.95479,0.02069919,0.1105479,249532.7297444502,2.347286630777439e-16,6001.456327749303
QSO,0.161183,2.7e-05,18.25583,0.006932805,0.04626504,17.947689999999994,0.006672848,0.03200594,44470.23276429852,1.4175099799050121e-15,2442.1742631048273
QSO,0.7187294,0.000244633,20.53635,0.02630848,0.17499389999999998,20.46392,0.030475,0.12106,148153.5472667816,1.7350744923973498e-16,6980.405469059124
QSO,2.012628,0.001037194,19.78121,0.01380882,0.08493292,19.611320000000006,0.01590621,0.0587562,240285.78548768026,3.478356772386975e-16,4930.065055382538
QSO,1.101417,0.000442321,21.04915,0.03242186,0.06557013,20.8054,0.03602489,0.04536111,189085.28036316304,1.0819274141680018e-16,8839.76358353273
QSO,1.2545,0.000622267,21.24561,0.03816289,0.137061,21.07573,0.04509946,0.09481815,201221.43010362337,9.028469291179884e-17,9676.819718422126
QSO,1.654663,0.001330221,21.2641,0.03676912,0.02985016,21.19847,0.04727513,0.0206502,225284.2737542507,8.876016996931456e-17,9759.56925259347
QSO,0.9420187,0.000413986,21.95154,0.06141862,0.04973794,21.76596,0.07087302,0.03440848,174131.16092110984,4.712399760039878e-17,13394.257693303985
QSO,1.58047,0.000714902,20.0535,0.01868196,0.04200442,19.81978,0.02254763,0.02905846,221505.66034512644,2.7068121997413184e-16,5588.698104302824
QSO,2.995113,0.000600285,21.74892,0.0704376,0.1244004,21.57658,0.07702096,0.08605964,264441.50785480585,5.679238734222726e-17,12200.978170714572
QSO,1.473206,0.00044201,20.93644,0.0288111,0.02218415,20.70545,0.03369168,0.01534689,215542.61202094407,1.2002787717838527e-16,8392.641073314315
QSO,1.212496,0.000538361,20.46489,0.01976501,0.01665193,20.06097,0.02333593,0.01151973,198084.09085765813,1.8531139492382818e-16,6754.429143191312
QSO,1.278131,0.0006114,20.90062,0.03237366,0.1325553,20.56356,0.03302236,0.09170116,202927.11758010992,1.240538151788028e-16,8255.334022244138
QSO,2.579457,0.0006275219999999999,21.42602,0.0486262,0.1335495,20.75372,0.03766271,0.09238889,256383.63431956497,7.646278727950229e-17,10515.130092304153
QSO,2.798613,0.0014035520000000002,21.96578,0.07762857,0.21667960000000006,21.78016,0.08573449,0.1498979,260932.71256013875,4.6509977049049464e-17,13482.382687614792
QSO,1.873076,0.000374792,20.2968,0.02033403,0.06712188,20.24442,0.02463689,0.04643461,235004.4457559531,2.163406475007737e-16,6251.304446460884
QSO,2.290724,0.000969714,21.26508,0.03960366,0.06808592,21.23455,0.04868565,0.04710152,249104.16760411093,8.868009000044116e-17,9763.97480542669
QSO,1.110557,0.000239776,19.14586,0.01008736,0.05913498,18.87965,0.01005197,0.04090931,189866.65016681943,6.24473660632935e-16,3679.4478347524114
QSO,0.7865273,0.00017566400000000002,21.85923,0.08248046,0.04758711,21.54342,0.08863974,0.03292054,156750.77888391187,5.13057599928741e-17,12836.796312718776
QSO,0.4697604,8.690000000000001e-05,20.60904,0.02572409,0.05073178,20.38517,0.02875529,0.03509601,110062.1420469434,1.6227145310989142e-16,7218.029457234522
QSO,2.278291,0.000375841,20.18215,0.02040911,0.0392557,20.14653,0.02515102,0.02715691,248751.7563506079,2.404352420686417e-16,5929.8082518824485
QSO,0.20960370000000006,3.07e-05,22.01257,0.07543086,0.04024569,20.69778,0.03907083,0.02784178,56369.572762415046,4.454819635206191e-17,13776.048088253045
QSO,2.444302,0.000305777,20.669,0.02657881,0.09278534,20.56211,0.03236793,0.06418847,253180.09422215546,1.5355293615642743e-16,7420.1152375613065
QSO,0.5899121,5.97e-05,21.48945,0.0523408,0.01867,20.35122,0.03241873,0.01291582,129833.43700504706,7.212372108241886e-17,10826.813358290023
QSO,2.851978,0.000610462,22.01051,0.09045675,0.15589779999999998,21.39376,0.07533868,0.1078494,261934.46034715508,4.463279922104764e-17,13762.985429813582
QSO,0.32722140000000005,3.59e-05,18.04772,0.006199276,0.12596300000000002,17.910510000000006,0.006436172,0.08714063,82670.85666235925,1.7169993280662607e-15,2218.9864491946073
QSO,1.079124,0.001966537,21.954320000000006,0.07252829,0.05331519,21.41197,0.06156914,0.0368832,187146.89476512914,4.7003492141809854e-17,13411.416503096223
QSO,0.7414086999999999,0.000239456,20.93295,0.02980309,0.07428169,20.84678,0.03765674,0.05138772,151104.4772127911,1.2041431659620354e-16,8379.163217432217
QSO,1.02549,0.000138933,20.39951,0.02331524,0.03631564,20.1641,0.02532264,0.02512299,182286.9173963305,1.9681315584990756e-16,6554.093762905855
QSO,1.945464,0.000386823,19.6397,0.01299459,0.08217266,19.53072,0.01588552,0.05684667,237824.71292645618,3.9625807479595285e-16,4619.028587241626
QSO,2.359619,0.000114962,20.48467,0.02602265,0.1160109,20.48391,0.03607048,0.08025581,250994.29957194722,1.8196594835236546e-16,6816.236493142818
QSO,0.5148024999999999,7.46e-05,17.77947,0.005494336999999999,0.1074376,17.87333,0.006370478000000001,0.07432482,117803.72718266844,2.1982147882185357e-15,1961.1221736375678
QSO,1.375196,0.000450904,19.15478,0.009825636,0.1500015,18.89501,0.01089212,0.1037704,209514.6808447838,6.193642373698658e-16,3694.593400276297
QSO,0.7234408,0.000166256,21.17639,0.04452839,0.1275117,21.04155,0.04950848,0.08821197,148772.95313796826,9.622814749682417e-17,9373.216537826824
QSO,1.10881,0.000393523,19.64064,0.01489916,0.15323720000000002,19.39041,0.01443015,0.1060088,189717.89359895847,3.9591515411899547e-16,4621.028532882013
QSO,2.348949,0.000287367,20.09918,0.01800955,0.1446991,20.22092,0.02743276,0.1001021,250708.3510384424,2.595291385554039e-16,5707.509592988795
QSO,3.157292,0.000267581,22.11514,0.08130165,0.230875,21.80984,0.08820366,0.1597182,266997.92765722994,4.0532381829097545e-17,14442.376088655188
QSO,2.751855,0.000259076,20.19097,0.02079683,0.17731129999999998,19.93125,0.02053559,0.1226631,260022.7329973588,2.3848997343309856e-16,5953.942691435799
QSO,1.948122,0.00046821,19.21537,0.01093322,0.1877265,19.19115,0.01300052,0.1298683,237924.87717348177,5.857470704571793e-16,3799.134334164217
QSO,0.9701449,0.000597295,21.07243,0.03654269,0.06279499,20.85385,0.04041401,0.04344128,176963.71949740764,1.0589760184713317e-16,8935.043066171685
QSO,1.706277,0.000504499,21.25825,0.04063105,0.04481901,21.11878,0.05365325,0.03100559,227761.03277368526,8.923970484340755e-17,9733.312117907128
QSO,1.214946,0.0005009,19.30828,0.01150517,0.036025199999999986,18.8127,0.01017743,0.02492207,198270.89360098055,5.377075385047993e-16,3965.2141756270375
QSO,0.5789973,0.000141907,18.46635,0.007225277,0.01963935,18.65431,0.009203951,0.01358641,128150.59890117904,1.1676646302977864e-15,2690.795236054073
QSO,3.672533,0.000492523,22.15164,0.08807648,0.1563442,20.79053,0.03561131,0.10815819999999997,273532.38053799205,3.9192424031647037e-17,14687.18786865407
QSO,3.010971,0.000552497,21.01702,0.03143621,0.03956816,20.79423,0.03529036,0.02737307,264704.16017943097,1.1144231501544557e-16,8709.929707758773
QSO,2.688759,0.000258969,19.85593,0.01641309,0.1615551,19.74989,0.01855307,0.1117631,258744.51815121764,3.247028684273316e-16,5102.660219552695
QSO,2.57641,0.0004464580000000001,21.24466,0.04823791,0.1048547,21.14772,0.05551799,0.072538,256315.0023988333,9.03637249940445e-17,9672.587121193616
QSO,1.880054,0.000740126,21.94519,0.08593734,0.04219078,22.03079,0.1183118,0.02918738,235284.27552594923,4.7400412945766085e-17,13355.146306576173
QSO,0.1077765,3.4899999999999995e-05,18.0704,0.00758116,0.04047018,17.09131,0.005520147,0.02799708,30578.502141594545,1.681504853508308e-15,2242.284165828238
QSO,0.886482,0.00016533299999999998,20.28185,0.01900127,0.05132019,20.18066,0.02372653,0.03550307,168270.34023736368,2.193401444791536e-16,6208.4137217085
QSO,2.264611,0.00047222,20.31688,0.0238589,0.1206225,20.30857,0.0267256,0.08344609,248359.8693719225,2.1237633663219242e-16,6309.379496183677
QSO,2.084941,0.000879997,21.59579,0.05925,0.04056629,21.30998,0.06565911,0.02806357,242780.68257462396,6.539463576752787e-17,11370.21429959618
QSO,1.361167,0.000320587,19.22631,0.01041985,0.09368361,19.02135,0.01103696,0.06480988,208602.3558870646,5.798746524131906e-16,3818.3228822930923
QSO,1.209048,0.000458162,18.81604,0.008794406999999999,0.1092505,18.60719,0.008900377,0.075579,197820.37972598322,8.461398033124816e-16,3160.957452312819
QSO,2.059804,0.000374385,19.555,0.01272454,0.03877014,19.5674,0.01636922,0.02682101,241930.8732316424,4.2840854554919013e-16,4442.328291637796
QSO,2.688362,0.000288808,20.46854,0.02396423,0.1213057,20.00722,0.02032115,0.08391875,258736.28631860172,1.8468946582911016e-16,6765.792123394913
QSO,1.605011,0.0007882389999999999,21.37534,0.04481712,0.274037,21.133470000000006,0.04654998,0.1895775,222785.1914289018,8.011652894818017e-17,10272.55913760687
QSO,0.7350217,0.000479454,21.47703,0.04552162,0.03264813,21.28299,0.06164884,0.02258583,150281.231601541,7.295349880126142e-17,10765.064842628086
QSO,0.8601768,0.000306737,19.54444,0.01310333,0.14899579999999998,19.35173,0.01366229,0.10307460000000003,165364.14630497826,4.325956272503865e-16,4420.777427916274
QSO,2.289129,0.000522287,21.91328,0.07677443,0.06464344,22.12839,0.12305910000000002,0.04472003,249059.15574453384,4.8814194268623236e-17,13160.326078996593
QSO,2.638278,0.000133194,20.35536,0.02211788,0.1651275,20.31358,0.02615774,0.1142345,257678.10086447909,2.049812443458434e-16,6422.182607970514
QSO,0.5981482,0.000108905,20.60203,0.02864724,0.1254995,20.29568,0.02944382,0.08681996,131089.0778791136,1.6332253989890451e-16,7194.7656098022035
QSO,2.434737,0.00090206,21.57234,0.06107556,0.06551141,21.46867,0.07501777,0.04532049,252940.4364549189,6.682240853286059e-17,11248.08656764143
QSO,2.085329,0.000466142,20.07058,0.01699658,0.02578771,19.96905,0.02181859,0.01783982,242793.65781687782,2.6645638110822213e-16,5632.830074921171
QSO,1.225977,0.000386483,21.38972,0.04688153,0.07357292,20.948970000000006,0.04373382,0.0508974,199106.04764479856,7.906242396716374e-17,10340.812179870582
QSO,1.646966,0.00037068,20.57187,0.02982606,0.0317055,20.54798,0.03910019,0.02193372,224904.52536313052,1.6792297708862379e-16,7095.526887868984
QSO,0.8478019,0.000234975,21.19065,0.04017649,0.03442483,21.13739,0.05613526,0.02381494,163966.8105936767,9.49725557503398e-17,9434.972748540911
QSO,1.634902,0.0010871989999999998,22.37285,0.09012251,0.04709957,21.98931,0.09361149,0.03258326,224303.7362049779,3.196819570182178e-17,16262.250633196938
QSO,2.257371,0.000466655,20.11395,0.01780692,0.03682629,20.16552,0.02263994,0.02547625,248150.69575769588,2.5602249478595764e-16,5746.46346804903
QSO,1.52096,0.000576081,20.15704,0.0164829,0.06381038,20.00425,0.01964685,0.04414373,218274.3877124419,2.4606062636669805e-16,5861.6333585886905
QSO,1.470557,0.000316484,20.60463,0.02701298,0.07257343,20.27199,0.02700344,0.05020596,215387.29214115,1.6293190120702307e-16,7203.385380409954
QSO,2.332219,0.000107624,18.5995,0.007446345,0.07772899999999999,18.73231,0.009240763,0.05377256,250255.06570241734,1.0328996379667506e-15,2860.9525182913544
QSO,0.8969222,0.000112815,17.88287,0.005384861,0.09601825,17.83566,0.005894846,0.06642497,169400.11467705385,1.9985274844329887e-15,2056.764890166453
QSO,0.7054352,3.620000000000001e-05,19.80735,0.01487693,0.1522455,19.64886,0.01657693,0.1053227,146387.4429325467,3.3956125121702336e-16,4989.771407788372
QSO,2.505044,0.000442046,20.62999,0.02771181,0.1522944,20.57924,0.03725204,0.1053566,254661.1168394257,1.5917033312399913e-16,7288.004801876232
QSO,0.8635113000000001,0.000445096,20.29515,0.02305944,0.09661859,20.15295,0.02551814,0.0668403,165737.3341435873,2.1666967166243587e-16,6246.556177740691
QSO,0.9556686,0.00015118100000000002,18.48533,0.008002318000000001,0.1194002,18.37065,0.008631994,0.08260053,175516.8733688379,1.147429801084173e-15,2714.4175221485702
QSO,2.291002,0.000184545,19.94579,0.01676198,0.16086889999999998,19.85466,0.0183691,0.1112883,249112.00698941655,2.9891115673503477e-16,5318.2487918873385
QSO,3.288381,0.000869332,21.27692,0.04514711,0.08640233,20.93887,0.04754562,0.05977273,268870.4171098377,8.771828360722256e-17,9817.35849357652
QSO,2.257225,0.000214344,19.94586,0.017402599999999997,0.0922637,19.93359,0.02185803,0.0638276,248146.46491057987,2.9889188584179985e-16,5318.420234736105
QSO,1.940955,0.000443106,21.42984,0.04964043,0.04225366,21.64553,0.08092843,0.02923089,237654.2597659332,7.619423713392028e-17,10533.64432651488
QSO,0.3541633,7.04e-05,19.27888,0.01579838,0.09032999,18.63483,0.01282455,0.06248987,88205.98358322422,5.524667244395606e-16,3911.8901434291506
QSO,1.826187,0.000849395,20.63304,0.02769814,0.04547074,20.45505,0.03161911,0.03145644,233078.01460090035,1.587238266220647e-16,7298.24855750425
QSO,1.2874450000000002,0.000380154,20.38601,0.02162311,0.03045071,20.0109,0.01969065,0.02106566,203588.03101143913,1.9927559989893468e-16,6513.473493226114
QSO,2.076407,0.001534103,20.37189,0.02087938,0.04596904,20.492,0.02931789,0.03180116,242494.20964453125,2.0188410423184405e-16,6471.2570348832605
QSO,1.773626,0.00035875800000000004,20.04651,0.01723395,0.1183027,20.12764,0.02305911,0.08184128,230819.1652278522,2.724294949086032e-16,5570.736931229769
QSO,1.19442,0.000484549,20.7018,0.02800752,0.03351299,20.51693,0.03681219,0.02318414,196690.9074764836,1.4898348369401572e-16,7533.046532191381
QSO,2.284507,0.000256683,20.42927,0.02192084,0.06039733,20.39939,0.02667433,0.04178259,248928.3914710628,1.9149177518403036e-16,6644.535867567661
QSO,2.676949,0.001030488,21.90426,0.0497391,0.07141043,21.790370000000006,0.07130967,0.0494014,258498.6000358175,4.922141848072525e-17,13105.773261665872
QSO,0.9455712,0.000275622,20.52285,0.02161853,0.06607153,20.36395,0.02783181,0.04570798,174493.8309639362,1.756783020163092e-16,6937.143049740002
QSO,0.3994947,6.59e-05,20.43037,0.02893988,0.02736235,20.01236,0.03067568,0.01892915,97133.13544212497,1.9129786594190637e-16,6647.902634277501
QSO,1.204266,0.00100805,21.48617,0.05714401,0.03635989,21.15949,0.05943321,0.02515361,197453.05696284526,7.234193568728861e-17,10810.471846956903
QSO,2.370576,0.000179869,20.92683,0.03065463,0.03449153,21.26616,0.05581734,0.02386108,251285.4227440719,1.2109497592686833e-16,8355.580931525634
QSO,2.70819,0.000366001,20.65919,0.0268233,0.1083691,20.48527,0.02805643,0.07496925,259144.48804590438,1.5494662649653996e-16,7386.6691970724405
QSO,1.610948,0.000530167,20.30053,0.02235798,0.05115995,20.24056,0.02717447,0.03539221,223090.25480076295,2.155986937227267e-16,6262.051717946382
QSO,0.9565957,0.000157667,19.58019,0.01396309,0.05866794,19.2239,0.01366737,0.0405862,175610.2308935548,4.1858351943945674e-16,4494.161242865247
QSO,1.445124,0.000801933,19.58929,0.01527052,0.1062938,19.45187,0.01612917,0.07353356,213875.19374735202,4.1508986079740307e-16,4513.034464699235
QSO,0.2615852,2.04e-05,18.04384,0.008273336,0.1049618,17.242829999999998,0.00603398,0.07261206,68435.16524650493,1.7231461942955023e-15,2215.0250909652223
QSO,2.618842,0.000307503,20.62353,0.02750548,0.2035676,20.55845,0.039897900000000014,0.14082709999999998,257256.6907620651,1.6012020048274485e-16,7266.355643746479
QSO,2.111697,0.001103936,19.0447,0.009738844,0.07287306,18.98362,0.01106734,0.05041325,243665.5180883419,6.854537002531254e-16,3511.9688088176813
QSO,1.600924,0.000365265,19.46828,0.01166458,0.05751659,19.32977,0.01302622,0.03978971,222574.180719818,4.640300707022239e-16,4268.415124654409
QSO,3.097951,0.000278173,19.66155,0.01457101,0.1380516,19.12333,0.01235552,0.09550348,266095.0435281744,3.8836324856852203e-16,4665.741248268954
QSO,3.008136,0.000518962,21.23462,0.0390793,0.2117045,20.95462,0.04234139,0.1464562,264657.4156109085,9.120321023542273e-17,9627.968264877616
QSO,2.400897,0.000363365,20.70013,0.02811243,0.11210639999999998,20.69817,0.04134981,0.0775547,252077.9804218896,1.4921281551481842e-16,7527.255368825742
QSO,0.9544301,0.000452569,21.29835,0.04163876,0.1167265,21.07822,0.04575992,0.08075088,175392.00834699316,8.600389597136161e-17,9914.724479965585
QSO,1.1642549999999998,0.000317354,20.30095,0.02011481,0.03237592,19.97783,0.02232658,0.02239751,194306.01410206477,2.155153088829998e-16,6263.263023268965
QSO,0.8526507999999999,0.000483113,20.69397,0.03380666,0.03337422,20.57648,0.0421336,0.02308813,164516.6669531835,1.5006179090234295e-16,7505.932423552822
QSO,0.8859572,0.000172749,20.30625,0.02143184,0.04804503,19.87289,0.02389118,0.03323733,168213.198741245,2.1446583869544888e-16,6278.568692086397
QSO,2.305736,0.000116049,19.5326,0.01220334,0.02775755,19.1577,0.01261345,0.01920255,249524.98481060858,4.37338917051069e-16,4396.738639504309
QSO,1.753952,0.001025553,21.46759,0.06578542,0.06770085,21.43892,0.07950427,0.04683513,229945.377245573,7.359056295285921e-17,10718.367660902712
QSO,2.290926,0.000697585,21.72054,0.05873846,0.03010326,21.59283,0.0741388,0.0208253,249109.86402319127,5.829645218561026e-17,12042.55532267945
QSO,1.921748,0.000561299,21.03678,0.029881,0.06185346,20.0209,0.01840211,0.04278994,236920.5538831865,1.0943245070128527e-16,8789.550184406902
QSO,4.383879,0.000563066,22.51344,0.1402219,0.0237323,20.53081,0.03535776,0.0164179,279797.0649841777,2.8085497754223635e-17,17349.966880943633
QSO,1.546315,0.0006203469999999999,20.40108,0.01997652,0.05426633,20.28892,0.02243464,0.0375412,219673.8926805323,1.9652876508097542e-16,6558.834162981093
QSO,2.72839,0.00062262,21.63619,0.05419144,0.09073074,21.45846,0.06142869999999999,0.06276709999999999,259554.26847967587,6.3006031385894e-17,11583.735972401722
QSO,2.433765,0.000821589,21.74301,0.05172015,0.09334138,21.7503,0.07276634,0.06457313,252915.98183671586,5.710236887562479e-17,12167.816458245863
QSO,1.851836,0.000152686,18.58197,0.007372966,0.2088707,18.51498,0.008093475,0.14449579999999998,234141.85257574669,1.0497119111615885e-15,2837.949414983003
QSO,2.57962,0.000441433,21.1419,0.04022385,0.1883735,21.08607,0.05301514,0.13031589999999998,256387.30133961546,9.933404600311459e-17,9225.515654052973
QSO,1.58614,0.000438749,21.2543,0.03914982,0.06416593,20.90026,0.04031314,0.04438969,221803.9629931133,8.956495771560969e-17,9715.622905780074
QSO,0.7475086,5.870000000000001e-05,18.13268,0.00608642,0.035787,17.98677,0.006544197,0.02475728,151885.07695386317,1.5877646376494997e-15,2307.5262496230307
QSO,0.7688248000000001,7.85e-05,20.89094,0.03720014,0.1058828,20.86986,0.04771771,0.07324921,154570.24840565733,1.2516477563523833e-16,8218.61525845514
QSO,0.8325497,0.000203748,20.10927,0.01878928,0.1695694,19.97772,0.02213003,0.1173073,162217.39657348656,2.5712844606320517e-16,5734.0919135790855
QSO,3.4960949999999995,0.000545402,21.82569,0.06283665,0.05657939,20.76985,0.03967944,0.03914136,271529.97470587963,5.291540509225416e-17,12640.045873824381
QSO,0.8214999,0.00018999,18.32514,0.006410326,0.05904487,18.31216,0.007533884,0.04084697,160930.92609558257,1.3298483696790563e-15,2521.382011638366
QSO,2.248214,0.000481358,21.230220000000006,0.04663059,0.08197058,21.25104,0.06170004,0.05670687,247884.36273498836,9.15735657186535e-17,9608.47910648368
QSO,0.7327334,0.000359471,21.43563,0.05406476,0.07626954,21.41649,0.07353216,0.05276292,149984.8041039936,7.578899099698137e-17,10561.768646264767
QSO,1.803737,0.0007971660000000001,19.6413,0.01477913,0.12500930000000002,19.60416,0.0182461,0.08648084,232126.40483209543,3.956745573740354e-16,4622.433267456248
QSO,0.8806789,0.000249718,20.58419,0.02663831,0.05474335,20.46238,0.03346322,0.0378712,167636.60373105665,1.6602830157248382e-16,7135.8982706388015
QSO,0.8920242,0.000237867,19.47403,0.01299459,0.09025676,19.26616,0.01480074,0.06243921,168871.73387132134,4.615790885010776e-16,4279.732749815746
QSO,2.395152,0.000541351,20.54461,0.02915533,0.1046152,20.35649,0.03410144,0.0723723,251929.2678616368,1.7219245787813177e-16,7007.008593358006
QSO,1.985233,0.000229346,20.82282,0.03660663,0.03660949,20.77948,0.04059595,0.02532627,239299.30409745214,1.3326930264481773e-16,7964.795876919291
QSO,0.9925108,0.000274405,22.04968,0.07746217,0.05396444,21.31997,0.05843174,0.03733235,179154.03988356725,4.305128562903345e-17,14013.501040664873
QSO,1.832085,0.001464121,21.74571,0.08286629,0.04065538,22.00727,0.1570975,0.02812521,233324.82755714504,5.696054358529006e-17,12182.95528177851
QSO,1.635489,0.0005684780000000001,20.3135,0.01896588,0.155363,20.1835,0.0209179,0.1074794,224333.12794215186,2.1303851453017368e-16,6299.5662865030345
QSO,0.4222689000000001,2.2e-05,21.11178,0.04496508,0.09337877,20.48581,0.03629914,0.064599,101441.51459258173,1.021283052637289e-16,9098.4340220238
QSO,1.948595,0.000480308,20.7967,0.02835769,0.1027796,20.64253,0.03145867,0.07110246,237942.67725643283,1.3651429330227178e-16,7869.5636093695575
QSO,1.851607,0.000977806,21.53104,0.05064113,0.02468826,21.25118,0.060212,0.01707922,234132.46266482433,6.941320943663196e-17,11036.176821148883
QSO,2.6597630000000003,0.000690976,21.777520000000006,0.0667497,0.13176500000000002,21.5915,0.08531280000000001,0.09115441,258136.8702203902,5.53159181331321e-17,12362.737562995779
QSO,2.824646,0.000500698,20.90253,0.02902275,0.07201801,20.67219,0.02974343,0.04982173,261426.1859607564,1.2383577464907153e-16,8262.59850530994
QSO,1.83107,0.000543271,20.18348,0.01940009,0.07721543,20.19431,0.0265884,0.05341728,233282.44657557533,2.4014089516384284e-16,5933.441298597626
QSO,1.205073,0.000566771,19.58637,0.01525017,0.1283998,19.31921,0.01486788,0.08882639999999999,197515.17509361895,4.162077140313431e-16,4506.969822009597
QSO,3.859228,0.000328635,20.71955,0.02793518,0.04757873,19.34508,0.01459637,0.03291474,275431.0668538262,1.465676501955163e-16,7594.875344058328
QSO,2.918164,0.000465079,20.91609,0.03014177,0.1236157,20.49268,0.02659017,0.08551677,263125.10347491445,1.2229878013525425e-16,8314.356653494378
QSO,2.337298,0.000645656,21.70345,0.05620121,0.1662009,21.74886,0.07656427,0.114977,250393.31865712462,5.922132571836524e-17,11948.149557194381
QSO,1.239075,0.000232124,19.37217,0.01187815,0.1173073,19.14149,0.01233753,0.08115262,200085.2628882321,5.06979180674313e-16,4083.613680838841
QSO,0.8758814,0.000214966,21.58574,0.05153428,0.1923294,21.36845,0.06116999,0.1330526,167109.54860498017,6.600276435194958e-17,11317.712307309126
QSO,2.096406,0.000824654,22.42203,0.1462592,0.1001041,21.9731,0.1538809,0.06925152,243162.2918186223,3.05524558508063e-17,16634.764239989876
QSO,1.621084,0.000587315,21.16219,0.03346137,0.1069789,21.22345,0.04920689,0.0740075,223607.10609909316,9.749495096853522e-17,9312.12184963013
QSO,0.6810626000000001,0.000194487,20.28922,0.01994182,0.04392499,20.2232,0.02469262,0.03038711,143078.03358089668,2.1785630088252707e-16,6229.520941415767
QSO,2.673911,0.000882721,20.64387,0.02523407,0.04575074,20.43599,0.02749904,0.03165015,258434.99161589931,1.5714845846687386e-16,7334.73875729469
QSO,0.540589,7.04e-05,21.41211,0.07225697,0.1210367,20.13243,0.03373178,0.08373266,122054.16883351753,7.744869871814447e-17,10447.98763881358
QSO,2.601914,0.000696004,21.22073,0.04961937,0.1287195,21.05104,0.05443044,0.08904756,256884.61742391274,9.237748306588039e-17,9566.578733154038
QSO,2.564597,0.000449478,20.31706,0.01931051,0.13600009999999998,19.93746,0.01833546,0.09408423,256047.4173096706,2.1234113050036368e-16,6309.902521655253
QSO,1.87079,0.000308531,19.85823,0.01643538,0.2093594,19.76634,0.02123668,0.14483379999999998,234912.3932199764,3.240157529637929e-16,5108.067765157755
QSO,1.469372,0.000398586,19.54626,0.01224536,0.03687344,19.36464,0.01368321,0.02550887,215317.6800876914,4.318710824501145e-16,4424.4842158033025
QSO,1.949157,0.000440786,19.46693,0.0131452,0.1283337,19.34212,0.01544443,0.08878065,237963.81701332505,4.646074026646418e-16,4265.762284332676
QSO,1.572909,0.000522229,18.42623,0.007408798,0.08160697,18.29367,0.008125466999999999,0.05645533,221105.33524895387,1.2116191397756857e-15,2641.536707337428
QSO,2.823828,0.000437891,21.29902,0.04008731,0.2044159,21.13267,0.05007087,0.141414,261410.82032609676,8.595083995788847e-17,9917.784104529057
QSO,2.157025,0.000200742,19.47937,0.01253539,0.05319538,19.53683,0.01515092,0.03680031,245119.76027068513,4.593144676588287e-16,4290.270252564853
QSO,0.07091714,2.1e-05,16.590970000000002,0.004347277,0.1021481,15.69081,0.0032398490000000004,0.07066556,20508.325494121997,6.568559302877934e-15,1134.5003915535315
QSO,0.9044704,0.000227775,19.36881,0.01236863,0.03173887,19.28176,0.01507588,0.0219568,170208.72263325108,5.085505463267455e-16,4077.299839631924
QSO,0.7937741,0.00017675200000000002,17.4579,0.004795065,0.14938959999999998,17.41287,0.005160282,0.103347,157630.73385059545,2.9559570889683898e-15,1691.1831780062162
QSO,2.126803,0.001546491,21.37358,0.05282064,0.01862132,21.3554,0.06059262,0.01288214,244156.3211829746,8.024650475458515e-17,10264.236499431954
QSO,2.108595,0.000729088,21.6838,0.06428619,0.02074858,21.46464,0.08440757,0.01435377,243563.956439715,6.030288987734227e-17,11840.516575615924
QSO,0.4737288,6.55e-05,20.27166,0.0223045,0.04459465,19.94232,0.02196762,0.03085037,110760.85426537931,2.2140841614868487e-16,6179.34794606349
QSO,2.155518,0.000779281,21.04264,0.03739814,0.13832879999999995,20.72806,0.04138242,0.09569523,245072.29403435887,1.088434064140774e-16,8813.301960048364
QSO,1.902735,0.000990368,20.80884,0.02565964,0.04757422,20.71929,0.03299404,0.03291162,236181.89627438548,1.3499638074308775e-16,7913.683008268808
QSO,2.483507,0.001286955,21.52613,0.04856475,0.03388604,21.49431,0.07177991,0.02344221,254143.95505272405,6.97278260612735e-17,11011.250687510086
QSO,2.569039,0.000493715,21.18244,0.04015679,0.03885695,21.15042,0.05784665,0.02688106,256148.31786751412,9.569343080448756e-17,9399.367932170471
QSO,0.3788798,0.000142785,19.35071,0.0119629,0.07275454,19.11534,0.01268929,0.05033125,93132.35661770219,5.170995087683592e-16,4043.455334633579
QSO,1.17856,0.00021682,20.07938,0.01745856,0.032352099999999995,19.78651,0.01715774,0.02238103,195446.47624629465,2.6430545413324123e-16,5655.703716089873
QSO,1.798434,0.000566212,20.94038,0.03565608,0.04415881,20.84539,0.04212263,0.03054886,231898.77588062946,1.1959310047490932e-16,8407.882815662098
QSO,2.322988,0.0004769,20.00898,0.01807852,0.05121173,19.91217,0.02218674,0.03542804,250002.3478930853,2.820110497726681e-16,5475.283992380445
QSO,1.7885830000000005,0.000906774,20.88183,0.03632808,0.02940155,20.33451,0.03590861,0.02033985,231472.9976990036,1.2621940402053765e-16,8184.20784470124
QSO,2.275131,0.000561634,21.58502,0.0540916,0.05773076,21.69813,0.07393795,0.03993788,248661.61914865798,6.604654823847958e-17,11313.960290002935
QSO,2.156278,0.000705357,20.4378,0.02179833,0.0532146,20.23864,0.02448604,0.03681361,245096.23934858947,1.8999322961691287e-16,6670.688333490355
QSO,0.766418,0.000185937,19.37131,0.01182061,0.3601941,19.38104,0.014415700000000004,0.2491806,154270.35248325145,5.073809125271911e-16,4081.9967077629526
QSO,1.313679,0.000502238,20.92135,0.04697358,0.1418817,20.31739,0.03970706,0.09815308,205415.86647361593,1.2170771958454734e-16,8334.521094393913
QSO,1.96344,0.00053219,19.38175,0.01256614,0.09869333,19.18952,0.01370972,0.06827559,238497.59516619475,5.025255241205221e-16,4101.66937524868
QSO,2.444886,0.000391706,20.05213,0.01939359,0.1122411,19.8539,0.02185109,0.07764784,253194.66882148167,2.710229856166271e-16,5585.17326023971
QSO,2.587242,0.000257754,20.41835,0.02139989,0.185812,20.28,0.02577009,0.1285439,256558.26977016652,1.9342745835421395e-16,6611.205398129033
QSO,3.700646,0.000762432,21.09123,0.03887274,0.04845998,20.1044,0.02231448,0.03352439,273831.98754501995,1.0407972239820525e-16,9012.736003326581
QSO,1.507049,0.000529141,21.5305,0.0504689,0.04515443,21.28633,0.05433568,0.03123763,217491.7492922787,6.944774126466946e-17,11033.432694853494
QSO,1.499609,0.001147666,22.08805,0.08497013,0.06562209,21.7088,0.09084362,0.04539706,217068.785153995,4.1556419835604513e-17,14263.320798854887
QSO,1.7530720000000002,0.00062468,21.42856,0.04238239,0.02776485,21.52761,0.05703031,0.0192076,229905.9232756543,7.628411728629872e-17,10527.436975418044
QSO,2.939427,0.000436225,21.26526,0.03239983,0.08714498,21.14539,0.0445953,0.06028649,263495.96138448117,8.866538929042564e-17,9764.784204755088
QSO,1.443353,0.001046403,21.841,0.07929324,0.03443916,21.89183,0.11233419999999998,0.02382485,213768.47482611134,5.217447950330596e-17,12729.479620403921
QSO,2.406642,0.000324926,19.92662,0.01482735,0.0648496,19.90267,0.0186179,0.04486265,252226.02082830135,3.0423566565900324e-16,5271.505331729988
QSO,2.064367,0.00068647,20.8387,0.03368948,0.04316964,20.51439,0.03435459,0.02986456,242086.49062234463,1.3133428836496937e-16,8023.256010087984
QSO,2.379673,0.000270728,21.91292,0.07488009,0.09659266,22.10483,0.1224423,0.06682236,251525.2091543616,4.883038238463096e-17,13158.144460355972
QSO,1.88756,0.000880457,21.1429,0.0346944,0.08910519,21.17113,0.05327285,0.06164255,235583.34050227303,9.924259808547961e-17,9229.765139422108
QSO,0.8181803000000001,0.000203524,19.65446,0.01471736,0.0559651,19.61931,0.01768608,0.03871639,160541.2720964427,3.909076100487688e-16,4650.532139612904
QSO,2.512736,0.00038213,21.12616,0.04348865,0.1071894,21.01749,0.0613322,0.07415313,254843.75173562756,1.0078458809706414e-16,9158.885930211447
QSO,1.081932,0.000440691,20.88374,0.03126283,0.23000570000000006,20.51129,0.03020419,0.15911689999999998,187393.62697630134,1.2599755718998804e-16,8191.409738547645
QSO,1.6493369999999998,0.000453239,19.50092,0.01242838,0.0687951,19.5746,0.01577391,0.04759213,225021.79801180825,4.502877427273045e-16,4333.059474666388
QSO,1.4238540000000002,0.000275316,20.85019,0.02977995,0.03569832,20.51899,0.02874473,0.02469593,212580.97188867797,1.2995174787082907e-16,8065.822306977678
QSO,1.566627,0.00068386,19.4669,0.0128732,0.03924231,19.42361,0.01522815,0.02714765,220770.50663802846,4.646202404189565e-16,4265.703351055889
QSO,0.6427974,9.65e-05,22.25136,0.08742162,0.05012489,21.79471,0.09133560000000003,0.03467616,137689.17489771917,3.5753134707801155e-17,15377.390745971707
QSO,2.832737,0.000455495,20.43559,0.0234503,0.03000506,20.18846,0.02552117,0.02075736,261577.6860005927,1.9038035188528488e-16,6663.902743305824
QSO,2.439235,0.0007006,19.74072,0.01418099,0.04463986,19.52944,0.01487094,0.03088165,253053.3601734515,3.61052307724493e-16,4838.989169803856
QSO,2.922487,0.00021693,19.74801,0.01517154,0.04885408,19.477870000000006,0.01475904,0.03379702,263200.95189224626,3.5863620080377737e-16,4855.26177421201
QSO,1.453286,0.4549319000000001,22.22641,0.09164364,0.030918200000000007,21.83694,0.09324667,0.02138907,214364.61285017352,3.658424739291484e-17,15201.717238124525
QSO,1.232814,0.000456768,21.9228,0.06908435,0.050538,21.62028,0.06987114,0.03496195,199618.85723659184,4.838805049746885e-17,13218.149213533929
QSO,4.003072,0.000196857,20.1618,0.02028876,0.1092635,18.82221,0.009862832,0.07558802,276758.7232962958,2.449842278124909e-16,5874.496509775672
QSO,1.391109,0.000356208,19.61684,0.01357155,0.113145,19.39549,0.01458033,0.07827318,210534.00753120132,4.046896759215861e-16,4570.657197402791
QSO,2.225731,0.00045267,20.68335,0.03157154,0.04566738,20.56065,0.03690524,0.03159248,247221.91731143827,1.5153680459961757e-16,7469.312849868942
QSO,0.4905287,2.87e-05,18.80976,0.009084171,0.04264937,18.78021,0.01146993,0.02950464,113682.82059576831,8.510481367094446e-16,3151.8290214725776
QSO,0.4387337000000001,3.43e-05,21.39755,0.0702725,0.12168519999999998,20.119770000000006,0.03502339,0.08418126,104485.04062772218,7.849430078831269e-17,10378.166886659017
QSO,2.727919,0.000436975,21.38721,0.05959864,0.1431296,21.16725,0.06141766,0.09901641,259544.7826933297,7.924541155127633e-17,10328.866164199406
QSO,0.6637871,0.000548635,20.43423,0.0268339,0.1292159,20.3808,0.03335843,0.08939093,140674.86797767767,1.9061897292957038e-16,6659.730426761644
QSO,1.369051,0.000202061,19.35361,0.01086233,0.1438539,19.01384,0.01092446,0.09951748,209116.65548330633,5.157201795618965e-16,4048.858974096027
QSO,1.17453,0.0007465239999999999,21.18003,0.03845457,0.023321400000000003,21.04793,0.05362241,0.01613364,195126.93171833467,9.590607666698815e-17,9388.94186786222
QSO,2.666582,0.000298292,19.89212,0.01526623,0.2098335,19.6898,0.01705881,0.14516189999999998,258280.9487104942,3.14058191299622e-16,5188.414329518797
QSO,2.356257,0.00081348,21.14486,0.03990024,0.06314563,21.09645,0.04740353,0.04368385,250904.46255093746,9.906360430714193e-17,9238.099809640344
QSO,1.69497,0.000352577,18.38862,0.006658324,0.02135587,18.36674,0.00754419,0.01477389,227228.63911960137,1.2543251354760816e-15,2596.179104252218
QSO,0.17404270000000002,2.22e-05,17.88724,0.007574563,0.1701178,16.78967,0.004988852,0.1176867,47694.03029319517,1.9904997400502516e-15,2060.9082136809197
QSO,2.470658,0.000375035,20.92277,0.03453164,0.2013544,21.0468,0.04602091,0.1392961,253831.28864041864,1.2154864595859643e-16,8339.973104931914
QSO,2.070533,0.000437237,20.63244,0.02850486,0.03780309,20.55454,0.04569427,0.026152,242295.816784462,1.5881156489091057e-16,7296.232255479497
QSO,1.515662,0.000819003,21.64072,0.05448484,0.03866844,21.5824,0.08226123,0.02675065,217977.57203691432,6.274369995854962e-17,11607.926515304309
QSO,0.5539576,3.3100000000000005e-05,19.56849,0.01239886,0.07148089,19.43218,0.01387088,0.04945014,124207.44971977774,4.231186079581952e-16,4470.011599502676
QSO,1.495724,0.000406475,21.13135,0.03555798,0.05198257,21.03656,0.04389323,0.035961300000000015,216846.69526726875,1.0030397060093916e-16,9180.802611677063
QSO,2.14485,-1.0,19.69482,0.0126806,0.02569969,19.6029,0.01461463,0.01777892,244734.56750017247,3.7664319498120796e-16,4737.777379934137
QSO,1.386062,0.00032874,21.35205,0.04388632,0.05949333,20.88888,0.04024389,0.04115721,210212.48332706906,8.185366414680966e-17,10162.97015258945
QSO,0.4695349,7.340000000000001e-05,17.59776,0.005037328,0.04480816,17.739810000000006,0.0059373030000000005,0.03099808,110022.34016336649,2.5986879055880008e-15,1803.6931258092013
QSO,0.4383419,3.09e-05,19.3364,0.01090966,0.05489878,19.36585,0.01300377,0.03797872,104413.3005279044,5.239599900292523e-16,4016.8965771002586
QSO,2.107255,0.000338297,20.4671,0.02045598,0.05268031,20.54737,0.03037176,0.036444,243520.001568792,1.8493457994871287e-16,6761.306912849969
QSO,1.575815,0.000533453,22.13832,0.06738205,0.1692425,22.26849,0.111573,0.1170812,221259.54076849887,3.967620497116365e-17,14597.37113850084
QSO,2.9793580000000004,0.000505748,21.2686,0.04118386,0.1298181,21.00484,0.04499216,0.08980753,264177.6920697665,8.8393051165306e-17,9779.815238302584
QSO,0.6798776999999999,0.000282594,21.22421,0.04419466,0.1028952,20.97968,0.05594125,0.07118239,142914.74266425753,9.20818689044974e-17,9581.922416418529
QSO,1.402891,0.000362354,19.37381,0.01185601,0.04147131,19.17245,0.01311273,0.02868966,211278.27418594173,5.062139688107265e-16,4086.6989864772363
QSO,0.9517094,0.000295103,18.23927,0.006704221,0.1298634,17.9422,0.006706244,0.08983888,175117.10485002436,1.4392960224450372e-15,2423.620683184078
QSO,2.206786,0.001205524,21.16918,0.0379011,0.03497845,21.00207,0.04441854,0.02419793,246654.1438760014,9.686929191839174e-17,9342.145998011776
QSO,3.024767,0.00044168,19.08485,0.01133825,0.1214305,18.80724,0.01098274,0.08400507,264930.3350685224,6.605689033834441e-16,3577.508300759649
QSO,2.996097,0.000575123,20.49207,0.02819176,0.05718954,20.24121,0.03053812,0.03956346,264457.8895117327,1.8072994865174727e-16,6839.5046650828135
QSO,0.3076217,2.65e-05,18.035020000000006,0.005951831,0.08360237,17.74504,0.006066896,0.05783573,78533.16583771726,1.7372012180684643e-15,2206.0464373339237
QSO,2.629597,0.000701998,21.65998,0.05314762,0.0408907,21.66576,0.07490831,0.028288,257490.63778899895,6.164049607432395e-17,11711.341635445362
QSO,0.9444684,0.000349539,20.45243,0.02245433,0.143202,20.18029,0.02315498,0.09906647,174381.40096104826,1.874502936939424e-16,6715.782927573254
QSO,1.941638,0.001188502,21.44957,0.06118262,0.04950752,21.47808,0.07879667,0.03424907,237680.12255288975,7.48221399720101e-17,10629.789151588682
QSO,0.4590576,6.74e-05,20.18963,0.01899069,0.04168652,20.05907,0.02206197,0.02883855,108161.31803544998,2.3878449603679475e-16,5950.26968964806
QSO,1.7210419999999995,0.000681886,20.94333,0.02754882,0.05448582,21.04141,0.03878494,0.03769304,228447.86579879385,1.1926860103256572e-16,8419.312898656703
QSO,1.635924,0.001094841,21.76758,0.07847719,0.01843956,21.53472,0.0765192,0.0127564,224354.89833057567,5.582466495161038e-17,12306.275973774767
QSO,3.748195,0.001720335,21.77754,0.07072837,0.1071251,20.61976,0.03355726,0.07410867,274327.35472605,5.531489918564931e-17,12362.851428540998
QSO,1.953513,0.00077009,20.96261,0.0346432,0.04027927,20.98973,0.0485571,0.02786501,238127.31601785723,1.1716937820256409e-16,8494.398867788757
QSO,1.0299120000000002,0.0007719360000000001,19.15363,0.01011174,0.1074838,18.89343,0.01125451,0.07435682,182698.44123663162,6.200206087948922e-16,3692.6372816886333
QSO,1.989504,0.0006324,21.17271,0.05396473,0.1727475,21.25777,0.09496779,0.1195059,239454.6477236207,9.65548570485755e-17,9357.345175541423
QSO,2.461944,0.000566298,20.08533,0.02150517,0.03661757,19.7344,0.024661900000000004,0.02533187,253617.46237161022,2.6286098151254885e-16,5671.222026547422
QSO,1.7920200000000002,0.00024515400000000003,20.11835,0.0183668,0.01938659,20.13954,0.0229153,0.01341155,231621.9854940738,2.5498705039728195e-16,5758.119187491475
QSO,2.222875,0.00031736,19.766070000000006,0.0149745,0.04517032,19.84873,0.02039864,0.03124862,247136.88967716467,3.5272003198728526e-16,4895.811071479678
QSO,1.30064,0.000585136,21.38189,0.05251467,0.1141047,20.96058,0.05480839,0.07893708,204513.54292086433,7.963465908717686e-17,10303.591925932446
QSO,0.7922437,0.000131867,19.76196,0.01414065,0.03326787,19.62862,0.01580943,0.02301455,157445.509729689,3.540577663603743e-16,4886.5534115972405
QSO,1.690794,0.000851,21.81314,0.06806784,0.19483270000000005,21.94646,0.1168305,0.1347843,227030.58626634273,5.353060172371277e-17,12567.203571389853
QSO,0.194066,3e-05,18.87959,0.0100757,0.15592720000000002,18.29016,0.008323129,0.1078697,52621.836003981974,7.980353422732775e-16,3254.8325469781926
QSO,2.930839,0.000452847,20.91956,0.0360537,0.09005892,20.78126,0.04037822,0.06230235,263346.83970755007,1.2190853862397334e-16,8327.653567359073
QSO,0.4905172,3.4200000000000005e-05,20.72258,0.03950932,0.1119879,19.89655,0.02760405,0.07747269,113680.84017189864,1.4615918921582517e-16,7605.480376422136
QSO,2.3396630000000003,0.0008946039999999998,21.67287,0.06535418,0.04397755,21.64015,0.09345049,0.03042347,250457.503635514,6.091301906437149e-17,11781.067657583468
QSO,0.7126695,0.000132708,18.99104,0.009826324,0.176136,18.95737,0.01093159,0.1218501,147351.8743245266,7.201817722363297e-16,3426.2468566377606
QSO,3.108329,0.0016287920000000002,22.37235,0.1185276,0.1010337,22.02454,0.1308862,0.06989465,266255.5633706654,3.198292099035934e-17,16258.50654267912
QSO,0.4189880999999999,3.72e-05,19.27586,0.01121355,0.1186995,19.39442,0.01417612,0.08211574,100827.96534812952,5.540055623898666e-16,3906.4534191010853
QSO,2.383122,0.000325358,20.67063,0.02744685,0.02745514,20.82239,0.0403264,0.01899334,251615.66968036702,1.533225823195685e-16,7425.687184205697
QSO,1.253842,0.0004900190000000001,21.05928,0.03797031,0.09768064,20.52938,0.03245753,0.06757502,201173.3348220948,1.071879895406391e-16,8881.097748995391
QSO,0.5803316999999999,7.49e-05,18.75751,0.008513355,0.06714795,18.85479,0.01055828,0.04645264,128357.49523541464,8.930054825159284e-16,3076.894816109757
QSO,1.888238,0.000427771,21.9741,0.07446627,0.08036014,21.97171,0.1132394,0.05559277,235610.25599318423,4.615493303567847e-17,13534.139548312782
QSO,2.520966,0.000693667,19.62849,0.01262771,0.05274132,19.44635,0.01353425,0.0364862,255037.96858473364,4.0037055051540763e-16,4595.244777103143
QSO,1.512699,0.000386942,18.90892,0.008640104000000001,0.1423112,18.792720000000006,0.009520662,0.09845022,217810.90263185053,7.767658524236954e-16,3299.0936975012983
QSO,1.413971,0.000699508,21.09275,0.03533976,0.04705792,20.90796,0.04718186,0.03255446,211970.21770609444,1.0393411567493094e-16,9019.046999709812
QSO,0.8977364,0.000579174,21.0587,0.04272996,0.14595329999999998,20.91615,0.05513107,0.1009698,169487.66657884803,1.0724526463375963e-16,8878.725925705128
QSO,2.26907,0.000313409,19.91943,0.0161849,0.1574499,19.87475,0.01965715,0.1089231,248488.08397041197,3.0625707137380063e-16,5254.079624095241
QSO,1.418569,0.000288892,18.8544,0.009490215,0.1016635,18.50532,0.008874291999999999,0.07033034,212255.11714054988,8.167668921556505e-16,3217.293267111731
QSO,1.904646,0.000293484,19.10461,0.009769339,0.02981421,19.04013,0.01092807,0.02062533,236256.702499011,6.486555303906903e-16,3610.211540128563
QSO,0.8856707,0.000275728,21.01604,0.03322503,0.15465479999999998,20.77871,0.04077521,0.1069895,168181.98968477236,1.1154294974774742e-16,8705.99974519064
QSO,0.4722426,2.44e-05,18.40843,0.006851303,0.07907972,18.59283,0.008984848,0.05470699,110499.56364779657,1.2316466365842489e-15,2619.9720007870956
QSO,0.8481992,0.000189337,19.63019,0.01280372,0.16936729999999994,19.240920000000006,0.01235518,0.1171675,164011.97736883338,3.997441576954444e-16,4598.843706003751
QSO,2.801679,0.000463015,20.86484,0.03638333,0.0522314,20.73781,0.04398482,0.03613344,260991.31237310087,1.282100664282996e-16,8120.42295320118
QSO,2.523705,0.000298368,18.60655,0.008100719000000001,0.1403089,18.3607,0.008126355,0.09706502,255102.33365075578,1.0262144490394555e-15,2870.2561099835416
QSO,2.427267,0.000189961,19.71494,0.01431686,0.07555172,19.726370000000006,0.0174504,0.05226633,252752.01924509302,3.697278158386258e-16,4781.87974342616
QSO,1.437948,0.00027848,18.70176,0.007934394,0.02572206,18.51268,0.008535167,0.017794400000000002,213441.61109208522,9.40056864766661e-16,2998.9045982055627
QSO,0.5565456999999999,0.000202062,22.09662,0.07571311,0.09163573,21.49722,0.06220949,0.06339318,124620.41472293559,4.1229695296064896e-17,14319.72408900597
QSO,2.687436,0.000437539,20.42332,0.02166048,0.1725662,20.23038,0.02278076,0.1193805,258717.07623027576,1.9254406002580897e-16,6626.354253454088
QSO,1.289508,0.000548949,20.05405,0.01646914,0.02706235,19.77196,0.01660728,0.01872161,203733.5627196764,2.7054413605902126e-16,5590.113813407598
QSO,1.850064,0.001549235,21.7153,0.06109107,0.07376035,21.56217,0.07341214,0.05102707,234069.1431339507,5.857848361838207e-17,12013.530356201316
QSO,2.090474,0.001013047,21.44562,0.0537689,0.04299755,21.1991,0.05472314,0.02974551,242965.31014099816,7.509484499689682e-17,10610.470692169061
QSO,2.162973,0.000405871,21.21996,0.03819861,0.1290996,21.14937,0.05834012,0.08931053,245306.52381513454,9.244302006318284e-17,9563.187043849255
QSO,2.32402,0.000652485,20.44128,0.02122359,0.1108556,20.4606,0.02748592,0.07668939999999999,250030.6940413068,1.893852384985405e-16,6681.387344265284
QSO,1.563465,0.0008312510000000001,19.96353,0.01935838,0.09026239,19.84043,0.02143756,0.0624431,220601.20495113474,2.940668877311849e-16,5361.874567142996
QSO,1.607213,0.000592192,19.63959,0.01303136,0.16489,19.4466,0.01463906,0.1140701,222898.5393058113,3.962982232188986e-16,4618.79460762788
QSO,3.08853,0.000472361,20.81299,0.02853402,0.1562635,20.45568,0.02918107,0.1081024,265948.34584035893,1.3448137014487563e-16,7928.821670431195
QSO,2.192752,0.000237286,20.26975,0.02018337,0.1303317,19.98305,0.02098512,0.09016287,246227.79458225696,2.2179825509854267e-16,6173.915058518123
QSO,2.2222310000000003,0.000243969,20.06047,0.01763484,0.1934127,19.87339,0.01998922,0.133802,247117.68919318807,2.689491185089245e-16,5606.665548264051
QSO,1.606622,0.000599185,19.77779,0.01540158,0.04539913,19.68795,0.01800133,0.03140691,222868.1409769845,3.4893306494554224e-16,4922.306471044175
QSO,1.049553,5.62e-05,21.65984,0.07990164,0.04738272,21.54354,0.1058336,0.03277915,184502.46570150746,6.16484448060803e-17,11710.586601686304
QSO,2.756082,0.000176225,20.73652,0.02721529,0.1863281,20.59723,0.03136636,0.1289009,260106.2729279853,1.4429461548231274e-16,7654.461625279414
QSO,0.1861796,1.91e-05,17.72375,0.005484385,0.1224276,17.2298,0.005171794,0.08469484,50694.23406388819,2.3139721369072452e-15,1911.4399120719418
QSO,1.852105,0.001107973,21.3778,0.04236548,0.0976008,21.16025,0.05082344,0.06751978,234152.88017868996,7.993521091259503e-17,10284.203225227435
QSO,2.265343,0.000457382,20.4209,0.01941188,0.2089483,20.1353,0.02159918,0.1445494,248380.94930540546,1.9297370057307923e-16,6618.97361854659
QSO,0.3947006,9.56e-05,20.55132,0.02717007,0.05358047,20.18293,0.03013187,0.03706672,96211.37694297107,1.711315662639442e-16,7028.6942225519315
QSO,0.8214414000000001,0.000181473,21.76467,0.07565738,0.05016368,21.44644,0.09658428,0.034703,160924.0721179872,5.597448741179784e-17,12289.795323030972
QSO,1.129782,0.000370758,20.72515,0.02446829,0.07075326,20.39031,0.02538426,0.04894678,191485.37398627464,1.458136311536069e-16,7614.487009765777
QSO,2.204902,0.00045824,20.13871,0.01746473,0.05288312,19.95829,0.01803305,0.0365843,246597.19524204195,2.5025002250260725e-16,5812.361937449789
QSO,0.9402789,0.000307822,19.02314,0.009329533,0.1402058,18.86421,0.01042297,0.09699372,173953.02325897265,6.992011359569375e-16,3477.2718928042877
QSO,0.67847,0.000273091,19.16555,0.010746,0.2371155,19.17785,0.01424329,0.1640354,142720.45505344914,6.132508025095763e-16,3712.963244897895
QSO,1.747038,0.000816141,19.50811,0.01317367,0.1152702,19.41807,0.01653708,0.07974338,229634.53178109252,4.473156832990302e-16,4347.430522113638
QSO,0.9804209,0.000295434,19.03713,0.01080394,0.2030126,18.78335,0.0105589,0.1404432,177976.78113740892,6.902495389143389e-16,3499.747001463411
QSO,2.17827,0.001032814,21.81283,0.0643286,0.16172899999999998,21.69971,0.08082374,0.1118833,245782.61189216666,5.354588799280882e-17,12565.409601999232
QSO,2.617189,0.000211976,20.82368,0.03290948,0.09031462,20.73817,0.03918985,0.06247924,257220.56643282346,1.3316378325581265e-16,7967.9509163301045
QSO,1.2586620000000002,0.000328722,19.13725,0.009921809,0.03013897,19.0019,0.01066227,0.02085,201524.88337425786,6.294454886192878e-16,3664.887519760773
QSO,2.427361,0.000514606,21.03953,0.03946672,0.2271433,20.99497,0.05018387,0.15713670000000002,252754.39708066493,1.0915562614329003e-16,8800.688513805684
QSO,3.6006050000000003,0.001052672,21.39989,0.07391547,0.1383112,20.32156,0.04079563,0.09568306,272742.1717091415,7.832531050007992e-17,10389.356529197796
QSO,1.064062,0.00027808,21.65539,0.05133975,0.176992,21.34381,0.05362693,0.1224423,185810.55662596735,6.190163572220331e-17,11686.612661279378
QSO,2.234027,0.000740286,20.50201,0.02057806,0.06302378,20.40193,0.02571437,0.04359956,247467.77474568595,1.7908290273646916e-16,6870.884532046471
QSO,1.53071,0.001576898,21.53388,0.04167298,0.02986175,21.485570000000006,0.05337858,0.02065822,218816.63594568556,6.923188001802248e-17,11050.620130243153
QSO,2.084613,0.000209877,20.6319,0.02598545,0.04400693,20.32332,0.03172827,0.03044379,242769.71047809516,1.5889057079905974e-16,7294.4180599375395
QSO,1.672289,0.000824612,20.65307,0.02473697,0.05193712,20.26761,0.0277096,0.03592986,226143.58781753355,1.5582248470062226e-16,7365.88018265868
QSO,2.165379,0.000911096,22.00874,0.1069522,0.05019372,22.18353,0.16332020000000005,0.03472378,245381.80801995943,4.470562030173061e-17,13751.771583162104
QSO,1.418958,0.00077275,21.76861,0.05620676,0.05458327,21.36229,0.05843434,0.03776045,212279.16019856662,5.577173115477024e-17,12312.114625403647
QSO,2.112601,0.001184825,21.16957,0.03263602,0.06027647,21.03731,0.0391061,0.04169899,243695.06568400306,9.683450240016387e-17,9343.824013411133
QSO,1.203575,0.000240596,19.44061,0.01202057,0.07206801,19.09512,0.01169809,0.04985631,197399.82593565158,4.760078613249034e-16,4214.369886887452
QSO,1.497251,0.001172406,19.9014,0.01456174,0.05467368,19.86523,0.01862878,0.037823,216934.0886032306,3.113853135026789e-16,5210.634973500855
QSO,2.877452,0.00062548,20.4364,0.02502423,0.13018410000000002,20.21465,0.0283819,0.09006078,262399.34285063547,1.902383739571836e-16,6666.388967886323
QSO,1.466452,0.001105652,21.67986,0.05944573,0.06415416,21.25114,0.05614301,0.04438155,215145.7987601548,6.052211900984932e-17,11819.052182395075
QSO,2.628716,0.000187911,20.70558,0.03224961,0.04525855,20.66249,0.03867132,0.03130965,257471.54475314677,1.48465698265476e-16,7546.1711356035885
QSO,1.301856,0.00041309,19.52746,0.01328997,0.09753809,19.24465,0.01339794,0.06747639999999999,204598.20400667202,4.394142382856826e-16,4386.343614104289
QSO,1.34185,0.000461019,20.89847,0.03078552,0.05457107,20.61527,0.03464938,0.03775202,207324.73084768685,1.2429971280492175e-16,8247.164365452814
QSO,0.9104449,0.000485726,22.15784,0.09130402,0.0377577,21.8482,0.09400008,0.0261206,170843.91126043297,3.896925697538351e-17,14729.182731914454
QSO,0.917767,0.000149597,19.99172,0.01786813,0.04080817,19.81585,0.01991837,0.02823091,171616.5982812461,2.8653001677024335e-16,5431.936071789243
QSO,1.722909,0.001073619,21.12793,0.03601786,0.03423348,20.96707,0.05108487,0.02368257,228534.0455090544,1.0062041986560058e-16,9166.354520109022
QSO,0.3785896,0.00012529299999999998,18.73483,0.008227745,0.07204855,18.69658,0.009341851,0.04984286,93075.34143926628,9.118557167648238e-16,3044.9253518332425
QSO,2.224959,0.000938829,21.02379,0.04399826,0.2006905,20.79604,0.05735405,0.13883679999999998,247198.95332250185,1.1074958951117084e-16,8737.127032011125
QSO,1.028922,0.000378744,18.91434,0.009993708,0.1331273,18.60106,0.009380946,0.09209685,182606.48183600348,7.728978962669539e-16,3307.338528040184
QSO,2.090618,0.00028251,19.10445,0.01066351,0.0912763,19.02205,0.01246747,0.06314452,242970.10363385917,6.487511268458267e-16,3609.945539711713
QSO,2.2549900000000003,0.000425179,21.2701,0.04415197,0.03367185,21.49895,0.07776258,0.02329403,248081.63526616467,8.827101597047975e-17,9786.573229195232
QSO,2.506901,0.0013608239999999998,21.96184,0.08320578,0.06756801,21.92039,0.1152042,0.04674324,254705.30752449072,4.667906250983129e-17,13457.94193271083
QSO,1.317089,0.000888848,21.60378,0.06211649,0.0786949,21.13094,0.05994229,0.05444077,205649.86178920153,6.491515900471581e-17,11412.128420208152
QSO,3.221992,0.00026854,20.9071,0.03417,0.1001287,20.68799,0.04229082,0.0692686,267942.3638640751,1.2331562977147897e-16,8280.005973678848
QSO,1.838324,0.000731395,19.48846,0.01549934,0.1189794,19.41115,0.0161493,0.08230939,233584.48403810494,4.554850480495819e-16,4308.267394211667
QSO,2.497497,0.000401876,20.21305,0.02248092,0.08337223,19.97214,0.0223327,0.05767652,254480.8703434093,2.336889220052035e-16,6014.7925081572785
QSO,2.226499,0.0006176630000000001,21.214,0.03995435,0.03479087,20.98886,0.04636902,0.02406816,247244.7478733624,9.295186869396361e-17,9536.975130081899
QSO,2.740487,0.0008053019999999999,21.69385,0.04861832,0.2721565,21.46177,0.05083013,0.1882766,259796.78078275872,5.974727813262657e-17,11895.443816479454
QSO,0.5765522,0.000206048,19.73648,0.01573145,0.06425061,19.70046,0.01905716,0.04444827,127770.64785257228,3.624650402295038e-16,4829.549816097168
QSO,1.221852,0.00076683,20.5859,0.02568857,0.07690325,20.31473,0.02749955,0.05320131,198794.87373236302,1.65767018087209e-16,7141.519890256542
QSO,0.9336573,0.000253568,20.84505,0.03883478,0.06115218,20.42771,0.03607434,0.0423048,173271.87342310912,1.3056841291323945e-16,8046.752620415099
QSO,2.151347,0.000326928,19.75825,0.01404,0.04618757,19.30707,0.01380176,0.03195235,244940.6073992286,3.552696639623803e-16,4878.211774404692
QSO,2.053542,0.001502024,21.7168,0.04825953,0.07710347,21.60088,0.06025998,0.05333983,241716.322809671,5.849761033064383e-17,12021.831875888238
QSO,1.026446,0.001070407,20.98108,0.03064219,0.02705486,20.71439,0.0312893,0.01871643,182376.0541658838,1.1519300963877184e-16,8566.958243770472
QSO,1.577773,0.000301251,20.69058,0.028496,0.05336513,20.61566,0.03825726,0.03691775,221363.19845941212,1.505310618627126e-16,7494.223658898744
QSO,1.3500299999999998,0.0006766060000000001,20.9721,0.03262486,0.03486943,20.650170000000006,0.03429006,0.02412251,207868.8160400533,1.1614970877041846e-16,8531.603232452353
QSO,1.414527,0.000305549,19.1828,0.009652411,0.04623137,18.97235,0.01038903,0.03198265,212004.73799566965,6.03584564768977e-16,3742.576188248182
QSO,1.683514,0.000401723,19.26771,0.01085058,0.1831736,19.04016,0.01152487,0.1267187,226683.46766970237,5.58179812176057e-16,3891.819144562723
QSO,0.1739538,2.89e-05,18.8063,0.01183112,0.1657013,17.75804,0.008046051,0.11463139999999998,47671.90307089455,8.537645640177871e-16,3146.810931090795
QSO,0.8933595,0.000290766,19.48254,0.01314084,0.2565319,19.22628,0.01303135,0.1774676,169016.07024643788,4.579753731729604e-16,4296.537929967795
QSO,1.117617,0.000456444,19.2612,0.012152,0.1156294,19.10324,0.01709193,0.0799919,190464.97341182,5.615366738399102e-16,3880.1690758816594
QSO,1.324275,0.000400067,21.29704,0.04117205,0.1084366,20.77286,0.0405251,0.07501592,206140.30202694357,8.610772699299647e-17,9908.744955643895
QSO,1.726372,0.000947665,21.05771,0.03820264,0.16045320000000002,21.06469,0.04686011,0.1110007,228693.50132606443,1.0734309800403895e-16,8874.678931963103
QSO,0.6406294,0.000145352,21.27251,0.0494566,0.08731914,20.97384,0.05254823,0.06040698,137376.59851326933,8.807529879616602e-17,9797.440848068652
QSO,1.242078,0.1741473,21.57746,0.05478427,0.2097824,21.7503,0.08789361,0.14512650000000002,200307.8892693181,6.650803630803227e-17,11274.639127468805
QSO,1.660074,0.00097132,21.12997,0.04051235,0.05016064,21.31052,0.06488078,0.0347009,225549.59212476984,1.0043154070825385e-16,9174.969941374737
QSO,2.361499,0.000284574,21.3039,0.03900556,0.04947157,21.39739,0.05702893,0.0342242,251044.4308928007,8.556538823359684e-17,9940.097632821744
QSO,1.329785,0.000595148,22.4652,0.1326412,0.02798181,21.6803,0.08825564,0.01935769,206513.92396595865,2.9361492323625296e-17,16968.781212352562
QSO,1.7110740000000002,0.000574243,21.07937,0.03926045,0.052779499999999986,21.04076,0.04585454,0.03651261,227985.21246707984,1.0522286564078586e-16,8963.645039001936
QSO,2.602879,0.000638288,20.82405,0.02877544,0.03333475,20.73809,0.04704227,0.02306083,256905.9555074277,1.3311841108782018e-16,7969.308701494355
QSO,1.344629,0.00037557,20.46487,0.02053325,0.06084081,20.05919,0.02054264,0.04208939,207510.08122641878,1.8531480851731305e-16,6754.366932886365
QSO,3.1918330000000004,0.000554781,21.74992,0.0679244,0.08653153,21.59834,0.07884798,0.05986212,267507.1777855747,5.67401037016338e-17,12206.59822277121
QSO,3.247982,0.000219104,18.86737,0.008869118,0.03771911,18.61105,0.009059915,0.02609391,268310.50139425934,8.070679947905723e-16,3236.5673603757537
QSO,1.462599,0.00039363,20.86113,0.03534046,0.05451545,20.71535,0.042367400000000006,0.03771354,214918.23807099598,1.2864891422891448e-16,8106.560908438701
QSO,3.482889,0.000242029,21.37022,0.05247689,0.08091684,20.53113,0.03526774,0.0559779,271371.1190637374,8.049522621318969e-17,10248.366545897437
QSO,2.304193,0.000305474,19.60036,0.01304278,0.07008414,19.36992,0.01340201,0.04848388,249481.96607508138,4.108791704257492e-16,4536.100312691848
QSO,2.161009,0.000218158,20.82263,0.02707992,0.08379821,20.642,0.03052079,0.05797121,245244.95785403656,1.3329262634267194e-16,7964.099001837718
QSO,1.513778,0.00030240400000000004,22.53143,0.1104642,0.1681612,21.94883,0.1022685,0.11633319999999997,217871.65242641573,2.7623972004323665e-17,17494.303238002354
QSO,3.190842,0.0006621719999999999,21.24664,0.03884371,0.04664265,20.93948,0.04534809,0.03226717,267492.7297429814,9.019908359203904e-17,9681.410837565823
QSO,2.802425,0.000500775,22.16626,0.08693178,0.1404316,21.86439,0.1116781,0.09714992,261005.55092672384,3.8668215048559765e-17,14786.406795952926
QSO,2.298152,0.000520119,20.50171,0.02309333,0.4297058,20.19824,0.02600268,0.2972685,249313.02729117207,1.7913239200802103e-16,6869.935349837193
QSO,2.323521,0.001235129,21.34089,0.04695965,0.1426519,21.20634,0.05822327,0.09868596,250016.9908417218,8.269935554191605e-17,10110.87287766752
QSO,1.496108,0.000376461,19.77246,0.01441028,0.05446572,19.74919,0.02007405,0.03767914,216868.6846858984,3.5065022766188027e-16,4910.239211532556
QSO,2.299157,0.000209959,19.30666,0.01072733,0.03143049,19.28492,0.01242869,0.02174347,249341.18963046165,5.385104373995184e-16,3962.2570800677454
QSO,1.004605,0.000191932,18.23763,0.006527612,0.16375050000000002,17.93993,0.006618822,0.1132818,180316.13230744126,1.44147171584635e-15,2421.790939769175
QSO,1.217273,0.000580415,20.80817,0.03162411,0.02988846,20.54861,0.03544958,0.0206767,198447.8742325467,1.350797117471715e-16,7911.241646502468
QSO,0.4313878,9.72e-05,21.13106,0.0451932,0.1053467,20.77521,0.04572116,0.07287839,103134.44612746676,1.0033076535680522e-16,9179.576597950241
QSO,1.349976,0.000472754,19.33501,0.01212058,0.15584170000000006,18.92753,0.01090382,0.1078106,207865.23909048017,5.246312127288216e-16,4014.326109452548
QSO,1.243389,0.000653423,20.54087,0.02177719,0.05091615,20.19226,0.02064066,0.03522356,200404.8615407741,1.727866263758161e-16,6994.950573622261
QSO,2.237928,0.002054698,22.22607,0.08064134,0.03078501,21.49465,0.05637244,0.02129692,247582.80660567552,3.659570560150483e-17,15199.337203627161
QSO,1.88762,0.001190124,21.4596,0.04862503,0.01917576,21.23777,0.049943400000000006,0.013265700000000002,235585.72305962248,7.413411803982419e-17,10679.001563855729
QSO,1.073391,0.000343284,19.2278,0.01033784,0.103879,19.02895,0.0120934,0.07186304,186640.81683142457,5.790794126126252e-16,3820.943801366759
QSO,2.376648,0.000382385,21.09926,0.0404418,0.07412256,20.90479,0.05119723,0.05127764,251445.66556816208,1.0331279837771804e-16,9046.126365306949
QSO,2.069577,0.000275173,19.10895,0.01080018,0.04602922,19.00618,0.01177017,0.0318428,242263.43410165675,6.460678429148738e-16,3617.4342826998736
QSO,2.188077,0.000152862,19.01676,0.008897784,0.15845979999999998,18.849220000000006,0.009730936,0.1096217,246084.66688166652,7.033218749645524e-16,3467.0703191516336
QSO,0.5367367,5.28e-05,21.33679,0.051288699999999986,0.1996488,20.94464,0.06031726,0.13811610000000002,121427.36198434878,8.301223850798867e-17,10091.80034990648
QSO,1.846705,0.000486213,20.06808,0.01816441,0.09507228,19.91171,0.02208993,0.06577057,233930.9970002479,2.6707062650405074e-16,5626.348771294425
QSO,2.833602,0.00028680400000000004,19.47735,0.01492006,0.16298110000000002,19.37412,0.01871839,0.1127495,261593.83079268227,4.601698124939781e-16,4286.281108511236
QSO,2.185428,0.000350615,21.28067,0.04632665,0.06002876,21.33369,0.06909695,0.04152762,246003.31989554426,8.741583799462917e-17,9834.32711873804
QSO,0.7917991999999999,0.000180154,21.72868,0.0595979,0.15329310000000002,21.59447,0.07729319,0.1060474,157391.65115240027,5.786102531401747e-17,12087.782865516569
QSO,2.863159,0.000159986,19.5406,0.014067500000000002,0.1055247,19.38159,0.0153199,0.07300152,262139.54342668454,4.341283275981833e-16,4412.966698096438
QSO,0.4694418,7.829999999999999e-05,21.59937,0.08593223,0.05836696,20.15086,0.03982907,0.04037799,110005.90445631163,6.517936501518836e-17,11388.97527483685
QSO,0.8419525999999999,0.000223961,21.73559,0.08160055,0.1120031,21.38391,0.0859461,0.0774832,163299.4773345528,5.749394712067079e-17,12126.309543687024
QSO,1.075568,0.000388945,20.30536,0.0224694,0.07638371,20.05547,0.027472700000000003,0.05284189,186833.3603683832,2.146417127695312e-16,6275.995884283823
QSO,2.710842,0.000461287,21.83579,0.06063588,0.06707264,21.15464,0.04451494,0.04640054,259198.63435859242,5.242544495805439e-17,12698.974470607967
QSO,2.810739,0.000623441,20.52775,0.02669012,0.03843095,20.09904,0.02275102,0.02658635,261163.71949455483,1.748872405065034e-16,6952.81461973144
QSO,0.2575151,4.11e-05,19.75849,0.01665578,0.105116,18.962,0.01214409,0.07271878,67516.22386132197,3.5519114093269234e-16,4878.750964091048
QSO,0.7512069,0.00029877,20.31206,0.01993513,0.03834391,19.95558,0.01899709,0.02652614,152355.68109383373,2.1332125262623187e-16,6295.390148569518
QSO,2.33796,0.000301036,21.17543,0.03596823,0.0590613,21.30489,0.04867105,0.04085834,250411.29726347112,9.631326934655122e-17,9369.073588980224
QSO,2.103244,0.000432802,20.77905,0.02826592,0.03348964,20.82765,0.04335011,0.02316798,243388.13438576047,1.3875164004997805e-16,7805.858063744117
QSO,1.799616,0.000310062,20.82505,0.02494689,0.05807794,20.55045,0.02963673,0.04017805,231949.60785734036,1.3299586094532047e-16,7972.979548956842
QSO,2.148541,0.000645933,22.21208,0.08775039999999999,0.03869232,22.02175,0.1123764,0.02676717,244851.75784138945,3.7070302093882473e-17,15101.72821787616
QSO,0.8568825999999999,8.66e-05,18.53953,0.007445895,0.07085003,18.51612,0.008405447,0.04901372,164994.08458621995,1.0915562614329002e-15,2783.0220681308174
QSO,1.012457,0.0006323430000000001,20.627,0.02302828,0.04801458,20.47515,0.02690851,0.03321626,181062.37613582265,1.5960927511657289e-16,7277.976519435582
QSO,1.172581,0.000364192,20.79936,0.02692775,0.06248835,20.49972,0.02694452,0.04322915,194971.90306078136,1.3618024939842927e-16,7879.209536977732
QSO,1.2031120000000002,0.000925131,21.58027,0.05688073,0.05512553,21.23927,0.06956833,0.03813559,197364.13719224933,6.633612903690348e-17,11289.238550226504
QSO,1.992045,0.000319735,20.52911,0.02596099,0.1045413,20.58583,0.0356786,0.07232118,239546.795097722,1.746683127926431e-16,6957.170553321477
QSO,1.527347,0.0015409629999999998,21.8,0.0934545,0.08865567,21.44401,0.1026501,0.06133158,218630.18290686642,5.418238591233071e-17,12491.38661216107
QSO,2.871161,0.001456632,21.98554,0.1044971,0.16636070000000006,21.75261,0.1057673,0.1150876,262285.3182523289,4.5671168710310396e-17,13605.62980578437
QSO,2.739291,0.000602825,21.48923,0.05825327,0.12892160000000005,21.37089,0.06783804,0.08918736,259772.89967131466,7.213833681158474e-17,10825.716508855992
QSO,1.90485,0.001092935,21.79511,0.05721622,0.0944286,21.89353,0.09096286,0.06532527,236264.68060470492,5.442696596344267e-17,12463.288555407995
QSO,2.452512,0.0007091939999999999,19.49144,0.01154742,0.03942873,19.37446,0.01335602,0.02727661,253384.3788522313,4.542366007749388e-16,4314.183863747145
QSO,4.276654,0.000498782,22.12718,0.09837513,0.05739252,20.49696,0.03345069,0.03970388,279004.6305798391,4.008539109820785e-17,14522.676057671468
QSO,0.8879792999999999,0.0003628,19.73173,0.01304621,0.08349223,19.38613,0.0125659,0.05775954,168433.1845643895,3.640542665940915e-16,4818.996935343594
QSO,1.545056,0.000299465,20.97998,0.03220891,0.1853812,20.7968,0.03685525,0.1282459,219605.20983976015,1.1530977512952565e-16,8562.619589700726
QSO,0.9930241,0.000546923,19.74804,0.01413152,0.0824037,19.41402,0.01360601,0.057006500000000015,179203.6762204857,3.586262914562449e-16,4855.328852595663
QSO,1.094861,0.000625142,20.67379,0.0294054,0.094898,20.4523,0.02943367,0.06564999,188520.0627140541,1.5287699067244913e-16,7436.501161550896
QSO,1.238988,0.000410308,19.80965,0.01455203,0.05172816,19.57352,0.01447273,0.0357853,200078.80277859033,3.3884269339318663e-16,4995.059319443386
QSO,2.1449830000000003,0.000191508,20.55158,0.02259802,0.02788775,20.6342,0.03013086,0.01929262,244738.79657950878,1.710905904910348e-16,7029.535849596877
QSO,0.1323601,2.34e-05,18.55976,0.008362952,0.07184569,17.95136,0.007236436,0.04970251,37074.65677723921,1.0714061259635998e-15,2809.0705722245953
QSO,1.37366,0.000666736,21.25998,0.03683501,0.04422361,21.07434,0.04133739,0.03059369,209415.422170986,8.909762451433609e-17,9741.069683369757
QSO,1.580054,0.000355204,18.23908,0.006549215,0.15434979999999998,18.18129,0.007170652,0.1067785,221483.71030889254,1.4395479162036454e-15,2423.408629932822
QSO,0.9044604,0.000439059,21.16258,0.04491206,0.06689391,20.64934,0.03878491,0.0462769,170207.65589725928,9.745993675188722e-17,9313.79447215897
QSO,1.225222,0.000548831,22.30026,0.12232260000000003,0.04828592,20.94164,0.05548912,0.03340398,199049.19376065925,3.4178588645469474e-17,15727.607057846528
QSO,0.8858691999999999,8.31e-05,20.5454,0.02469442,0.0634385,20.17335,0.02497612,0.04388647,168203.6137840209,1.7206721330811198e-16,7009.55826602442
QSO,2.889842,0.001574591,21.39511,0.05162172,0.06647353,20.88372,0.04931514,0.04598608,262622.43016995327,7.867090120459436e-17,10366.511889186953
QSO,2.229785,0.000446541,21.26319,0.03615714,0.1598276,21.36832,0.05662588,0.110568,247342.26936522798,8.883459468945957e-17,9755.480162022986
QSO,4.7348930000000005,0.000865031,23.57642,0.2940297,0.1877319,20.78387,0.03967227,0.1298721,282099.84516652836,1.0550915021968364e-17,28307.052482791707
QSO,2.518504,0.000146567,18.98486,0.009476132,0.03138579,18.89645,0.01131871,0.02171255,254979.99732856418,7.24292728596878e-16,3416.509637227709
QSO,0.6066208000000001,0.000165565,19.23425,0.01127747,0.2266695,19.07965,0.01302273,0.1568089,132368.17922744362,5.756494912867601e-16,3832.3101561764665
QSO,1.756716,0.001218176,21.19902,0.03757403,0.2418234,20.89808,0.0407051,0.16729229999999998,230069.09106003033,9.424322195401695e-17,9471.410289586505
QSO,1.648255,0.000686247,19.77575,0.01548081,0.0440471,19.55857,0.017286000000000003,0.03047158,224968.31349903066,3.4958929487901e-16,4917.68435847947
QSO,0.4906691,6.21e-05,21.97424,0.08701213,0.1491295,20.53971,0.03885371,0.1031671,113706.99682179955,4.614898198236177e-17,13535.012154665168
QSO,3.478996,0.000160298,20.53596,0.02508967,0.09184328,19.92928,0.02068049,0.06353676,271324.0385751397,1.7356978487856743e-16,6979.151889384006
QSO,1.903386,0.000996902,19.86855,0.01435974,0.276365,19.72567,0.01514701,0.191188,236207.39395730358,3.209505507016804e-16,5132.401817645867
QSO,2.174538,0.000373807,22.04781,0.08309978,0.1216929,22.03892,0.1189093,0.08418659,245667.01902452955,4.312549819798575e-17,14001.438273242715
QSO,1.605614,0.001250003,19.84804,0.0142933,0.04914213,19.77745,0.01720797,0.0339963,222816.25451697633,3.27071065086105e-16,5084.1534517281525
QSO,2.1137200000000003,0.000257903,18.40973,0.007225171,0.0338875,18.35625,0.007840011,0.02344322,243731.6094444827,1.2301728140804579e-15,2621.5409745936686
QSO,1.6438150000000002,0.0005616330000000001,21.15822,0.03531059,0.03211008,21.13414,0.05302887,0.0222136,224748.26586752408,9.78520943069798e-17,9295.112492422084
QSO,1.169066,0.000159971,18.73524,0.008292215,0.1401595,18.41083,0.007825234,0.09696168,194691.50031067277,9.115114432094994e-16,3045.500324489804
QSO,2.219246,0.000619794,21.17301,0.03230131,0.02898379,21.21297,0.04863497,0.02005085,247028.5602811594,9.652818164114884e-17,9358.638029857277
QSO,0.6863698,0.000156914,21.5988,0.06526504,0.06218515,21.23289,0.05710134,0.0430194,143806.6646066341,6.521359247473906e-17,11385.98612151754
QSO,3.626863,0.000169039,20.40418,0.02521837,0.09199885,19.56772,0.016632400000000002,0.06364437,273034.66482676007,1.9596843537589103e-16,6568.204259515602
QSO,2.161179,0.0007085739999999999,21.73541,0.05294424,0.08032744,21.33953,0.05458448,0.05557015,245250.29086984255,5.750347960962719e-17,12125.304398402266
QSO,0.4205775,3.91e-05,21.81589,0.1002482,0.2101266,20.4042,0.04312754,0.14536459999999998,101125.498689775,5.3395188644078956e-17,12583.129034020189
QSO,1.630651,0.000297171,18.26435,0.006681351,0.200827,18.10807,0.0071851280000000016,0.1389312,224090.3952769531,1.4064300116960581e-15,2451.775213101403
QSO,0.7608457,0.000286495,21.26224,0.04907134,0.16110629999999998,20.78449,0.05077023,0.1114526,153572.8329793378,8.891235740612018e-17,9751.213159071845
QSO,2.3032630000000003,0.0004970209999999999,21.68207,0.06467053,0.08850714,21.52574,0.07996456,0.06122883,249456.01187528187,6.039905242358788e-17,11831.087058588291
QSO,1.325743,0.000512516,20.56338,0.0267143,0.03007631,20.1587,0.0235926,0.02080665,206240.0496930188,1.6924121137132596e-16,7067.839033543308
QSO,0.7151211999999999,7.120000000000001e-05,19.65789,0.01294791,0.04965989,19.63992,0.01583712,0.03435449,147676.8906598164,3.8967462416101224e-16,4657.88380107037
QSO,1.077814,0.000483256,20.34381,0.02031686,0.03400151,20.02276,0.02318411,0.02352208,187031.53167782366,2.0717346284002258e-16,6388.113886895107
QSO,3.034992,0.00038193,21.09807,0.03400765,0.2193188,20.64954,0.03464497,0.15172370000000002,265096.58684716094,1.0342609443284612e-16,9041.170308207491
QSO,1.396702,0.000472776,20.65744,0.0248451,0.02810508,20.17458,0.02613462,0.01944297,210888.41427486273,1.5519657232963756e-16,7380.718643151402
QSO,1.485391,0.000272235,20.38411,0.02053343,0.02514823,20.20893,0.02522973,0.01739743,216251.86362178982,1.9962463046499486e-16,6507.776811589174
QSO,1.237017,0.000962239,20.54464,0.022983,0.1696393,20.1941,0.0210059,0.1173557,199932.2907051526,1.7218770009042302e-16,7007.105399427931
QSO,0.9077135,0.000838887,21.72099,0.06073359,0.08549358,21.69153,0.07911118,0.05914406,170554.04570326203,5.827229533452463e-17,12045.051192036424
QSO,2.86626,0.000663858,21.25948,0.04952715,0.06173299,21.1015,0.06073401,0.04270659,262196.1337146544,8.913866493592257e-17,9738.826977396462
QSO,1.553957,0.000932641,21.26292,0.03721224,0.0469499,21.03543,0.0414588,0.03247972,220088.99962840063,8.885668875156709e-17,9754.267244978799
QSO,2.22024,0.000280678,20.14962,0.01712896,0.1191766,20.07996,0.0225595,0.08244579,247058.26435860645,2.477479817276874e-16,5841.638126426473
QSO,3.149872,0.001646225,21.57674,0.05058672,0.1178807,21.24209,0.06114109,0.08154931,266886.9909000343,6.655215537400777e-17,11270.901389666484
QSO,2.4778830000000003,0.001228622,22.16464,0.0850383,0.122643,22.05437,0.100814,0.08484384,254007.48414245216,3.8725953995663634e-17,14775.379694783276
QSO,2.667269,0.000234958,20.11822,0.0200361,0.1515421,19.97596,0.02364349,0.10483610000000003,258295.42388148073,2.550175829529644e-16,5757.774475265531
QSO,0.8752885,0.00027086,17.206670000000006,0.004540453,0.1197522,17.1034,0.004861027,0.08284398,167044.21430285613,3.725547673840695e-15,1506.4150646196026
QSO,3.175771,0.000661913,20.98369,0.03849505,0.1113249,20.73543,0.04361674,0.07701403,267271.8281390238,1.1491642986494901e-16,8577.261484997247
QSO,1.236045,0.000258993,20.88377,0.03017245,0.1568664,20.40758,0.02760703,0.1085194,199859.92718924952,1.2599407579692172e-16,8191.522907837132
QSO,1.275423,0.000234343,19.78823,0.01496393,0.05927422,19.44195,0.01463287,0.04100563,202733.7644072443,3.455939453286819e-16,4946.028905284148
QSO,3.3388690000000003,0.000640314,20.8258,0.02825778,0.1396207,20.15461,0.02247192,0.09658895,269549.7745340227,1.3290402238283445e-16,7975.733794149209
QSO,2.8100080000000003,0.000501233,20.24117,0.02289393,0.1032133,20.1002,0.02500451,0.07140249,261149.85062158783,2.2771420609848914e-16,6093.189010191257
QSO,1.812974,0.000555845,20.95141,0.03115938,0.06614976,20.77354,0.0376128,0.0457621,232520.28906748077,1.183843039989167e-16,8450.699330494253
QSO,2.292114,0.000279596,20.98254,0.04182012,0.1640147,21.24203,0.07287501,0.1134646,249143.34691026178,1.150382125838692e-16,8572.720216499156
QSO,2.3603,0.000301244,20.87507,0.02879463,0.09950239,20.96356,0.03998109,0.0688353,251012.46750812317,1.2700772158408006e-16,8158.769244740983
QSO,1.647725,0.000444734,20.95231,0.03649689,0.09135893,21.096120000000006,0.06021733,0.06320168,224942.09503907865,1.1828621228403933e-16,8454.202578206126
QSO,1.91962,0.000493273,19.39496,0.0115979,0.08485802,19.39998,0.01341737,0.05870439,236838.4969717247,4.964484112642244e-16,4126.697644693074
QSO,1.319268,0.000527405,21.22527,0.0334215,0.05813681,20.926920000000006,0.03526381,0.04021878,205798.9582698059,9.199201360672427e-17,9586.600954879576
QSO,1.029451,0.000243658,20.28994,0.021608900000000004,0.02835845,20.0031,0.02402996,0.01961825,182655.63211948646,2.177118785650542e-16,6231.586820186981
QSO,2.5448630000000003,0.001040259,21.00406,0.03066647,0.04508639,20.98997,0.04276792,0.03119056,255595.01268866519,1.1278052844860088e-16,8658.101047754912
QSO,1.29115,0.000963121,21.67241,0.05397367,0.07739775,21.31993,0.05847102,0.05354341,203849.17460585662,6.093883189549778e-17,11778.572246113465
QSO,0.7517642,0.000496416,22.23345,0.1063263,0.06183178,21.82299,0.1052392,0.04277494,152426.42322270217,3.6347799621421267e-17,15251.081788284975
QSO,1.632347,0.000308136,21.38424,0.05630591,0.06489946,20.98345,0.04462428,0.04489715,224175.6139201677,7.946248184302429e-17,10314.748663509143
QSO,1.3104209999999998,0.0005312709999999999,19.26086,0.01103943,0.06897449,19.13091,0.01285937,0.04771624,205191.53652645103,5.617125474685383e-16,3879.5615829181143
QSO,0.8486405999999999,0.00011526,20.75784,0.02656987,0.07966105,20.08555,0.02007394,0.05510914,164062.1337841063,1.4148882018458408e-16,7729.984981090844
QSO,1.554354,0.0006635619999999999,20.11127,0.01674807,0.08060504,20.02746,0.01922933,0.05576219,220110.4806240385,2.5665523393997376e-16,5739.375640276471
QSO,2.046895,0.0005686280000000001,20.07032,0.01761821,0.03099055,20.09611,0.02462564,0.02143912,241487.32018476113,2.665201967519184e-16,5632.1556716274035
QSO,2.971175,0.00028979200000000003,21.49899,0.06338557,0.1179029,21.20717,0.05324004,0.08156465,264039.526494882,7.149277016376688e-17,10874.483787088157
QSO,1.290224,0.000765547,21.23665,0.04143334,0.04084317,21.29408,0.05301033,0.02825511,203783.99974577804,9.10328469893707e-17,9636.973175118157
QSO,1.694365,0.000742924,21.28591,0.05368723,0.03727909,21.3702,0.07808485,0.0257895,227199.99394161784,8.69949664985832e-17,9858.08707992289
QSO,1.116955,0.000443397,19.87264,0.0163838,0.01697118,19.65273,0.01847677,0.01174058,190409.0623719613,3.1974379497061927e-16,5142.077881076438
QSO,1.596971,0.000368528,20.26539,0.01873167,0.07885539999999999,20.24333,0.02324995,0.0545518,222369.3030665477,2.2269072296115634e-16,6161.5311739085255
QSO,2.168914,0.000240577,18.04801,0.006246085,0.09614132,17.715670000000006,0.0060959790000000005,0.06651012,245492.1455126049,1.7165407790095214e-15,2219.2828144808745
QSO,1.791468,0.000526078,20.59332,0.02356023,0.04162497,20.61673,0.02865098,0.02879596,231598.08874698333,1.6463801649174045e-16,7165.964463012734
QSO,3.259142,0.000317766,20.25917,0.01974754,0.1850901,19.67735,0.0159943,0.1280445,268466.65792324033,2.239701419254943e-16,6143.907239507443
QSO,3.579106,0.000555985,21.63875,0.04614138,0.07016984,20.699820000000006,0.02915648,0.04854317,272499.1615509652,6.28576477969429e-17,11597.400364795089
QSO,1.82689,0.000537429,18.95896,0.009173973,0.05608945,18.94775,0.01063593,0.03880243,233107.50205399405,7.4177830151328815e-16,3376.001649206487
QSO,2.253694,0.000790844,21.75094,0.05636816,0.06249338,21.89042,0.0854461,0.04323263,248043.9886066491,5.668682397437897e-17,12212.333342782349
QSO,2.878448,0.000437079,19.98273,0.01645477,0.1015722,19.75876,0.01734092,0.07026716,262417.3487557984,2.8891236222780514e-16,5409.494083243778
QSO,6.605378,0.000630654,22.09218,0.08325961,0.1844455,21.42192,0.05946169,0.1275985,289602.67496130493,4.139864486108049e-17,14290.474526120055
QSO,1.564907,0.000448739,19.81964,0.01700564,0.08468967,19.84218,0.01875878,0.05858792,220678.4773747039,3.357392571660713e-16,5018.092356467542
QSO,0.9374466,0.00019792,20.16008,0.01785495,0.03495846,19.99349,0.02296116,0.0241841,173662.28554944595,2.4537263414106167e-16,5869.845226470926
QSO,1.595145,0.000485704,20.73894,0.0232991,0.05753312,20.64414,0.02991997,0.03980115,222274.40263327738,1.4397335503397258e-16,7662.996904300821
QSO,0.8967992,0.000189323,20.80368,0.02806464,0.03068017,20.59117,0.03498815,0.021224400000000004,169386.88137878475,1.3563948282507438e-16,7894.900303237507
QSO,1.327057,0.000245267,22.21556,0.08571957,0.03156479,21.52701,0.06484646,0.02183638,206329.20658257534,3.6951674632925544e-17,15125.949639241615
QSO,1.710475,0.0006842889999999999,21.95814,0.07252713,0.03872315,21.96407,0.1181889,0.02678849,227957.27384465924,4.6838407986410516e-17,13435.030296178731
QSO,1.259601,0.000476839,19.35317,0.0116705,0.06145568,18.94715,0.01065861,0.04251475,201593.16518003974,5.159292200855761e-16,4048.038647085289
QSO,3.405771,0.00035387900000000003,20.28073,0.01950203,0.1805865,19.64835,0.01775439,0.1249289,270416.6185342834,2.1956652332799245e-16,6205.212377573984
QSO,1.1902780000000002,0.000335742,20.68574,0.02604527,0.06667781,20.39215,0.03293309,0.0461274,196367.9183698172,1.5120359784713623e-16,7477.538367874045
QSO,2.256117,-1.0,21.20885,0.04843958,0.09904088,20.86677,0.05252036,0.06851602,248114.34041901064,9.339381696722846e-17,9514.383442931816
QSO,1.347033,0.000583002,21.10681,0.03538789,0.04823807,20.86106,0.0408212,0.03337087,207669.99827959473,1.0259687320677818e-16,9077.63361573521
QSO,0.5316550999999999,0.00016145,21.92002,0.08685706,0.03867407,20.76127,0.0553902,0.02675454,120596.17360344551,4.851210562507108e-17,13201.237673421267
QSO,0.8269434000000001,0.000364893,21.58218,0.06321793,0.03805824,21.39457,0.07015003,0.02632852,161566.70490219034,6.621953476130933e-17,11299.172791779001
QSO,1.6902700000000002,0.000702156,19.68686,0.01421635,0.06494379,19.57113,0.01620608,0.04492781,227005.68020220555,3.7941467559824557e-16,4720.441829118889
QSO,0.386102,4.18e-05,20.46319,0.02397461,0.05544484,19.77212,0.01884283,0.03835649,94545.04191685819,1.8560177497067328e-16,6749.143312272812
QSO,3.479957,0.000258787,21.16855,0.04310745,0.08569461,20.19123,0.02393626,0.05928314,271335.67123856273,9.692551677555152e-17,9339.435994301619
QSO,3.699349,0.000346141,19.83318,0.01532052,0.07920002,18.855320000000006,0.01040839,0.05479021,273818.2764755939,3.3157831879070583e-16,5049.479927053392
QSO,1.815035,0.0007533430000000001,20.56017,0.02221993,0.04802845,20.61525,0.02932238,0.03322586,232607.7246292044,1.6974231667095053e-16,7057.39865112996
QSO,2.434355,0.000430165,21.24532,0.04294096,0.08694018,21.03735,0.04944436,0.06014481,252930.8279078207,9.030881116245823e-17,9675.527466065883
QSO,0.8716486999999999,0.000336107,19.35276,0.01065828,0.1977128,18.72587,0.009263212,0.13677679999999998,166642.16979756407,5.16124084108638e-16,4047.27440105451
QSO,1.469211,0.0007965060000000001,20.09727,0.01634446,0.1539324,20.00669,0.01870275,0.1064897,215308.21596623096,2.599860975481641e-16,5702.491546092348
QSO,2.394319,0.000653691,21.65145,0.05079021,0.03103361,21.74756,0.07496063,0.02146891,251907.64915839792,6.212667704157871e-17,11665.427263836666
QSO,1.024709,0.000212491,21.47576,0.04138392,0.05208766,21.05627,0.04227861,0.036034,182214.02827782085,7.303888340179621e-17,10758.770664034178
QSO,1.5989,0.00029783,20.00548,0.01607243,0.04696883,19.92338,0.01835422,0.03249282,222469.37675466557,2.829216128534001e-16,5466.465985652728
QSO,1.495043,0.000439077,19.98005,0.01584122,0.0612235,19.86415,0.01770799,0.04235414,216807.67804389933,2.8962638606314685e-16,5402.821881704189
QSO,1.908326,0.0006648380000000001,21.56537,0.05353004,0.06158458,21.67124,0.08775894,0.04260393,236400.3997310535,6.725276202265927e-17,11212.040300330555
QSO,2.574242,0.0001213,19.95538,0.01546874,0.03778344,19.96249,0.02057652,0.02613841,256266.07288025835,2.96282585057293e-16,5341.7880241748735
QSO,0.8670757,0.000179032,20.65261,0.02170493,0.03180615,20.56248,0.02797596,0.02200335,166134.69995563105,1.558885168813468e-16,7364.319975856622
QSO,3.069135,0.000152686,19.85224,0.01407995,0.07237428,19.72309,0.0162179,0.05006819,265643.36875946634,3.2580828604120003e-16,5093.996592417198
QSO,1.634259,0.000904261,19.36308,0.01100398,0.05565583,19.29536,0.01222573,0.03850244,224271.52172090378,5.112415291844726e-16,4066.5549964257834
QSO,1.608011,0.000426876,19.65446,0.01364974,0.04959411,19.7013,0.01752353,0.03430897,222939.5575830266,3.909076100487688e-16,4650.532139612904
QSO,2.251982,0.00012890299999999998,19.28723,0.01066355,0.05277168,19.34572,0.01231741,0.0365072,247994.19676582338,5.482342012036973e-16,3926.9615601288674
QSO,2.443554,0.00057683,20.06586,0.01792844,0.04954458,19.96018,0.02068549,0.03427471,253161.4170468184,2.6761726329141795e-16,5620.599625425342
QSO,2.673474,0.0008297710000000001,21.30534,0.04156383,0.1184145,21.07415,0.04583111,0.08191860000000001,258425.83009490988,8.545197902256038e-17,9946.6915400789
QSO,0.2745061,5.36e-05,19.46149,0.02198754,0.1038755,18.58008,0.01527968,0.07186060000000001,71323.95858470735,4.669411248735954e-16,4255.089017972425
QSO,0.8088031,4.39e-05,19.53949,0.01382531,0.03676494,19.41369,0.01642693,0.02543382,159432.5826217746,4.3457238468240647e-16,4410.711481193203
QSO,3.430057,0.000254918,20.13681,0.01782895,0.06556323,19.5186,0.01498658,0.04535634,270722.2450599803,2.506883346043123e-16,5807.278447734111
QSO,2.273455,0.001017873,21.77786,0.0519144,0.28072240000000004,21.80046,0.06869489,0.1942025,248613.71828366816,5.5298598578341026e-17,12364.673419900986
QSO,2.96501,0.000181492,20.22097,0.01826493,0.16375179999999998,19.84777,0.01724297,0.1132827,263934.9133229131,2.3199045955568856e-16,6036.770284870448
QSO,2.577785,0.000805378,21.30436,0.03252784,0.01694388,21.37524,0.04872317,0.01172169,256345.99309543907,8.552914393996546e-17,9942.20354456793
QSO,1.425923,0.000470105,18.60795,0.007630926999999998,0.08223635,18.48911,0.008250935,0.05689073,212708.07188658297,1.0248920519917249e-15,2872.1072291506753
QSO,1.485657,0.000330563,19.13506,0.01053956,0.05291975,19.05292,0.01219787,0.03660963,216267.25204107008,6.307164021215505e-16,3661.1932256490345
QSO,2.213012,0.00028738,19.84022,0.01550717,0.040193900000000005,19.34832,0.01710017,0.02780595,246841.7122586513,3.294352938512635e-16,5065.877107795473
QSO,0.8796209,0.000377052,20.97088,0.03177672,0.049824900000000005,20.85304,0.05389618,0.03446864,167520.61621499146,1.1628029508301579e-16,8526.811261565663
QSO,3.169433,0.000425519,20.93304,0.03161639,0.1724128,20.15855,0.02505739,0.1192744,267178.265152263,1.2040433549831814e-16,8379.510511882914
QSO,1.111731,0.000238111,19.57464,0.01376782,0.03019221,19.26124,0.01422063,0.02088683,189966.4592528214,4.2072868719904786e-16,4482.6894199125945
QSO,1.591747,0.001820844,21.376,0.04139591,0.07231619,21.28422,0.05725108,0.05002801,222097.36060922538,8.006784231448634e-17,10275.681866428771
QSO,0.900767,0.000322305,21.34444,0.04240886,0.02259321,20.74377,0.03657669,0.01562988,169812.84824645607,8.242939744882781e-17,10127.416009699336
QSO,0.1226414,1.89e-05,18.46935,0.01025875,0.09172728,17.63382,0.007638495,0.06345651,34527.393286854545,1.1644427069936053e-15,2694.515276174347
QSO,1.110099,0.000656612,20.57261,0.02553683,0.09863658,20.35228,0.0281927,0.06823633,189827.67858716968,1.678085656271171e-16,7097.9453319843915
QSO,0.675607,0.00016695900000000005,19.61915,0.01273294,0.03029005,19.69682,0.01627604,0.02095452,142324.32742725263,4.038295780617218e-16,4575.522023664378
QSO,1.39175,0.001436513,21.96445,0.06606983,0.03367248,21.67481,0.07998448,0.02329447,210574.7263741829,4.656698553057954e-17,13474.127423313574
QSO,0.4998612,4.9e-05,18.77083,0.008388546,0.193673,18.86448,0.01047855,0.13398210000000002,115281.15247602195,8.821168647250195e-16,3095.8267613748417
QSO,2.314091,0.000246192,20.0881,0.01629428,0.1890781,20.11499,0.0203597,0.1308033,249756.99516737842,2.6219120842638205e-16,5678.461035820984
QSO,2.519108,0.0007294239999999999,21.57745,0.05668784,0.08135617,21.4514,0.06659376,0.05628182,254994.2295008361,6.650864887250518e-17,11274.587205956386
QSO,2.510422,0.000453915,21.78404,0.05682972,0.09911188,21.57421,0.06423699,0.06856514,254788.92291294303,5.498473359450303e-17,12399.913343333754
QSO,1.897975,0.000399249,19.82429,0.01678677,0.10884180000000003,19.30206,0.01517527,0.07529628,235995.01322002723,3.343044250465463e-16,5028.849633925466
QSO,1.5604209999999998,0.00039563,20.17866,0.02015345,0.06023677,20.25049,0.02966169,0.04167152,220437.7329367029,2.4120934269553125e-16,5920.285492559227
QSO,0.2854858,5e-05,18.2608,0.0069005740000000005,0.03359166,17.95579,0.00718666,0.02323855,73745.01160849136,1.4110361009769629e-15,2447.770238779826
QSO,0.5068175,7.55e-05,21.29262,0.03759606,0.04023628,21.0052,0.0440394,0.02783528,116461.1315029902,8.645898349693472e-17,9888.596364752224
QSO,2.730942,0.00034493,21.30387,0.04414007,0.16507539999999998,21.12947,0.0566989,0.1141984,259605.6080589886,8.556775252530928e-17,9939.960306246594
QSO,5.998857,0.0014488329999999998,21.52875,0.04750769,0.05762565,20.22593,0.02589734,0.03986516,287796.920941751,6.955976805698902e-17,11024.544380725267
QSO,2.127617,0.000353844,20.79924,0.02802053,0.042853,20.79075,0.03686558,0.02964551,244182.5917571589,1.361953014276065e-16,7878.77412779846
QSO,1.408813,0.000640859,19.46892,0.0121813,0.05244463,19.05993,0.01229231,0.03628095,211649.05673149726,4.637566233103192e-16,4269.673343860039
QSO,0.3188109000000001,2.72e-05,18.01005,0.006069496999999999,0.03820214,17.94461,0.006647139,0.02642806,80906.90619051225,1.777616714587499e-15,2180.8241615744614
QSO,2.169084,0.000573543,20.14573,0.01719047,0.2364137,19.88083,0.01756439,0.1635499,245497.4435205196,2.486372107709862e-16,5831.182718210502
QSO,0.9203724,0.000196453,19.07408,0.009348112,0.04221538,18.92836,0.01004852,0.02920441,171890.0178057469,6.671540475773721e-16,3559.8086179772413
QSO,2.954656,0.000360489,20.37003,0.02411324,0.09234329,20.34809,0.03450283,0.06388266,263758.2036118825,2.0223025300967055e-16,6465.7163775462495
QSO,0.7454141,0.000136999,18.1028,0.006165585,0.1114423,17.96905,0.006895334,0.07709529,151617.6637663518,1.6320675323540796e-15,2275.9915750260016
QSO,1.428837,0.000366271,18.75,0.008469397,0.08241693,18.74967,0.0099514,0.05701565,212886.6366558581,8.992037827383315e-16,3066.271808614045
QSO,1.2385,0.001112867,20.62796,0.0226365,0.01993169,20.36911,0.0221767,0.01378865,200042.55589536304,1.5946821213715616e-16,7281.194797543887
QSO,2.355061,0.000729402,20.96875,0.03682953,0.06784473,21.15654,0.05835863,0.04693468,250872.44581270596,1.165086379651042e-16,8518.45140251237
QSO,2.728724,0.000366347,20.25879,0.0210877,0.07523701,20.11102,0.02381303,0.05204862,259560.9931473712,2.240485436118432e-16,6142.832171515833
QSO,1.770047,0.0006765339999999999,20.272,0.01943275,0.1032259,20.1805,0.02647383,0.07141118,230661.38125548238,2.2133909260992585e-16,6180.315558077425
QSO,2.532616,0.000626884,21.73609,0.05715043,0.04149903,21.57686,0.06571154,0.02870884,255310.80508501327,5.746747627516014e-17,12129.102051132862
QSO,2.170531,0.000724928,20.52823,0.02408322,0.03762117,20.46714,0.03167705,0.02602615,245542.50858612798,1.7480994058620344e-16,6954.35169654976
QSO,2.478872,0.000451777,21.19959,0.03864711,0.04256881,21.14298,0.05703179,0.02944891,254031.5261169587,9.419375824645311e-17,9473.8968109298
QSO,2.330131,0.00017972599999999998,18.80494,0.008353733,0.056529099999999985,18.88788,0.01111619,0.03910657,250198.06595228476,8.548346649490217e-16,3144.8406905553256
QSO,2.439496,0.003250663,21.70256,0.07090847,0.09156096,21.25042,0.06541428,0.06334145,253059.9004785688,5.926989054290792e-17,11943.25349028572
QSO,2.539129,0.00021211,19.94543,0.01729179,0.1244978,19.59533,0.01594652,0.08612701,255462.27883430145,2.9901028381382013e-16,5317.367173101459
QSO,2.289076,0.000442985,20.5181,0.02549027,0.03601746,20.26734,0.02868009,0.02491671,249057.6590552476,1.76448562753931e-16,6921.984940565907
QSO,3.149784,0.00020725,21.55816,0.05139509,0.02993011,21.51291,0.07006378,0.02070551,266885.6718976087,6.770085059474014e-17,11174.874387951015
QSO,0.8675575999999999,0.000314981,20.20281,0.01735522,0.02417116,20.09604,0.02050517,0.0167215,166188.3003935783,2.3590335922053387e-16,5986.495358380939
QSO,2.4342900000000003,0.0013792020000000002,21.07128,0.02849372,0.0413115,20.77375,0.03043002,0.02857911,252929.19265967055,1.0600982686052183e-16,8930.312368655144
QSO,3.208885,0.000243723,21.72917,0.05193293,0.03072547,21.63137,0.06757943,0.02125574,267754.3007587446,5.783491813849879e-17,12090.51082185729
QSO,3.056848,0.0005364559999999999,19.8258,0.01389632,0.09694444,19.55089,0.01447178,0.06706572,265448.0670639699,3.3383981051648903e-16,5032.3478150373085
QSO,2.827858,0.000649331,20.40533,0.02295459,0.06832822,20.28548,0.02544805,0.04726914,261486.43429974865,1.9576097762470774e-16,6571.68366609131
QSO,2.20357,0.000355092,20.17978,0.01684086,0.02624553,20.05773,0.0200461,0.01815654,246556.87872929813,2.4096064953183137e-16,5923.339839466822
QSO,0.5748089,0.000192887,21.14412,0.0440639,0.03961527,20.86837,0.04731768,0.02740566,127499.08416950688,9.913114562547933e-17,9234.952162387945
QSO,3.73878,0.001165854,21.60932,0.06214283,0.08230269,20.60205,0.03761013,0.05693662,274230.38438906556,6.45847711750179e-17,11441.280947928746
QSO,0.6359149000000001,0.000294295,20.1473,0.01864442,0.1018537,20.15006,0.02187316,0.0704619,136694.13582312962,2.4827793535948765e-16,5835.400256133529
QSO,1.970582,0.000396029,20.11373,0.017112799999999997,0.0263663,19.94499,0.01986618,0.01824008,238762.01189089712,2.560743772372234e-16,5745.881301811003
QSO,2.521926,0.00061596,18.8464,0.008763967,0.04314963,18.43321,0.008032455,0.02985072,255060.54347543602,8.228072793009196e-16,3205.462127830921
QSO,0.8629196,0.000312948,18.8219,0.008329155,0.03512817,18.80125,0.00930129,0.0243015,165671.2153486064,8.41585269313413e-16,3169.49922642462
QSO,2.265295,0.000433078,21.96806,0.06192002,0.09422858,21.90109,0.09448969,0.0651869,248379.56739934825,4.641241054765832e-17,13496.546338107853
QSO,2.808928,0.000382342,20.89327,0.02597738,0.1762852,20.69567,0.02854046,0.1219533,261129.34699890955,1.2489645886996932e-16,8227.438603770192
QSO,1.232071,0.000608376,20.96976,0.03459424,0.08711534,20.33835,0.02789962,0.06026599,199563.30574371293,1.1640030685471515e-16,8522.414444851742
QSO,0.374522,4.95e-05,19.26569,0.01118036,0.08015928,19.119020000000006,0.0123371,0.05545382,92274.13534641756,5.59219266086279e-16,3888.2004850647572
QSO,1.111538,0.000226406,22.15011,0.09439312,0.05284417,21.83057,0.1111964,0.03655735,189950.05975600387,3.924769222547135e-17,14676.843052562019
QSO,2.870071,0.00024928,20.58892,0.02700445,0.04548734,20.3693,0.03328242,0.03146793,262265.5101407845,1.6530657401288957e-16,7151.458950258382
QSO,1.543969,0.000480493,21.07758,0.03159313,0.1183765,20.97016,0.04159498,0.08189233,219545.8427906343,1.053964844948394e-16,8956.259122770016
QSO,1.579381,0.000661699,21.02151,0.036422,0.1215175,20.93887,0.04069811,0.08406524,221448.18122039942,1.1098240331790072e-16,8727.958048295233
QSO,2.571357,0.000510129,21.20481,0.04149248,0.07614748,21.10385,0.04842737,0.05267847,256200.8365709566,9.37419806125969e-17,9496.698495947887
QSO,1.904721,0.001007951,21.36524,0.0577586,0.05725684,21.304170000000006,0.06216032,0.03961002,236259.6357938919,8.086528568847065e-17,10224.890131203505
QSO,1.63425,0.000362591,20.31089,0.022155200000000003,0.04295812,19.94756,0.02163059,0.02971823,224271.07067903076,2.1355125360702767e-16,6291.999075081599
QSO,2.413812,0.000477017,21.18797,0.04903105,0.1206973,20.98108,0.05873711,0.08349782,252409.84447447164,9.520727283889276e-17,9423.335423731964
QSO,2.17607,0.000740486,21.79401,0.06442266,0.1235879,21.70814,0.07130727,0.08549751,245714.51370591408,5.4482135903102124e-17,12456.976642115704
QSO,1.501341,0.000375954,18.87234,0.008689892,0.04034032,18.65686,0.009080075,0.02790725,217167.5245877761,8.033820521453377e-16,3243.9836010973027
QSO,2.3401810000000003,0.000593339,19.96,0.01585044,0.03466624,19.92408,0.01906903,0.02398194,250471.54570808815,2.9502452866596184e-16,5353.165250353986
QSO,1.559446,0.000191839,18.83495,0.008775050999999999,0.07903475,18.77886,0.009874753,0.05467587,220385.27089362065,8.315303884042946e-16,3188.6044665144627
QSO,3.084626,0.000733681,20.27744,0.02286918,0.05402226,20.17181,0.02813615,0.03737235,265887.2800401363,2.2023286330473612e-16,6195.817972683359
QSO,2.789513,0.000970931,21.61112,0.06328253,0.03966596,21.56868,0.08130309,0.02744073,260758.02052518516,6.447778729117388e-17,11450.768908079852
QSO,2.406664,0.000260093,21.28381,0.0507042,0.09482124,21.2009,0.05752967,0.06559689,252226.58644986554,8.716339251141309e-17,9848.558072919528
QSO,2.269945,0.001169495,20.54956,0.02481038,0.06081808,20.625770000000006,0.03318043,0.04207367,248513.18929866567,1.7140919890253358e-16,7022.99970397357
QSO,1.956693,0.000498217,20.69584,0.02618733,0.04917696,20.09605,0.02268288,0.03402039,238246.28119503832,1.4980355687677017e-16,7512.399067575044
QSO,0.4823833,3.74e-05,19.09539,0.01133652,0.035725,18.99994,0.0145681,0.02471439,112273.34299216085,6.541873248019079e-16,3594.9151982469743
QSO,1.696568,0.000692644,21.25192,0.03926704,0.04941026,21.15681,0.05324608,0.03418179,227304.2225164174,8.976150491016693e-17,9704.980120181634
QSO,1.8078490000000005,0.000725188,19.38404,0.01152195,0.05227232,19.25049,0.01286727,0.03616175,232302.15681853003,5.01466730372839e-16,4105.997211665047
QSO,2.105237,0.000470275,21.04317,0.03320931,0.03213907,21.0738,0.04757175,0.02223366,243453.71289220994,1.0879028768455683e-16,8815.453320620913
QSO,1.051961,0.000495123,21.00692,0.03450687,0.0414638,20.24444,0.02588805,0.02868447,184720.99477677833,1.124838377276369e-16,8669.511960880844
QSO,3.398035,0.000173334,19.45241,0.01169074,0.03834073,18.79187,0.009700778,0.02652394,270318.2698932087,4.708625228406205e-16,4237.333534623189
QSO,2.286236,0.0003664330000000001,20.18889,0.01825452,0.04457509,20.21052,0.02472237,0.03083684,248977.36513288427,2.3894729871062895e-16,5948.242286781066
QSO,1.601411,0.001879036,21.60065,0.04708642,0.03806648,21.31935,0.05423578,0.02633421,222599.36764277238,6.510256880297621e-17,11395.690619543224
QSO,2.194377,0.001108325,21.79234,0.05885663,0.04132947,22.0843,0.09063848,0.02859154,246277.41525080972,5.456600081965627e-17,12447.40011999168
QSO,1.8173740000000005,0.000925449,21.2333,0.04177367,0.06285004,21.44036,0.06603671,0.04347936,232706.7563376762,9.131415933019135e-17,9622.117370308433
QSO,1.208764,0.000594356,21.67365,0.05056154,0.06553423,21.1554,0.04972597,0.04533628,197798.616158145,6.086927446763908e-17,11785.30021579215
QSO,2.66741,0.000381704,21.48096,0.04374787,0.06316012,21.36703,0.05638847,0.04369388,258298.3938548676,7.26899090060448e-17,10784.565441283588
QSO,1.335914,0.000702327,19.49209,0.0142731,0.3278808,19.07616,0.0137765,0.2268264,206927.05829589366,4.539647433691174e-16,4315.475447855259
QSO,1.004525,0.000618834,19.54666,0.01177553,0.2493568,19.30672,0.01298116,0.1725039,180308.49604404028,4.3171200456849427e-16,4425.299310986004
QSO,2.2905330000000004,0.000322022,21.90239,0.06121025,0.06988514,22.13815,0.1104604,0.04834622,249098.78052987703,4.930626723401044e-17,13094.491862800234
QSO,1.6373950000000002,0.000741514,21.5396,0.04668492,0.03356218,21.586,0.06649029,0.02321816,224428.4508631642,6.886810377257334e-17,11079.767575065269
QSO,3.786263,0.000412725,21.15892,0.04400973,0.0745642,19.65321,0.01876229,0.05158317,274713.9464659108,9.778902706301513e-17,9298.109365679778
QSO,1.470052,0.000536814,18.34451,0.006661229,0.1523433,18.24695,0.007449899,0.1053904,215357.636195065,1.3063336835930573e-15,2543.9738928089455
QSO,1.989505,0.001292268,22.06061,0.06141289,0.02055901,22.06476,0.08762097,0.01422263,239454.68402785968,4.2620066715493394e-17,14084.215130332053
QSO,3.071806,0.0011739810000000002,22.31708,0.0687045,0.02462536,21.46625,0.05718422,0.01703571,265685.60823628993,3.3653181300734045e-17,15849.904510637016
QSO,1.004874,0.000200214,19.4717,0.01175904,0.05120758,19.28335,0.01231962,0.03542516,180341.80431981318,4.625707051494799e-16,4275.143039490795
QSO,1.103292,0.000392209,19.46107,0.01110074,0.04017056,19.2241,0.01180942,0.02778981,189246.19900081685,4.671217886559563e-16,4254.266090377593
QSO,2.946226,0.00020623,21.25221,0.0437835,0.07293223,21.089920000000006,0.04806007,0.05045418,263613.38464966,8.973753282541622e-17,9706.276306200554
QSO,1.12445,0.000591029,21.78211,0.06440271,0.07029904,21.48355,0.07371093,0.04863255,191039.76133719957,5.508256114320965e-17,12388.897223341937
QSO,2.3912880000000003,0.000583208,21.82551,0.06519532,0.04153675,21.90277,0.09785175,0.02873493,251828.86599793262,5.292417845953805e-17,12638.998145126374
QSO,1.656504,0.000286146,18.75442,0.008081505,0.2033725,18.70645,0.009129031,0.1406922,225374.69565543227,8.955505917768171e-16,3072.5195159686136
QSO,1.396514,0.000620466,20.32751,0.01955568,0.06111831,20.10527,0.020451,0.04228136,210876.53376133696,2.103071922114347e-16,6340.341498061163
QSO,2.173713,0.000573928,20.73142,0.02650538,0.05667208,20.57271,0.02902332,0.03920548,245641.41751476485,1.4497400114974563e-16,7636.505169911525
QSO,2.6863,0.000361453,19.01736,0.009568636,0.05020793,19.00448,0.01198734,0.03473361,258693.49167316372,7.029333123066997e-16,3468.028438446605
QSO,2.489863,0.000312922,20.05383,0.01682346,0.09055301,19.97124,0.01928337,0.06264415,254297.4753990966,2.705989612921168e-16,5589.547486736074
QSO,2.581307,0.000473486,20.05957,0.01751257,0.2106987,19.78814,0.01978271,0.1457604,256425.22730538607,2.691721510986058e-16,5604.342261345919
QSO,0.5185475,0.000175794,22.08065,0.08411655,0.1092605,22.10169,0.1617475,0.07558593,118429.06942277095,4.1840621335459667e-17,14214.796612231054
QSO,1.837834,0.000480245,21.58657,0.04586971,0.08370814,21.80618,0.07049758,0.05790890000000001,233564.14390196942,6.595232727513677e-17,11322.039093445415
QSO,0.8536214,0.000245097,20.76902,0.03072214,0.0396922,20.60383,0.03791242,0.02745888,164626.36899993508,1.4003936254543932e-16,7769.886058043615
QSO,1.447111,0.00016669099999999998,18.63703,0.007859735,0.04556906,18.47598,0.008812921999999999,0.03152446,213994.70555905084,9.978060323855811e-16,2910.8287121398166
QSO,1.131604,0.0006860989999999999,19.12564,0.01056994,0.06795263,18.96788,0.01120987,0.04700932,191637.0628159511,6.362123938467643e-16,3645.345111968003
QSO,1.782604,2.78e-05,22.340020000000006,0.1371239,0.07444805,20.88575,0.06253755,0.05150282,231212.70262492143,3.294959836645662e-17,16018.234605267631
QSO,2.035459,0.000374469,19.10723,0.009544417,0.1434605,18.98537,0.01172052,0.09924532,241090.26000929132,6.470921408507597e-16,3614.570086311799
QSO,0.9743941,0.00057495,21.10857,0.04525957,0.1213987,20.96696,0.0564107,0.08398306,177384.02401879546,1.0243069635745042e-16,9084.994110602256
QSO,1.111972,0.000571082,20.67901,0.02514373,0.03543333,20.45737,0.03080741,0.02451261,189986.93261040302,1.52143753073664e-16,7454.399262037591
QSO,2.28605,0.000600372,21.92636,0.07068301,0.06574812,22.31444,0.151894,0.04548424,248972.10000234423,4.822965165712304e-17,13239.837357182949
QSO,1.498332,0.0007506230000000001,21.4705,0.04747502,0.05152278,21.01114,0.0443959,0.03564322,216995.87743126764,7.339358894384213e-17,10732.74102264877
QSO,0.8906154000000001,0.000222964,21.3541,0.0424165,0.040794300000000006,21.15063,0.0452315,0.02822131,168719.21764748634,8.169926043699469e-17,10172.56913534913
QSO,0.5599799,2.98e-05,22.3207,0.1406603,0.1030203,21.32931,0.08362138,0.07126895,125166.44825053216,3.354116361991432e-17,15876.349473124115
QSO,2.20016,0.000520973,20.91949,0.03379827,0.04394643,20.82673,0.03942677,0.03040194,246453.46373804292,1.219163986112916e-16,8327.385119852463
QSO,4.987548,0.0010120110000000002,22.61315,0.1668775,0.0979644,20.89931,0.05112595,0.06777132,283521.81970115646,2.5621120864776376e-17,18165.219502881824
QSO,2.264707,0.000477029,20.97523,0.0372501,0.06612466,20.616,0.04160764,0.04574473,248362.63466884795,1.15815350328211e-16,8543.909708467661
QSO,1.877559,0.000681478,20.03151,0.015757399999999998,0.2274425,19.92815,0.01821795,0.1573437,235184.42193973382,2.762193666983256e-16,5532.388247935466
QSO,0.9523137,0.3783430999999999,23.83421,0.8075724,0.04921203,22.02038,0.3277288,0.03404466,175178.23598961515,8.320973237491494e-18,31875.18030743598
QSO,2.211844,0.00023383,19.46276,0.01244609,0.0467007,19.44201,0.01428799,0.03230733,246806.59766769182,4.66395256980175e-16,4257.578362810067
QSO,0.7307345999999999,0.000153679,21.14338,0.0441843,0.05845138,20.83014,0.05327474,0.04043639,149725.2369923513,9.919873299331992e-17,9231.805587616152
QSO,1.596047,0.001271064,21.98523,0.08297524,0.03524464,21.93913,0.11430610000000002,0.02438208,222321.3018767616,4.5684210629368955e-17,13603.687600959483
QSO,1.578978,0.000421116,21.66828,0.05499807,0.04505105,21.42173,0.0668318,0.03116611,221426.89500535672,6.117107675960091e-17,11756.191454085965
QSO,2.432036,0.000309807,19.0936,0.009652961,0.04084993,19.01535,0.01110791,0.02825979,252872.43579619893,6.552667408867695e-16,3591.9530391700087
QSO,0.4081731,5.76e-05,20.32789,0.01840941,0.04666769,20.13701,0.02118545,0.03228449,98788.54623415519,2.1023359905945575e-16,6341.451132511547
QSO,2.322155,0.000209057,19.11436,0.009615037,0.06634727,19.23309,0.01178091,0.04589874,249979.4505820632,6.428566269105669e-16,3626.457984018916
QSO,0.9403617,0.000315254,19.69594,0.01401012,0.04797985,19.58078,0.01647929,0.03319224,173961.50895151618,3.7625486596087066e-16,4740.221656600751
QSO,1.522992,0.000529099,21.34236,0.0515111,0.04613853,21.03729,0.05445313,0.03191842,218387.82268635064,8.258746299146867e-17,10117.719851648406
QSO,1.223075,0.000554891,19.42389,0.01351037,0.1018226,19.09845,0.01351575,0.07044043,198887.27222020252,4.833949679849692e-16,4182.044503798278
QSO,0.7369123000000001,0.000120261,22.0461,0.07113111,0.09783025,22.06539,0.1013076,0.06767851,150525.5508893754,4.3193473001438235e-17,13990.416703425224
QSO,2.258196,0.000932231,21.39723,0.0330333,0.0417761,21.39421,0.04567929,0.02890051,248174.59348231085,7.851743889318302e-17,10376.637616151187
QSO,2.489974,0.00024878,20.04575,0.015982299999999998,0.2526364,20.03981,0.01905724,0.1747727,254300.14975398153,2.726202584632461e-16,5568.787553819972
QSO,2.4370580000000004,0.000502378,21.23029,0.04079809,0.07340391,21.33632,0.06556164,0.05078048,252998.7554968762,9.156766194300606e-17,9608.788852246727
QSO,1.40002,0.000749506,20.92769,0.030262,0.2035288,20.75574,0.03548911,0.1408003,211097.7240843097,1.2099909587333813e-16,8358.89076991281
QSO,2.108891,0.000766814,19.00888,0.009866847,0.05476481,18.61619,0.009430691,0.03788604,243573.65916869877,7.084449766486462e-16,3454.511558307769
QSO,1.092824,0.000829202,22.25163,0.07471206,0.05221009,21.65259,0.07150547,0.0361187,188343.63074682734,3.5744244752639674e-17,15379.302883384298
QSO,2.518707,0.000180908,20.64702,0.02956378,0.04956716,20.65648,0.03653345,0.03429033,254984.78139419854,1.5669319111077308e-16,7345.386460236613
QSO,1.6772509999999998,0.001076309,20.0973,0.0159142,0.04864926,20.01016,0.01907522,0.03365533,226382.9419612315,2.599789139660572e-16,5702.5703294687355
QSO,1.548269,0.000506762,20.138720000000006,0.0177012,0.07061382,20.18284,0.02281231,0.04885031,219780.32452845533,2.5024771762533387e-16,5812.388704427356
QSO,0.6558969,8.31e-05,21.54177,0.05391583,0.1163076,20.49133,0.03955271,0.08046107,139561.086991514,6.873059841765797e-17,11090.845364003186
QSO,1.453352,0.000520268,19.28341,0.01136047,0.1227989,19.08792,0.01376166,0.08495171,214368.5543010718,5.501664782378143e-16,3920.0594202989164
QSO,2.514996,0.000323684,19.12181,0.01034797,0.04872688,18.77656,0.009938063,0.03370903,254897.20700619495,6.384606345404223e-16,3638.921191363037
QSO,0.969788,0.000186084,20.63672,0.02793983,0.1166248,20.38584,0.02985779,0.08068053,176928.3271165074,1.581867579355887e-16,7310.627404787541
QSO,2.474834,0.000588735,21.77014,0.06760406,0.06683497,21.84289,0.09426425,0.04623612,253933.2487839223,5.569319398041432e-17,12320.792687916677
QSO,2.102245,0.00260936,21.33305,0.0371202,0.03954262,21.21862,0.05034042,0.0273554,243355.22127455845,8.329868111791122e-17,10074.433862315267
QSO,2.5065470000000003,0.000389515,19.46967,0.01245865,0.08114778,19.21548,0.01308308,0.05613766,254696.88832479043,4.634363822041302e-16,4271.148291488834
QSO,0.6990592,0.000102346,21.10054,0.03622562,0.06205452,20.91251,0.04385363,0.04292903,145530.70488505645,1.0319107225187303e-16,9051.460283006625
QSO,0.6888773,9.02e-05,19.68735,0.01478711,0.08022514,19.54776,0.01714954,0.05549938,144149.36193864766,3.7924348185467726e-16,4721.507132769857
QSO,0.434972,0.000111712,19.30122,0.01145806,0.08847806,19.18646,0.01279866,0.06120871,103794.88795821936,5.412153744287194e-16,3952.3432071455386
QSO,2.3172330000000003,0.000647572,21.80635,0.07385664,0.09608028,21.85716,0.1099206,0.06646789,249843.84262408226,5.3866421514891435e-17,12527.968424246072
QSO,1.267004,0.0005373169999999999,18.44825,0.006943431,0.07557613,18.19116,0.007288296,0.05228321,202129.17080549573,1.1872935956797113e-15,2668.4597109767005
QSO,0.7978470999999999,0.000186267,21.93022,0.06189933,0.101438,21.5958,0.06531798,0.07017437,158122.11203840567,4.805849045082246e-17,13263.393365355625
QSO,2.580523,0.000412288,20.35933,0.02130531,0.09168669,20.32393,0.02811952,0.06342842,256407.60798459584,2.0423309800883506e-16,6433.934719429473
QSO,1.065335,0.000473288,21.2969,0.05043289,0.04634876,21.013,0.05469915,0.03206386,185924.3461706178,8.611883084951299e-17,9908.10613584132
QSO,3.050118,0.0007866780000000001,21.53567,0.05988587,0.04018917,21.42064,0.0710354,0.02780268,265340.3973052333,6.911783485104833e-17,11059.733193350634
QSO,1.883402,0.0006501909999999999,21.86741,0.0732509,0.05812238,21.44145,0.08840872,0.04020879,235417.9186664687,5.092067185936508e-17,12885.244094231555
QSO,2.294348,0.00056523,22.24359,0.1076721,0.04554911,22.60544,0.2283145,0.03151066,249206.22348014984,3.600991740174389e-17,15322.465427347184
QSO,2.226926,0.000305613,18.85498,0.008701758,0.04239679,18.5997,0.008684075,0.0293299,247257.43520126116,8.163306920123086e-16,3218.1527205024977
QSO,2.053619,0.0006421069999999999,20.89075,0.03154101,0.04726588,20.57064,0.03233076,0.03269831,241718.96798844886,1.2518668094539583e-16,8217.89617559763
QSO,2.249414,0.00040724,21.32184,0.040437,0.03458291,20.89241,0.04560224,0.0239243,247919.3784110576,8.416317783191866e-17,10022.559660259914
QSO,2.425113,0.00069154,21.77398,0.06633685,0.03691364,21.63064,0.08522716,0.02553669,252697.4833594365,5.549656783934688e-17,12342.599873294495
QSO,1.068234,0.0013781879999999998,21.51672,0.0472494,0.0371824,21.38102,0.06008932,0.02572261,186182.89330184256,7.033477867773042e-17,10963.637056967906
QSO,2.521103,0.000792277,20.41644,0.01965015,0.03770801,20.26415,0.02385623,0.02608623,255041.1912268968,1.9376803058064566e-16,6605.39282117417
QSO,2.369814,0.000859775,21.05034,0.02945836,0.08687202,20.48088,0.02718887,0.06009766,251265.25862480252,1.0807422383317541e-16,8844.609236426319
QSO,2.191761,0.00015079200000000002,19.87648,0.01605537,0.1059139,19.76638,0.02017219,0.07327075,246197.5008320542,3.1861493192574546e-16,5151.17910113755
QSO,1.0522,0.000390187,20.59926,0.02253376,0.06105976,20.3446,0.02308466,0.04224086,184742.65311410406,1.6373975084295262e-16,7185.593586847054
QSO,0.9135698,0.00017528200000000002,18.60226,0.007964923,0.09932226,18.39599,0.00810173,0.06871068,171174.45063987345,1.0302772858620656e-15,2864.5911780333
QSO,3.169523,0.0006627180000000001,19.32178,0.01123668,0.1006747,18.86532,0.01024122,0.06964628,267179.59652308194,5.310630986989154e-16,3989.942620337777
QSO,1.836312,0.001085741,21.79018,0.05914655,0.06623722,21.38326,0.06387784,0.0458226,233500.90761871712,5.4674664304308117e-17,12435.02463854157
QSO,2.543819,0.00034837,20.51899,0.02231739,0.03355338,20.49135,0.02905555,0.02321208,255570.88883916195,1.7630398355170243e-16,6924.822567803491
QSO,2.624801,0.000601654,21.79249,0.06158976,0.09178937,21.63767,0.07223414,0.06349947,257386.5462775817,5.455846276877391e-17,12448.259985628949
QSO,1.204811,0.0006419819999999999,21.52576,0.05962171,0.03869521,21.26364,0.06555659,0.02676917,197495.01364540786,6.975159213999956e-17,11009.374626061926
QSO,0.4929116,6.2e-05,21.45308,0.07081809,0.05677313,20.02334,0.03314091,0.03927539,114092.60261584687,7.458064332192807e-17,10646.985193630027
QSO,4.046636,0.000995814,22.27487,0.09140266,0.04648029,20.88509,0.04360227,0.03215485,277139.71511522774,3.4987275534012296e-17,15544.782509465935
QSO,0.4522824,2.04e-05,17.20935,0.004474733,0.0751707,17.08775,0.004770063,0.05200275,106945.57143599483,3.716362979466046e-15,1508.2754081832968
QSO,1.624288,0.000794586,21.41955,0.04353531,0.03952216,21.35068,0.05191888,0.02734125,223769.4494973307,7.691979625388518e-17,10483.846416558594
QSO,2.115864,0.00148056,21.7607,0.06677839,0.03571696,21.42395,0.06315538,0.02470883,243801.53089906808,5.617953305881217e-17,12267.347000077436
QSO,1.837423,0.000624042,21.4033,0.04908001,0.08841337,21.58519,0.09996905,0.06116395,233547.07616411577,7.80796980582947e-17,10405.684407625191
QSO,1.71659,0.0005845,19.77725,0.0199984,0.10302730000000003,19.72994,0.01997514,0.07127380000000001,228241.76047896876,3.491066528936128e-16,4921.082548046218
QSO,1.694336,0.000621019,19.74808,0.01332208,0.09537721,19.69605,0.0151639,0.06598151,227198.6204605435,3.586130794187767e-16,4855.41829188214
QSO,2.392231,0.000384192,20.47803,0.02172666,0.04717646,20.29284,0.02484117,0.03263646,251853.39711144188,1.8308220115267313e-16,6795.425414851375
QSO,2.070076,0.000315987,20.73317,0.02871078,0.03918407,20.53074,0.0364048,0.02710736,242280.34006955472,1.4474051888302575e-16,7642.661946504518
QSO,1.137234,0.000692063,19.60386,0.01267103,0.05376336,19.32263,0.01316048,0.03719325,192103.9210632959,4.0955678505031535e-16,4543.417537966807
QSO,1.7260669999999998,0.00048244,20.41336,0.02329814,0.0335889,20.12102,0.02257739,0.02323665,228679.47796673074,1.9431848918839123e-16,6596.030423430066
QSO,0.9852229,0.000615119,22.62951,0.1273714,0.04307865,22.11553,0.1080897,0.02980161,178446.25835495972,2.523795288153806e-17,18302.59417249486
QSO,1.7778349999999998,0.0005213430000000001,19.67673,0.01387626,0.04957216,19.50932,0.01516789,0.03429379,231004.06299067405,3.8297120845966144e-16,4698.472076151837
QSO,1.409384,0.001151758,21.66423,0.05152716,0.08139278,21.40182,0.05216482,0.05630715,211684.6915014695,6.139968247299449e-17,11734.285487512676
QSO,2.000772,0.000330647,19.61368,0.0125079,0.06381061,19.5141,0.0138321,0.04414389,239861.72988503834,4.0586922778529644e-16,4564.010659963794
QSO,1.69257,0.0007775880000000001,19.46193,0.01184346,0.03537291,19.40969,0.01349155,0.02447082,227114.91006011123,4.667519329971343e-16,4255.951303330539
QSO,1.298101,0.000494195,19.57356,0.01245913,0.044326,19.47689,0.0136084,0.03066452,204336.42964444004,4.2114740129212495e-16,4480.460471103425
QSO,1.821149,0.000321919,19.73711,0.01412275,0.04305841,19.84879,0.01852856,0.02978761,232866.14538610823,3.6225478037440793e-16,4830.95119600148
QSO,0.8296029,0.0003088,21.18809,0.03434673,0.0395642,20.98209,0.04044368,0.02737033,161875.89513265516,9.519675072371233e-17,9423.856190881306
QSO,1.335528,0.000350905,19.07734,0.009680828,0.1640104,18.82033,0.00976793,0.1134616,206901.11550238047,6.651538745408705e-16,3565.156920629262
QSO,2.735865,0.000207176,19.34215,0.01264624,0.06473044,18.73432,0.009828481,0.04478021,259704.3753888755,5.211924611755099e-16,4027.547305401922
QSO,2.06014,0.0006819689999999999,21.2147,0.03406139,0.0626199,21.33491,0.05196249,0.04332016,241942.352930708,9.289195972398794e-17,9540.04998321035
QSO,0.3122025,7.6e-05,19.71126,0.01366258,0.04961835,19.14259,0.01178361,0.03432574,79508.7096041919,3.7098309937182094e-16,4773.782742198582
QSO,1.913418,0.00039178,19.0169,0.008981035,0.05710709,18.95008,0.01049346,0.03950642,236598.46187368076,7.032311911372523e-16,3467.2938566416724
QSO,2.581476,0.000638887,20.63554,0.02431886,0.1240967,20.50367,0.02919911,0.08584952,256429.0239780717,1.5835877195099336e-16,7306.655815349011
QSO,1.763412,0.0007968999999999999,19.25807,0.01010239,0.04778412,19.28053,0.01257711,0.03305683,230367.49729163476,5.631578279181557e-16,3874.5801582435793
QSO,0.1236697,3.63e-05,19.71422,0.01883761,0.2281357,18.76938,0.01232311,0.15782320000000002,34798.197592581084,3.6997308012254793e-16,4780.294467615441
QSO,2.12176,0.000467831,20.11467,0.0163659,0.05660998,19.75137,0.01858441,0.03916252,243993.16479326316,2.55852771156793e-16,5748.369151808638
QSO,1.7419779999999998,0.000804858,21.62682,0.05488099,0.06738312,21.68034,0.08919438,0.04661533,229405.7815627892,6.355213209925948e-17,11533.859323986517
QSO,2.322202,0.000428606,21.34796,0.04446543,0.03974126,21.40173,0.06079371,0.02749282,249980.74291489075,8.216259079330292e-17,10143.846065768219
QSO,0.3855318,7.840000000000001e-05,21.68127,0.06300063,0.09726495,21.31546,0.05707347,0.06728744,94433.94480395294,6.044357248984979e-17,11826.72912784686
QSO,1.06336,0.000568158,20.24698,0.01843891,0.049430400000000006,19.8771,0.01786138,0.03419572,185747.73974593522,2.264989146112847e-16,6109.513799933128
QSO,3.072814,0.000687193,21.53353,0.05146207,0.1093956,21.38446,0.05863481,0.07567935,265701.5288976809,6.925420133688494e-17,11048.83912425654
QSO,1.6084889999999998,0.000726819,19.01398,0.009106242,0.05375897,19.03569,0.01110495,0.03719021,222964.11248207316,7.051250202462316e-16,3462.6344864318967
QSO,2.111484,0.001261865,21.05337,0.03415881,0.05082206,20.80211,0.03787014,0.03515847,243658.55281829543,1.0777303797608145e-16,8856.959322892342
QSO,2.4611560000000003,0.000328817,20.52119,0.02771178,0.03901127,20.27655,0.02816425,0.02698782,253598.05474858475,1.7594710490748533e-16,6931.8419200025055
QSO,2.388387,0.000607615,21.8761,0.07445025,0.1828578,21.79914,0.08624492,0.1265001,251753.28491176452,5.051474037121542e-17,12936.91277829209
QSO,2.259039,0.000303527,20.32775,0.02327896,0.06494872,20.26401,0.02667173,0.04493122,248198.9960182529,2.1026070932935173e-16,6341.042297227297
QSO,1.167951,0.00029080400000000003,21.07123,0.04017729,0.06926817,20.47394,0.03663983,0.0479194,194602.334794004,1.0601470890587483e-16,8930.106742981156
QSO,4.124146,0.000912496,21.99889,0.06499353,0.02851781,20.62276,0.03092794,0.01972849,277794.8894251611,4.511304328555952e-17,13689.533538875561
QSO,2.492629,0.0008640560000000001,22.88728,0.135408,0.09057215,22.12194,0.09238438,0.06265739,254364.04913871587,1.990426408680582e-17,20609.461773628376
QSO,0.5313144000000001,0.000156553,22.79389,0.1464329,0.09314453,21.94221,0.1075628,0.06443695,120540.26771177012,2.1692126340012946e-17,19741.886471626964
QSO,2.023105,0.000396769,21.55545,0.04558182,0.07905925,21.33418,0.05353927,0.05469282,240656.91927106018,6.787004313416868e-17,11160.936831046763
QSO,1.832349,3.769032,21.75313,0.05743193,0.2001789,21.31483,0.05622026,0.1384828,233335.844425323,5.657259823084814e-17,12224.656087958092
QSO,6.025258999999998,0.001511495,21.201220000000006,0.03500816,0.06015098,20.86848,0.0385765,0.04161217,287885.12646206684,9.405245262141288e-17,9481.010992563803
QSO,1.569341,0.000976123,21.68352,0.05045868,0.05625071,21.39673,0.05583904,0.03891398,220915.41046311762,6.031844336675048e-17,11838.98990141656
QSO,3.063891,0.0008832689999999998,21.00957,0.03894178,0.04121244,20.5938,0.03687481,0.02851058,265560.21562607813,1.122096286758591e-16,8680.098432446142
QSO,2.461546,0.000641055,21.96602,0.0807474,0.1157113,21.76554,0.09280461,0.08004857,253607.6615306966,4.6499697239994345e-17,13483.872897968267
QSO,4.208799,0.0007215769999999999,19.19805,0.01007752,0.08441246,18.72161,0.00917073,0.05839615,278478.87496173935,5.951660162568369e-16,3768.952378738647
QSO,1.69925,0.000831765,20.72744,0.02913424,0.04484916,20.56778,0.03490454,0.03102644,227430.8247175663,1.4550640982139058e-16,7622.521361430447
QSO,1.471401,0.000584332,20.40035,0.02075607,0.03260591,20.2765,0.02767887,0.02255662,215436.82277958392,1.9666094658023838e-16,6556.629601593173
QSO,3.00405,0.000291904,19.16408,0.0101517,0.03603449,18.94105,0.01036475,0.02492849,264589.88299062,6.140816573859851e-16,3710.4505678221744
QSO,2.894552,0.000386332,18.49913,0.007293425,0.09991526,18.3062,0.007563659,0.06912091,262706.72380552406,1.1329379515903008e-15,2731.722942455145
QSO,2.579654,0.00026671700000000003,20.50243,0.0245627,0.04156006,20.384,0.02788674,0.02875105,256388.06618245615,1.790136407252559e-16,6872.213607464435
QSO,2.429774,0.0015924510000000002,22.04097,0.06198779,0.04368078,22.32828,0.118412,0.03021816,252815.37670767878,4.339804094260761e-17,13957.40402202734
QSO,1.250982,0.000519218,19.82198,0.01591434,0.1941772,19.533620000000006,0.01609901,0.1343309,200963.90586385722,3.3501644451254438e-16,5023.502816745226
QSO,1.710034,0.000381582,20.57592,0.0223929,0.05937354,20.58763,0.02995003,0.04107434,227936.69472572493,1.6729775965383653e-16,7108.7730608030715
QSO,1.364199,0.000235357,20.70808,0.03008048,0.06371444,20.20753,0.02582958,0.04407736,208800.62910117503,1.4812423663492493e-16,7554.8639892352285
QSO,2.622814,0.0005411130000000001,20.36178,0.02257701,0.157579,19.90077,0.01950522,0.1090125,257343.3110593262,2.037727587843548e-16,6441.198010388986
QSO,0.9171217,0.00023502,21.43734,0.0637593,0.05014097,21.17037,0.07453992,0.03468729,171548.75512898574,7.566971969488647e-17,10570.089146861612
QSO,2.16247,0.000214757,19.87128,0.01461043,0.1628884,19.91022,0.01866155,0.1126855,245290.76575978743,3.201445590069531e-16,5138.858389820151
QSO,1.315924,0.0007053010000000001,20.43948,0.02238111,0.228966,20.09682,0.02113249,0.1583976,205570.0109848194,1.896994733569066e-16,6675.851232464841
QSO,0.8094441,7.809999999999999e-05,20.69666,0.02704459,0.2589027,20.40567,0.02703158,0.17910770000000004,159508.7476808813,1.496904607666296e-16,7515.236465125287
QSO,1.376533,0.000363662,21.35233,0.04522977,0.1727319,20.93068,0.048692800000000015,0.1194951,209600.95463062136,8.183255766548705e-17,10164.280698881832
QSO,1.355494,0.000929742,20.2962,0.0200983,0.5000340999999999,19.65591,0.01890785,0.3459212,208229.73848496669,2.1646023480090803e-16,6249.577385822508
QSO,2.3836150000000003,0.000447738,20.54758,0.02237279,0.1404395,20.48169,0.02808478,0.09715541,251628.5799350809,1.7172207404161575e-16,7016.598885073341
QSO,1.336267,0.00033381400000000004,19.77737,0.01507598,0.04875718,19.49163,0.01476298,0.03372999,206950.7742502696,3.490680703326123e-16,4921.354504632181
QSO,1.068757,0.001053414,21.79218,0.05391548,0.05460071,21.32231,0.04835255,0.03777252,186229.4505547953,5.4574042555223053e-17,12446.482995445429
QSO,2.352394,0.00081048,20.77339,0.02503727,0.1020404,20.71644,0.0315361,0.07059108,250800.94062812757,1.3947684828692006e-16,7785.538382605812
QSO,0.1883733,2.42e-05,19.53671,0.01440554,0.1414744,18.97955,0.01172085,0.09787136,51232.145531597795,4.3568652199688667e-16,4405.068336836563
QSO,1.074326,0.000230464,19.93943,0.01795265,0.02717208,19.66814,0.01755979,0.01879752,186723.56797709037,3.006672498565515e-16,5302.69502429484
QSO,0.5600255000000001,3.55e-05,21.469520000000006,0.0664942,0.03817677,20.5957,0.04557364,0.02641051,125173.68376398651,7.345986488377583e-17,10727.898357795239
QSO,0.8567268,0.000357063,20.48388,0.02271922,0.04015006,20.30712,0.02840471,0.02777563,164976.54825355185,1.8209839803014668e-16,6813.757139777796
QSO,1.6593220000000002,0.000457638,19.03334,0.009319465,0.1622553,19.00781,0.01092046,0.1122475,225512.80006624767,6.926632163792304e-16,3493.6440122894396
QSO,2.358527,0.0008292530000000001,21.74915,0.05417945,0.05987456,21.67518,0.06741127,0.04142094,250965.14627848912,5.678035784041114e-17,12202.270553518203
QSO,2.091742,0.000570936,21.27282,0.03549364,0.05065811,21.13225,0.03899606,0.03504504,243007.4994004884,8.805015507797252e-17,9798.839633269019
QSO,2.134539,0.000397655,19.59871,0.01213764,0.03256225,19.23059,0.01169315,0.02252641,244405.26395371513,4.1150406073718533e-16,4532.6548520826655
QSO,1.602056,0.000513214,21.20547,0.03602459,0.06072347,21.08936,0.04345044,0.04200822,222632.70806227974,9.368501382270127e-17,9499.58537288951
QSO,2.262951,0.00033959,21.1623,0.03540539,0.07685349,21.23813,0.04891916,0.05316689,248312.01859172602,9.74850738903731e-17,9312.593584543338
QSO,0.2819755,4.84e-05,19.21901,0.01373452,0.1112897,18.7287,0.01309362,0.07698968,72974.33033216106,5.837866041075299e-16,3805.5080950831702
QSO,1.289034,2.079133,21.3371,0.04253433,0.06810699,21.15556,0.05320236,0.0471161,203700.15236798735,8.298854019120535e-17,10093.241160950243
QSO,1.30889,0.00046405,20.69395,0.03031687,0.09751531,20.3428,0.02923645,0.06746064,205085.86030010166,1.5006455516814273e-16,7505.8632916788065
QSO,0.6108806999999999,0.000109206,22.74648,0.2962615,0.07992068,21.15745,0.1079625,0.05528876,133006.5093805676,2.266032452373277e-17,19315.5309265773
QSO,1.04404,0.000284977,21.38998,0.03840598,0.04633525,21.12003,0.04321749,0.03205451,183999.99138191302,7.904349324619413e-17,10342.050405196853
QSO,1.306194,0.0008754619999999999,21.70645,0.05286067,0.09538306,21.37927,0.05499213,0.06598555,204899.3668306246,5.905791700966058e-17,11964.667943699742
QSO,0.2343002,3.28e-05,18.64056,0.008400217,0.02624243,18.53677,0.009096111,0.01815439,62191.652503448364,9.945671833790319e-16,2915.5644765309553
QSO,3.050327,0.000654573,21.73289,0.06770138,0.03566655,21.29051,0.07536639,0.02467396,265343.7484456579,5.763710052528443e-17,12111.241109465756
QSO,0.6436524,0.000279668,20.593020000000006,0.02622447,0.03424017,20.3935,0.02822731,0.02368719,137812.22904019302,1.6468351394225603e-16,7164.97451682044
QSO,2.149864,0.001181055,21.3602,0.03926415,0.04291035,21.27624,0.04842008,0.02968518,244893.67546290043,8.124153588166927e-17,10201.185621966017
QSO,1.876585,0.000346949,18.70756,0.008200566999999999,0.04286652,18.67803,0.00923588,0.02965486,235145.38062631158,9.350484727433772e-16,3006.925375486789
QSO,1.541066,0.0013931629999999998,21.66066,0.05902917,0.104575,21.65362,0.07450476,0.07234452,219386.98716250953,6.160190252464756e-17,11715.009634786204
QSO,1.863753,0.000458485,20.26691,0.01980504,0.04317284,20.20013,0.02407403,0.02986677,234627.8430994157,2.2237918036931606e-16,6165.845668523627
QSO,2.600484,0.001418322,21.98836,0.08546057,0.09929878,21.66727,0.09200761,0.06869444,256852.96871569418,4.5552700170485676e-17,13623.31034367502
QSO,1.408828,0.000668513,21.48043,0.05093899,0.07131448,21.3197,0.05927214,0.04933503,211649.9931068873,7.272540110462774e-17,10781.933530247523
QSO,0.9421011,0.000400438,20.56738,0.02620318,0.07470572,20.30785,0.02674927,0.05168107,174139.58928108672,1.6861885084104558e-16,7080.870472896286
QSO,2.146273,0.000366746,20.10894,0.01910326,0.03681336,20.03139,0.02379048,0.02546731,244779.79104955663,2.572066098779543e-16,5733.2205663092755
QSO,2.322868,0.000404111,20.56676,0.02461078,0.104518,20.38943,0.02718429,0.07230510000000001,249999.050304964,1.6871516663314746e-16,7078.849027449392
QSO,2.9389380000000003,0.00039915,20.93294,0.0284742,0.1009628,20.78536,0.03121132,0.06984559,263487.4944739385,1.2041542565815262e-16,8379.12463004843
QSO,0.691228,0.00015754,19.23173,0.01049281,0.03202844,19.10431,0.01214759,0.02215713,144469.72440262846,5.769871288113981e-16,3827.865328793202
QSO,1.289591,0.00034662800000000003,21.11933,0.04106919,0.05565865,20.80822,0.04760598,0.0385044,203739.4113767643,1.0142058825720177e-16,9130.123457662978
QSO,0.4390001,5.07e-05,20.80334,0.03988751,0.08567763,19.91714,0.02961834,0.05927139,104533.80056920231,1.3568196519379873e-16,7893.6642497850835
QSO,2.38095,0.00055447,20.85548,0.03292426,0.05233015,20.94054,0.05216526,0.03620176,251558.73118217077,1.293201278220802e-16,8085.495693015168
QSO,1.310609,0.000647735,20.91268,0.03475552,0.1464711,20.65108,0.03524254,0.101328,205204.50166456684,1.226834909213276e-16,8301.310341563105
QSO,1.043608,0.000607307,21.84179,0.0779009,0.03895837,21.84323,0.103502,0.02695122,183960.4897279656,5.2136530278746877e-17,12734.111555103786
QSO,0.8218514000000001,0.00012789,19.33091,0.01111915,0.0418795,19.23703,0.01278311,0.02897204,160972.09893278658,5.26616091194402e-16,4006.753731964414
QSO,0.5134757999999999,3.67e-05,20.07512,0.01751773,0.02605969,20.07636,0.02342039,0.01802797,117581.53093063162,2.6534452144604196e-16,5644.619218757069
QSO,2.433961,0.000821737,21.50071,0.05647454,0.1121695,21.51826,0.08084404,0.07759835,252920.91451220348,7.137960251377196e-17,10883.10076129027
QSO,2.169662,2.3e-05,21.77069,0.06090974,0.2810859000000001,21.92179,0.09525974,0.1944539,245515.4511411529,5.56649886949624e-17,12323.913747251208
QSO,0.7747970999999999,0.000182508,19.88236,0.01589094,0.1087965,19.72758,0.01796597,0.07526493,155310.84874051172,3.168940793665219e-16,5165.146572616918
QSO,0.5986769000000001,7.36e-05,20.98381,0.08482829,0.03936142,19.93632,0.04887379,0.02723005,131169.26757648363,1.1490372953360766e-16,8577.735495080922
QSO,2.862203,0.000628621,19.90666,0.01632865,0.06430090000000001,19.76774,0.01736134,0.04448307,262122.07214763315,3.098804123525824e-16,5223.272095692151
QSO,2.114224,0.001691413,21.74543,0.07223938,0.0352691,21.67564,0.09769845,0.024399,243748.05757074672,5.697523500742776e-17,12181.38445474733
QSO,2.845446,0.000405126,20.7728,0.02902912,0.0486949,20.40377,0.035856599999999995,0.03368691,261813.89094660964,1.3955266200958148e-16,7783.423299932915
QSO,1.354458,0.000954728,21.10629,0.03360447,0.04024683,20.50693,0.03462228,0.02784257,208161.4595654485,1.026460224859736e-16,9075.460065514679
QSO,1.116685,0.000380576,19.27894,0.01115093,0.0403181,19.00218,0.01209121,0.02789188,190386.24737744586,5.524361948436793e-16,3911.9982344416158
QSO,1.218019,0.000659089,19.5068,0.01194336,0.137523,19.14875,0.01134868,0.09513779,198504.52015045646,4.47855719815578e-16,4344.808606941292
QSO,2.2988150000000003,0.000588844,21.45223,0.04341449,0.2324426,21.3583,0.05464364,0.1608027,249331.60859337065,7.463905379747359e-17,10642.818359018303
QSO,2.341804,0.000281457,22.1513,0.06563931,0.2074016,22.08521,0.09164078,0.1434795,250515.50475488786,3.920469912275025e-17,14684.888390690614
QSO,2.66996,0.000294661,21.2905,0.034367699999999994,0.1131719,21.1386,0.04113028,0.07829179,258352.05252088656,8.662796755495805e-17,9878.946878034722
QSO,2.355785,0.000464892,20.99543,0.03722361,0.03283063,21.2236,0.07555132,0.02271208,250891.83082702413,1.1368053929681645e-16,8623.759772700838
QSO,0.2974222,6.48e-05,19.58312,0.0146101,0.05457852,18.89866,0.01105142,0.03775717,76342.25093107774,4.1745544032836105e-16,4500.229374423057
QSO,1.21359,0.000924072,21.06581,0.03004893,0.04095636,20.84863,0.03743934,0.02833342,198167.56332715193,1.0654525795769423e-16,8907.844970814256
QSO,2.109142,0.001044773,20.65372,0.02476284,0.07827991,20.56471,0.02915836,0.05415368,243581.88492086978,1.5572922604117803e-16,7368.085386258369
QSO,0.8896937,1.01e-05,20.65438,0.02560988,0.08905197,20.39057,0.03132665,0.06160574,168619.30391159357,1.5563458974223658e-16,7370.32519157754
QSO,2.500701,0.0008028810000000001,21.27136,0.04242041,0.05038666,21.18311,0.05325431,0.03485726,254557.5201938346,8.816863661887519e-17,9792.253550285663
QSO,1.025461,0.0004943290000000001,20.58843,0.02442422,0.03681353,20.35513,0.02732131,0.02546743,182284.2119994932,1.65381194810863e-16,7149.845381727113
QSO,0.7199031,0.000341886,21.01105,0.03281948,0.04566509,20.82388,0.03834759,0.0315909,148308.1689578128,1.1205677652501045e-16,8686.016501907976
QSO,3.2719560000000003,0.00057641,19.41402,0.01171521,0.09680263,19.06622,0.011346,0.06696761,268644.555458492,4.878093554843315e-16,4163.078979159275
QSO,1.397725,0.000363855,19.36387,0.0116228,0.04935488,19.33822,0.01409347,0.03414348,210953.02266949607,5.108696765128326e-16,4068.0347126245856
QSO,1.179797,0.00091837,21.04087,0.03554659,0.06549183,20.66815,0.03696544,0.04530695,195544.28685832847,1.0902099093977553e-16,8806.12103137728
QSO,2.2602580000000003,0.000391318,20.04175,0.08719804,0.05027147,19.7211,0.09281398,0.03477757,248234.25308943313,2.7362648100465283e-16,5558.538910301495
QSO,1.698579,0.001124412,21.61343,0.06482483,0.03571259,21.21039,0.05865810000000001,0.0247058,227399.180268049,6.434075091451955e-17,11462.956652400477
QSO,1.982361,0.000826845,22.02794,0.0773913,0.03993289,21.92061,0.09961347,0.02762539,239194.51958845742,4.392200177953803e-17,13873.902882601951
QSO,3.878937,0.0004374580000000001,21.9367,0.0539528,0.03547702,20.64024,0.02863465,0.02454283,275619.57130985026,4.777251717142209e-17,13303.03243944854
QSO,1.277032,0.000831075,23.10585,0.2101499,0.08172710000000001,22.20562,0.13485170000000002,0.05653843,202848.71341835073,1.6274892372001286e-17,22791.906263630783
QSO,1.856875,0.001254902,22.03064,0.06446893,0.16729000000000002,22.07045,0.09340876,0.11573039999999997,234347.9836358595,4.3812912598526776e-17,13891.164366465455
QSO,0.5824630999999999,8.09e-05,20.51765,0.02802872,0.2709408,20.42555,0.04059757,0.1874356,128687.29306683347,1.7652170972077432e-16,6920.550627848831
QSO,2.748352,0.000446117,21.66634,0.05090541,0.05114409,21.47526,0.055613800000000005,0.03538125,259953.3064837557,6.128047531644362e-17,11745.69312749983
QSO,0.4781723,4.83e-05,21.17362,0.06100254,0.03745772,20.14524,0.03827508,0.02591307,111539.34397551628,9.647396437112703e-17,9361.267384524124
QSO,1.928745,0.000605807,20.13826,0.01729327,0.3034314,20.1996,0.02247615,0.2099124,237189.2780017645,2.5035376395457967e-16,5811.157551032495
QSO,0.7737603,0.000174862,20.39164,0.01910901,0.09443297,20.26481,0.02300753,0.06532829,155182.64329729998,1.9824494638890614e-16,6530.382957596572
QSO,2.816015,0.000190922,20.66792,0.02397603,0.04661186,20.38764,0.03070234,0.03224587,261263.60223832712,1.537057538281451e-16,7416.425698654299
QSO,1.694881,0.00054542,19.20368,0.01049635,0.1195811,19.20235,0.01402696,0.08272562,227224.426215801,5.920878173001361e-16,3778.7368610165754
QSO,1.926003,0.001497161,21.73235,0.05195062,0.07425205,21.69567,0.07405807,0.05136722,237084.1674502264,5.766577395012782e-17,12108.229670292856
QSO,1.880434,0.000997365,21.89577,0.05646124,0.04272563,21.86046,0.08397449,0.0295574,235299.46418795115,4.960781802180936e-17,13054.632487114694
QSO,1.580492,0.000690208,21.41451,0.04301864,0.03976509,21.18214,0.04548962,0.02750931,221506.82092026298,7.727768886447791e-17,10459.541565255813
QSO,1.7976599999999998,0.001507962,21.84982,0.07532934,0.06762695,21.88189,0.1074364,0.04678401,231865.4603261935,5.175235595070049e-17,12781.288859993872
QSO,0.7513759,0.000223437,21.10652,0.03817008,0.09073916,20.99947,0.0441374,0.06277293,152377.13828466416,1.0262428047843177e-16,9076.421379301133
QSO,2.929245,0.000400844,20.67814,0.024236700000000003,0.04426277,20.45724,0.02688621,0.03062078,263319.062644643,1.5226571466138554e-16,7451.413256629257
QSO,0.7705418,0.00017283,20.40794,0.01996219,0.1293314,20.24032,0.02258017,0.08947083,154783.6867570285,1.9529095321016588e-16,6579.587246352956
QSO,1.888326,0.000304586,18.24412,0.006601607,0.1206447,18.21313,0.007691386999999998,0.08346146,235613.74825791345,1.432881004066752e-15,2429.0399079413955
QSO,2.5887,0.0007922910000000001,18.89823,0.0092889,0.1529056,19.26164,0.01476297,0.10577939999999998,256590.86190786163,7.844515495254307e-16,3282.8924118898994
QSO,1.094193,0.000519275,21.90101,0.06382312,0.06970743,21.42479,0.05491874,0.04822328,188462.24749308915,4.936897667377283e-17,13086.172780358023
QSO,1.571129,0.000779082,20.28546,0.02104258,0.1971162,20.19469,0.02321011,0.13636410000000002,221010.66729622506,2.186120643017364e-16,6218.743585295371
QSO,1.636169,0.0014172820000000002,20.31145,0.01902152,0.06534458,20.3074,0.02609752,0.04520508,224367.1558654596,2.1344113674243278e-16,6293.621925017425
QSO,1.104263,0.001651525,21.52073,0.05529391,0.05147883,21.14653,0.05900924,0.03561282,189329.40591609155,7.007548709141488e-17,10983.90201780588
QSO,1.812515,0.000569992,18.94871,0.009696718,0.08339178,18.93927,0.01102969,0.05769004,232500.79425945325,7.488142926449597e-16,3360.1034621311555
QSO,2.473892,0.000421007,19.23815,0.01025656,0.04769313,19.16982,0.01343489,0.03299389,253910.27799044168,5.735854487378939e-16,3839.199232556758
QSO,0.4652606,0.000186887,19.36688,0.01281299,0.03487784,19.1106,0.01478914,0.02412833,109265.89839854256,5.094553475340669e-16,4073.6775542955397
QSO,0.8577305000000001,0.000176805,18.35409,0.006348168,0.04437868,18.16456,0.00693118,0.03070097,165089.46724246768,1.2948579429844711e-15,2555.222071208066
QSO,1.937635,0.000252531,19.84402,0.01397369,0.08968378,19.87941,0.01832101,0.06204282,237528.32165303992,3.2828430895805304e-16,5074.749975097911
QSO,0.4869429,5.56e-05,20.35094,0.02305883,0.06068944,20.09618,0.02201155,0.04198467,113064.00342212066,2.0581741779712765e-16,6409.123645349204
QSO,1.457529,0.000501679,20.76931,0.0295999,0.04639218,20.66088,0.03478874,0.0320939,214617.47708302925,1.4000196304472206e-16,7770.923795117986
QSO,0.4778300999999999,3.98e-05,17.969260000000006,0.005794346999999999,0.08019008,17.92967,0.00655335,0.05547513,111479.53637494778,1.845670306249879e-15,2140.2408553624987
QSO,2.244072,0.000378061,21.58124,0.0468592,0.05444768,21.56013,0.06737397,0.03766666,247763.23615284267,6.627689060498419e-17,11294.28259661918
QSO,2.219706,0.000163804,18.71421,0.008207153,0.0924309,18.71278,0.009532128,0.06394327,247042.309653587,9.29338919471992e-16,3016.1480132130982
QSO,1.835511,0.001304346,20.4586,0.02281933,0.1607132,20.45948,0.02912041,0.1111807,233467.59267838323,1.8638807594565698e-16,6734.892221679833
QSO,2.065872,0.000382821,20.37879,0.02524793,0.03492393,20.2185,0.0274253,0.02416021,242137.68463874425,2.0060517172274674e-16,6491.852595018878
QSO,1.113212,0.001114648,21.6272,0.05705248,0.03862759,21.2337,0.06210213,0.02672238,190092.1890074337,6.352989319403238e-17,11535.87788523526
QSO,0.9971765,0.000443644,20.04374,0.01963773,0.07201458,19.89999,0.02173294,0.04981935,179604.18516115355,2.731254219179904e-16,5563.635250677351
QSO,2.508925,0.000994116,21.58328,0.05009495,0.09901817,21.30212,0.05384851,0.06850031,254753.4003953309,6.615247924528505e-17,11304.898049278143
QSO,2.031458,0.0007905389999999999,21.34405,0.04654206,0.06165018,21.27579,0.05725801,0.04264931,240950.4211195965,8.245901167675257e-17,10125.597272531817
QSO,3.078388,0.000354957,21.62931,0.06529761,0.05214397,21.30984,0.06141451,0.03607295,265789.36946365045,6.340655024471059e-17,11547.092640662046
QSO,1.179037,0.001015053,20.93566,0.0352858,0.03667115,20.62477,0.03874073,0.02536893,195484.2081859934,1.2011413697250532e-16,8389.626950532804
QSO,1.559869,0.0006362609999999999,20.03718,0.02018606,0.1739491,19.48959,0.02103081,0.1203372,220408.03741163667,2.747806365057194e-16,5546.852917493517
QSO,2.111671,0.000232879,19.36257,0.01158212,0.0434249,19.0024,0.01111099,0.03004114,243664.66793466097,5.114817297277395e-16,4065.6000225052267
QSO,1.367924,0.000643021,21.79995,0.07009611,0.03775567,21.08796,0.05296459,0.0261192,209043.3885694794,5.4184881160867934e-17,12491.098990666367
QSO,2.684673,0.000693448,22.00321,0.07498662,0.26806890000000005,21.58916,0.08820906,0.1854488,258659.67891277242,4.4933901112308554e-17,13716.795064280534
QSO,0.5258459,9.33e-05,19.55858,0.01223153,0.05371651,19.53319,0.01511497,0.03716083,119639.85682514931,4.2699827957207096e-16,4449.658180846067
QSO,2.1194330000000003,0.000246727,20.18457,0.01923768,0.03945236,20.03452,0.02493956,0.02729296,243917.64547265155,2.3989993218611035e-16,5936.42041749918
QSO,1.221708,0.000394907,20.00856,0.0147548,0.27713720000000003,19.59865,0.01465017,0.1917222,198783.98664702987,2.821201624213629e-16,5474.22508097628
QSO,3.153386,0.0003927680000000001,21.393420000000006,0.04608815,0.04012928,20.99553,0.04294186,0.02776125,266939.5975734268,7.879345155396364e-17,10358.447043721932
QSO,0.8133889,0.0004889769999999999,20.61848,0.02780371,0.06419306,20.45924,0.03171638,0.04440847,159976.25386189207,1.6086668976176605e-16,7249.47656223479
QSO,3.168248,0.000574808,20.85927,0.02857628,0.09404569,20.59444,0.03078697,0.06506038,267160.72797625046,1.288694945692969e-16,8099.620112248199
QSO,2.086598,0.000162576,18.84467,0.00913523,0.09365196,18.91451,0.01128611,0.06478799,242836.06504591054,8.241193763365333e-16,3202.909370987689
QSO,0.9200111,0.000549666,22.38457,0.1025078,0.09725388,21.20932,0.05528254,0.06727979,171852.14930750284,3.162497021835632e-17,16350.259508959036
QSO,1.007361,0.000659666,20.81795,0.03533419,0.06788818,20.52269,0.03732727,0.04696473,180578.79213783683,1.3386841617892956e-16,7946.953102424471
QSO,1.16986,0.000593842,21.18242,0.04021413,0.07148959,20.86174,0.04334169,0.04945617,194754.9315514136,9.569519355886224e-17,9399.28136119116
QSO,2.697235,0.000430597,21.55725,0.0535476,0.09342454,21.40647,0.06429311,0.06463066,258919.69413751434,6.775761723748975e-17,11170.192309028984
QSO,2.1663240000000004,0.001081424,21.7346,0.05299607,0.08399738,21.75284,0.07237224,0.05810899,245411.33599893376,5.754639537222469e-17,12120.78227555781
QSO,3.113541,0.0003758980000000001,18.75678,0.008508334000000001,0.2822082,18.43093,0.008305294,0.1952303,266335.7552328291,8.936061009723756e-16,3075.8606073864057
QSO,2.418026,0.0008666710000000001,20.1213,0.01792108,0.1968937,19.95466,0.01961376,0.1362101,252517.39993768447,2.542951780791429e-16,5765.947053513043
QSO,1.7978310000000002,0.0013157020000000002,22.84142,0.14565250000000002,0.08842988,22.4847,0.1424365,0.06117538,231872.8227595682,2.076300101559339e-17,20178.768136308558
QSO,5.064069,0.001536131,24.72132,0.5620881,0.09197152,22.40209,0.1467223,0.06362548,283919.05683755496,3.675615931073888e-18,47959.50037337178
QSO,0.7986655,0.000369715,19.84522,0.0152319,0.04671385,19.82224,0.01814453,0.03231642,158220.57037298504,3.2792167616634067e-16,5077.555160602318
QSO,3.217218,0.000215985,20.09525,0.016762,0.08384731,19.76029,0.01545999,0.05800518,267874.05368844495,2.6047024899865505e-16,5697.189301967216
QSO,1.47821,0.000425042,19.58065,0.01261077,0.0913945,19.38684,0.01326162,0.06322629,215834.9093745616,4.184062133545967e-16,4495.1133770695415
QSO,0.4331944,3.98e-05,19.51923,0.01240705,0.05093287,19.53183,0.01659581,0.03523512,103467.68782516489,4.427577025073157e-16,4369.750594373064
QSO,0.8304529,7.43e-05,20.34015,0.02482437,0.04963594,20.25626,0.02752909,0.03433791,161974.51811074253,2.0787301982329053e-16,6377.355839053605
QSO,1.20549,0.000572993,21.175420000000006,0.03241966,0.04104638,20.66449,0.03069207,0.0283957,197547.2526679306,9.631415642862796e-17,9369.030442901278
QSO,0.7565951,7.62e-05,18.43544,0.007265059,0.04719727,18.21111,0.007375508,0.03265085,153037.746403995,1.2013847786435846e-15,2652.7642131919447
QSO,2.351241,0.001236942,21.95257,0.08659353,0.1065856,21.95123,0.09869086,0.07373542,250769.98033124636,4.707931390874715e-17,13400.6125324661
QSO,1.998894,0.000643928,21.73704,0.05276536,0.06518213,21.82141,0.08118804,0.04509269,239794.15886790387,5.741721524052879e-17,12134.409587067328
QSO,0.6291135,0.000146148,21.44491,0.04235156,0.04636034,20.97384,0.04083376,0.03207187,135702.92748310065,7.51439681416625e-17,10607.001984622899
QSO,2.11457,0.000790375,20.67622,0.02549817,0.14053179999999998,20.54617,0.02758946,0.09721924,243759.345293773,1.5253521734278008e-16,7444.8276834908975
QSO,1.844941,0.000952223,21.48763,0.04283543,0.2277522,21.44774,0.05390016,0.1575579,233858.28138041557,7.224472216169884e-17,10817.742764147528
QSO,2.11896,0.000316446,20.49448,0.02260857,0.1456895,20.21726,0.02451724,0.1007874,243902.2768563189,1.8032922872714808e-16,6847.099675945386
QSO,0.9618315,0.000359163,22.03077,0.06722274,0.07762264,21.69716,0.06661648,0.05369898,176135.66897097506,4.3807666998681746e-17,13891.996016647414
QSO,2.237785,0.000433159,19.74437,0.01403287,0.06106095,19.77795,0.01759225,0.04224169,247578.59633963346,3.598405693153105e-16,4847.129804189993
QSO,0.9969978,0.000139281,18.41664,0.007157288,0.07700721,18.14488,0.007204917,0.05327323,179586.9867947851,1.2223684308769679e-15,2629.8964576928142
QSO,1.231477,0.000310289,20.97098,0.03354856,0.08527289,20.65854,0.03790322,0.05899139,199518.86343656405,1.1626958576524339e-16,8527.203944777477
QSO,1.057434,0.000680158,20.24472,0.0198754,0.04548923,19.99303,0.02273227,0.03146924,185215.55292349067,2.2697087149273823e-16,6103.1585184137675
QSO,2.36395,0.000454604,20.79109,0.02980825,0.03275659,20.88883,0.04619887,0.02266086,251109.6757568815,1.3722148825037388e-16,7849.258828051593
QSO,1.350606,0.00056285,20.71167,0.02475892,0.01420348,20.34964,0.02593832,0.009825903,207906.9579654828,1.4763527087145243e-16,7567.364444565431
QSO,1.546338,0.0007873810000000001,21.2889,0.03858885,0.04561898,21.17044,0.0468832,0.031559,219675.14663207254,8.675572135502318e-17,9871.670482026206
QSO,0.8612325000000001,0.000297073,20.9967,0.036179400000000014,0.06460980000000001,20.70393,0.03856015,0.04469676,165482.44947514203,1.1354764340651413e-16,8628.804910835566
QSO,2.239738,0.001035618,21.5723,0.06173396,0.01571584,21.45983,0.07373432,0.01087214,247636.05479629844,6.68248704067183e-17,11247.879372138104
QSO,0.7946510999999999,0.000219059,20.0897,0.01759638,0.03978665,20.09686,0.02284187,0.02752422,157736.73100873793,2.618051137377923e-16,5682.646622372981
QSO,1.950229,0.0006504680000000001,20.65055,0.02964139,0.07039789,20.32991,0.02912234,0.04870094,238004.1116433914,1.561845696253439e-16,7357.337015586183
QSO,1.922458,0.000638101,21.89281,0.05635465,0.1330654,21.96983,0.08526787,0.09205401,236947.89759524434,4.9743246391624435e-17,13036.849444092972
QSO,1.113772,0.000553104,20.18746,0.01680716,0.09849037,19.84477,0.01677947,0.06813519,190139.67825303334,2.392622184432844e-16,5944.326424767731
QSO,0.1004272,4.49e-05,20.3488,0.02069743,0.17289920000000006,19.27985,0.01326815,0.1196108,28602.41670613065,2.0622348662219203e-16,6402.810524173097
QSO,0.8938558000000001,0.000221532,18.34971,0.006630734,0.05591613,18.23838,0.007221476,0.03868252,169069.6615398618,1.3000921176401254e-15,2550.073217903083
QSO,1.2711370000000002,0.000990343,21.83481,0.07116172,0.0495317,21.39274,0.05879678,0.0342658,202426.63218080637,5.247278622710806e-17,12693.24463167732
QSO,1.850472,0.00271245,21.72706,0.05430843,0.04579638,21.53251,0.06260478,0.03168172,234085.8946211549,5.794742275118399e-17,12078.76828838401
QSO,1.7987229999999998,0.001242631,20.77037,0.03287892,0.04699605,20.823,0.04696208,0.03251165,231911.2093926334,1.3986534637709818e-16,7774.718082346958
QSO,1.130656,0.000584006,19.55504,0.01282213,0.0739433,19.13581,0.01258338,0.05115363,191558.17487683598,4.2839276268582974e-16,4442.410123102721
QSO,1.262633,0.001176067,22.03659,0.1039269,0.07411791,21.67743,0.1106439,0.05127443,201813.19121606904,4.3573467851202505e-17,13929.27941139654
QSO,1.106248,0.000220184,19.94148,0.0153879,0.0929319,19.56381,0.01543032,0.06428986,189499.2343824474,3.001000896776956e-16,5307.703449721029
QSO,0.6682359999999999,4.99e-05,20.71259,0.02247957,0.04920463,20.31815,0.02102138,0.03403953,141298.37477944765,1.475102249170635e-16,7570.571231939969
QSO,3.023537,0.000457246,21.68804,0.0485455,0.1479107,21.41675,0.05127361,0.102324,264910.2572514944,6.006785520304136e-17,11863.658861808855
QSO,0.08223131,2.8000000000000006e-05,16.87171,0.00425206,0.08527756,16.14392,0.003599738,0.05899462,23641.886706863264,5.071940209199052e-15,1291.078503330031
QSO,1.481149,0.0006008130000000001,20.62029,0.02407342,0.1508848,20.477870000000006,0.03361594,0.1043814,216005.91423733553,1.6059873688107612e-16,7255.521779609772
QSO,2.8680220000000003,0.002082396,21.67995,0.05297011,0.1044342,21.46096,0.060024199999999986,0.0722471,262228.23297526326,6.051710235393046e-17,11819.54205126729
QSO,1.822789,0.000850762,21.04939,0.02910944,0.0401537,21.08614,0.03723687,0.02777814,232935.22035693924,1.0816882825249691e-16,8840.740644303047
QSO,3.193741,0.00028623,21.6323,0.0463066,0.03685693,21.74788,0.07185449,0.02549745,267534.9682366401,6.323217568228997e-17,11563.00331391855
QSO,1.7541830000000005,0.00119835,19.13355,0.01020031,0.04629315,19.16315,0.0121498,0.03202539,229955.7286197828,6.315941883996991e-16,3658.648187535711
QSO,2.314181,0.000612453,21.24839,0.04372968,0.06158418,21.11459,0.05573975,0.04260365,249759.48589568376,9.005381694887397e-17,9689.216277659943
QSO,3.024725,0.000806602,21.558770000000006,0.05352625,0.0403978,20.46162,0.03223871,0.02794701,264929.64976452995,6.766282485723017e-17,11178.014023016462
QSO,2.432932,0.00124411,21.83362,0.07114529,0.05940180000000001,21.85965,0.1059649,0.04109389,252895.0095223492,5.253032953030397e-17,12686.29044569416
QSO,1.216403,0.3751567,23.10261,0.1877301,0.04809917,21.74275,0.1209432,0.03327478,198381.75666972692,1.6323531633977264e-17,22757.924384958325
QSO,1.241059,4.394475,21.70914,0.06617023,0.01993813,21.32142,0.06972657,0.01379311,200232.4241517006,5.89117773147637e-17,11979.498848331874
QSO,1.360702,0.00056916,21.90198,0.06757226,0.06163013,21.72081,0.07004862,0.04263544,208571.89401123382,4.9324889977637544e-17,13092.019699290033
QSO,1.57639,0.001096091,20.76008,0.02309713,0.04258325,20.45234,0.02492908,0.0294589,221290.001845619,1.4119721321438617e-16,7737.963024078443
QSO,1.553632,0.000419195,19.81845,0.01401711,0.06386632,19.65837,0.01591547,0.04418242,220071.40829417916,3.361074393660047e-16,5015.3431187005335
QSO,1.932301,0.00088202,21.80818,0.05586094,0.08535131,22.02159,0.08828075,0.05904564,237325.21413829553,5.37757065480066e-17,12538.530771391728
QSO,1.820135,0.00172293,21.91026,0.0605057,0.06128568,21.50457,0.05837936,0.04239715,232823.3855135497,4.8950161072289773e-17,13142.035927091601
QSO,1.276643,0.000795939,20.76569,0.02362836,0.07794809,20.51426,0.02748235,0.05392413,202820.94028253676,1.4046952867208648e-16,7757.9799008934415
QSO,3.054832,0.000305632,20.3044,0.02353434,0.09915777,19.83374,0.02071055,0.06859688,265415.8660700608,2.148315813276866e-16,6273.221902715741
QSO,1.027168,0.000203121,20.95965,0.03513984,0.07014896,20.72153,0.04872671,0.04852872,182443.31118289212,1.1748924830600616e-16,8482.82778291462
QSO,1.910012,0.000627857,20.69303,0.02736542,0.05978103,20.6756,0.03851297,0.04135624,236466.07854936676,1.5019176645489835e-16,7502.683913676566
QSO,1.776575,0.000736533,22.24052,0.08031552,0.06251117,22.29233,0.1164483,0.04324494,230948.78694360497,3.6111882214343436e-17,15300.818027146766
QSO,0.1649692,2.49e-05,17.14629,0.004293969,0.07803924,17.02524,0.004534266,0.05398718,45424.219821234394,3.938602254883173e-15,1465.104661390063
QSO,0.9192536,0.000265917,20.72484,0.02923638,0.1208027,20.53233,0.03588975,0.08357076,171772.7047089995,1.4585526988606855e-16,7613.4000410902745
QSO,0.7276989,0.000148219,18.96646,0.008937523000000001,0.206709,18.89195,0.009877071,0.1430003,149329.86859418315,7.366719356032686e-16,3387.682105635598
QSO,1.661573,0.001137685,20.93646,0.0292702,0.2235359,20.94664,0.03545609,0.1546411,225622.85394182705,1.2002566620354299e-16,8392.718372751207
QSO,0.7259102,0.000288065,21.25777,0.03638947,0.1949975,21.14915,0.04291388,0.1348984,149096.2589228139,8.927916611230827e-17,9731.160824864337
QSO,0.3497292,4.71e-05,18.74599,0.008474907,0.1143355,18.64505,0.009240575,0.07909676,87306.98012581705,9.025309943628902e-16,3060.61463159085
QSO,2.162205,0.000442041,20.91532,0.02851377,0.1041573,20.94081,0.03497053,0.07205556,245282.4611442207,1.2238554472937187e-16,8311.408921047452
QSO,0.8487155000000001,0.000427283,19.37564,0.01169337,0.1517325,19.25835,0.01312854,0.1049679,164070.642204646,5.053614677140121e-16,4090.1444879275464
QSO,2.544697,0.000210207,20.35745,0.02012911,0.3641872,20.20862,0.02535504,0.251943,255591.17818918635,2.0458704294942118e-16,6428.3668095499515
QSO,2.361439,0.001078964,20.31606,0.0221079,0.05522176,20.25342,0.0240673,0.03820216,251042.83211544293,2.1253679400159322e-16,6306.99737314482
QSO,2.943769,0.000149243,19.89793,0.01594318,0.03991688,19.492520000000006,0.01509819,0.02761431,263571.01504884637,3.123820892552518e-16,5202.315059150122
QSO,0.1125616,2.45e-05,18.49924,0.009184806,0.04276835,17.53752,0.006329793,0.02958694,31856.66951410915,1.132823175218905e-15,2731.8613264997357
QSO,2.301169,0.000372701,20.66405,0.02882764,0.1319076,20.64034,0.03600885,0.09125304,249397.50174375786,1.542546004559155e-16,7403.219909561118
QSO,2.548482,0.00013374600000000002,21.06762,0.03631003,0.193641,21.07383,0.04900345,0.1339599,255678.48881167138,1.063677873524618e-16,8915.273073895794
QSO,2.550525,0.000309928,20.59679,0.028152,0.1754904,20.12471,0.02080471,0.1214035,255725.5111659824,1.6411267528801808e-16,7177.42478594489
QSO,2.5906990000000003,0.000500649,20.5462,0.02474886,0.08089717,20.35872,0.02674343,0.05596429,256635.48923857816,1.719404761974082e-16,7012.141158481087
QSO,2.4268490000000003,0.0006125330000000001,21.29809,0.04767309,0.1073997,21.27398,0.06976189,0.07429864,252741.44334375465,8.602449369155567e-17,9913.537417200083
QSO,1.388722,0.000526691,22.00094,0.07897283,0.0735013,21.75028,0.09126461,0.05084786,210382.14479470105,4.5027944819694366e-17,13702.463380689005
QSO,2.157817,0.001415709,21.8383,0.0707035,0.04048476,21.49674,0.08041381,0.02800717,245144.68210285678,5.230438803714112e-17,12713.661673019355
QSO,2.076351,0.001344434,21.89318,0.06538213,0.04003252,22.14746,0.1211823,0.02769431,242492.32293886683,4.972629764717913e-17,13039.070999038486
QSO,1.963397,0.00020663400000000005,19.0262,0.009429229,0.1120953,18.89938,0.01015051,0.07754701,238495.99818349854,6.9723330687109345e-16,3482.1754562275564
QSO,0.7127017,0.000238876,21.43717,0.05173149,0.04453253,21.1245,0.06749602,0.0308074,147356.1489871369,7.568156866835534e-17,10569.261669242951
QSO,1.3039,0.0005046580000000001,19.20713,0.00980086,0.08197758,18.84274,0.009908505,0.05671171,204740.27452072004,5.902094043096549e-16,3784.745228335677
QSO,4.20317,0.0008753480000000001,21.87027,0.06736186,0.03668946,20.22029,0.02385966,0.0253816,278434.37782212964,5.078671530628061e-17,12902.226155327358
QSO,1.88576,0.000759567,21.09308,0.03453711,0.02931444,21.0448,0.04887376,0.0202796,235511.8045405003,1.0390253061198173e-16,9020.417733992368
QSO,2.206491,0.000366141,20.12217,0.01691741,0.03667942,19.95201,0.01820551,0.02537465,246645.2326043265,2.5409149306877964e-16,5768.257641919989
QSO,0.8307694999999999,0.000136373,17.630770000000005,0.005281022,0.07782464,17.59455,0.005541267,0.05383873,162011.22792053001,2.5208681152608552e-15,1831.3217360944188
QSO,1.677922,0.001068242,20.38696,0.02059535,0.0475864,20.43578,0.02786571,0.03292006,226415.22385659374,1.991013135290279e-16,6516.323703775729
QSO,2.581478,0.000753557,22.07434,0.0860029,0.09886721,21.74932,0.09128951,0.06839588,256429.06890620184,4.208449548936835e-17,14173.550326450653
QSO,0.7728983,0.000158829,20.23303,0.01876319,0.1555694,20.20521,0.02653573,0.1076222,155075.9365609441,2.2942784466332093e-16,6070.390787387344
QSO,2.85375,0.001079342,22.33414,0.09951237,0.08221625,22.17641,0.1318903,0.05687682,261967.071616768,3.312852692450297e-17,15974.918460826411
QSO,3.293631,0.0003621330000000001,21.67545,0.05804776,0.05003749,21.44452,0.06480528,0.0346157,268942.1017411652,6.076844525866551e-17,11795.07346227785
QSO,1.963318,0.000606334,19.25365,0.01103703,0.05634163,19.21265,0.01347839,0.03897687,238493.0640355413,5.65455099681189e-16,3866.7015287264303
QSO,1.472742,0.0004133,20.46413,0.02561172,0.03835927,20.57347,0.03742093,0.02653676,215515.4354206082,1.8544115569155772e-16,6752.065554360903
QSO,1.333979,0.000766344,20.95295,0.03056657,0.03391885,20.66161,0.03803655,0.02346491,206796.90555702723,1.1821650762847927e-16,8456.694660101088
QSO,2.270419,0.000407029,21.95235,0.06253775,0.04979212,22.38372,0.12077730000000003,0.03444596,248526.78175905286,4.7088854438423814e-17,13399.254935010147
QSO,1.266008,0.000436144,19.19554,0.01053993,0.1102989,19.04075,0.01292525,0.07630426,202057.29583418518,5.965435099636574e-16,3764.598372167677
QSO,0.8522003,0.000121994,20.64579,0.02621137,0.08932126,20.589170000000006,0.03514935,0.06179203,164465.70822407704,1.568708050064349e-16,7341.226947564595
QSO,0.9249996,0.000156869,19.52569,0.01226015,0.03843883,19.1554,0.01199213,0.0265918,172373.65343632599,4.4013116888958613e-16,4382.769695865394
QSO,2.191035,0.0004047430000000001,20.56647,0.02198702,0.05094553,20.49107,0.02546844,0.03524388,246175.29205373442,1.6876023645115912e-16,7077.903710743997
QSO,1.785667,0.000799985,20.83673,0.02372064,0.04593455,20.197370000000006,0.02139998,0.03177731,231346.22748423833,1.315728024831357e-16,8015.980464345613
QSO,1.395192,0.000330135,18.7087,0.01163082,0.02945793,18.66752,0.01284511,0.02037886,210792.92761954252,9.340672069120946e-16,3008.50439388681
QSO,1.998285,0.000374595,20.45413,0.02038208,0.01868371,20.43108,0.02575685,0.0129253,239772.22323172496,1.8715702157910097e-16,6721.042631123473
QSO,2.349637,0.000498428,20.90381,0.02718701,0.28998509999999994,20.84315,0.03593528,0.2006103,250726.8624205617,1.2368986775925972e-16,8267.47042712852
QSO,2.445019,0.000963932,20.40814,0.02030787,0.1286262,20.31387,0.02246717,0.08898304,253197.98710792488,1.952549826002703e-16,6580.193276641718
QSO,2.407433,0.000273594,20.16319,0.01917297,0.05255884,20.07365,0.02182524,0.03635996,252246.35133850624,2.4467079054312047e-16,5878.258088385196
QSO,0.8315289,0.000181963,20.81815,0.0302716,0.07873202,20.52069,0.02906998,0.05446645,162099.22662353443,1.3384375897645119e-16,7947.685077562562
QSO,0.7317263,0.00030319,20.53232,0.02262601,0.119837,20.34534,0.02480438,0.08290266,149854.0954996631,1.7415266519849133e-16,6967.4626630183175
QSO,1.25368,0.000595791,20.20664,0.02167703,0.04194404,19.43976,0.01480217,0.02901669,201161.48868896157,2.350726619100399e-16,5997.063537481774
QSO,1.748768,0.000880621,21.46246,0.0496147,0.1130131,21.48666,0.08077859,0.07818195,229712.49637069163,7.393909408283601e-17,10693.075915546096
QSO,1.94061,0.000930774,21.68765,0.05297439,0.05814146,21.52236,0.06242103,0.04022199,237641.1899356651,6.008943564897437e-17,11861.528320583524
QSO,0.4957425,0.000109895,21.17131,0.13014260000000002,0.07664653,20.04101,0.07774591,0.05302371,114577.93145073221,9.667943978649115e-17,9351.314216518678
QSO,2.674223,0.000337147,20.01761,0.01554042,0.09085511,19.70119,0.0172662,0.06285315,258441.53074845218,2.797783632840039e-16,5497.087502512619
QSO,2.42363,0.0005390519999999999,20.26571,0.01940035,0.02557503,20.06234,0.02395264,0.01769269,252659.88256155362,2.2262509879696866e-16,6162.439237604676
QSO,1.7334619999999998,0.0006764,20.8082,0.03324116,0.05855097,20.93143,0.04699982,0.04050529,229018.37346182863,1.3507597940836887e-16,7911.350945099951
QSO,3.036138,0.001019202,21.18344,0.03851057,0.03139303,20.56883,0.03298343,0.02171756,265115.14742385095,9.560533447366794e-17,9403.697497910134
QSO,0.468869,3.07e-05,20.32941,0.02290475,0.04746684,20.08296,0.02262269,0.03283734,109904.74363460204,2.099394838872026e-16,6345.891612643989
QSO,2.022432,0.000464967,20.6664,0.02149828,0.02574777,20.5321,0.0267981,0.01781219,240633.17981995485,1.5392108823512002e-16,7411.236121999226
QSO,4.235635,0.000878202,22.59064,0.09833548,0.03667937,21.09841,0.04261029,0.02537462,278689.1362304666,2.6157854829333805e-17,17977.8871559779
QSO,1.454762,0.000392108,21.95784,0.07673854,0.0361074,21.68549,0.08305863,0.02497893,214452.69650712074,4.685135170496995e-17,13433.174306359899
QSO,0.1709027,2.3800000000000006e-05,18.01031,0.006489843,0.03826716,17.52429,0.005764068000000001,0.02647304,46911.14423227915,1.7771910817226393e-15,2181.0852969342504
QSO,2.867761,0.001197205,21.67846,0.06730492,0.06232349,21.72804,0.1118282,0.0431151,262223.48074043007,6.060020945005277e-17,11811.434613729765
QSO,2.152631,0.002008359,21.69154,0.06266186,0.08027079,21.42521,0.06826658,0.05553096,244981.19469444337,5.987453108497603e-17,11882.796239400353
QSO,2.502213,0.000424053,21.70827,0.07016551,0.07216455,21.90967,0.1024476,0.0499231,254593.62633635156,5.895900221721059e-17,11974.700225787945
QSO,1.671111,0.000262827,21.45785,0.05092052,0.151002,21.62313,0.09042601,0.1044625,226086.60021695335,7.42537044697671e-17,10670.398772403558
QSO,2.030118,0.001266798,21.56188,0.04503649,0.1162353,21.41175,0.05417675,0.08041103,240903.479142627,6.746928770663974e-17,11194.034733073187
QSO,1.7800779999999998,0.001203283,20.68282,0.02278493,0.07504112,20.72474,0.03275702,0.0519131,231102.30561963186,1.5161079505140567e-16,7467.490007119421
QSO,0.7202029000000001,0.000137709,21.1863,0.03075323,0.05852153,20.98058,0.03879935,0.04048492,148347.63056710162,9.535382638088566e-17,9416.091067195093
QSO,1.674889,0.001407904,21.37581,0.05143735,0.1340632,21.30339,0.06310506,0.09274432,226269.14410142347,8.008185513007794e-17,10274.782801750966
QSO,1.42658,0.000445689,20.76605,0.02389445,0.07777649,20.61098,0.02776381,0.05380541,212748.376988411,1.404229605947001e-16,7759.266172952267
QSO,1.9873,0.00049682,20.32208,0.02156888,0.0933316,20.34929,0.02951453,0.06456637,239374.55647068034,2.1136161816585982e-16,6324.506599806223
QSO,1.09366,0.000593573,18.52499,0.007244111,0.03739746,18.3019,0.007466220999999999,0.02587139,188416.08661791333,1.1062725215988862e-15,2764.4494319118085
QSO,1.179484,0.000466196,21.197470000000006,0.04187143,0.02713981,20.56226,0.03280437,0.01877519,195519.5497782641,9.437785991946727e-17,9464.651996188899
QSO,2.309729,0.0005151569999999999,20.91244,0.03163557,0.02935492,20.99212,0.04819905,0.02030759,249636.06135768615,1.2271061287987233e-16,8300.392897538528
QSO,1.834925,0.001072363,21.73037,0.05942878,0.08952817,21.77086,0.101843,0.06193518,233443.20470081235,5.77710319360495e-17,12097.194131550332
QSO,1.161555,0.000698232,20.46959,0.02440697,0.07580364,20.37721,0.02776942,0.05244061,194088.81044579082,1.8451094161857624e-16,6769.064465027853
QSO,2.379608,0.000339029,21.53327,0.06227415,0.08116645,21.666120000000006,0.1053258,0.05615057,251523.50195747113,6.927078754667507e-17,11047.516277055645
QSO,2.392611,0.000907129,20.93781,0.03064859,0.06093395,21.07737,0.05045734,0.04215382,251863.2772301953,1.1987651951967001e-16,8397.937731033338
QSO,1.0332370000000002,1.24e-05,20.16723,0.02014246,0.07441035,19.60438,0.01783062,0.05147673,183006.5675447199,2.437620677511141e-16,5889.204701326006
QSO,2.684377,0.000419972,20.83235,0.02598007,0.1862317,20.70526,0.03064516,0.12883419999999998,258653.5229836117,1.3210465621416613e-16,7999.82801013367
QSO,3.128728,0.001354349,20.97157,0.0313971,0.0624303,20.46653,0.03002843,0.04318899,266567.82120193343,1.16206420863891e-16,8529.52114385777
QSO,2.802931,0.000838883,22.21148,0.08744629,0.2251736,21.92242,0.08601949,0.1557741,261015.20435475506,3.709079356136142e-17,15097.556032598623
QSO,0.9718903,0.00012106,20.62724,0.02451551,0.09900837,20.40384,0.02508817,0.06849354,177136.6027988373,1.595739976777151e-16,7278.7809555811
QSO,2.283309,0.000501615,21.42562,0.04280735,0.09870824,21.07849,0.04000957,0.0682859,248894.41805376206,7.649096240109835e-17,10513.19331214955
QSO,1.252048,0.00031224400000000004,19.88745,0.01658351,0.2441757,19.65063,0.01745901,0.1689196,201042.03854515057,3.154119367827328e-16,5177.268040531164
QSO,1.897125,0.000517087,20.31738,0.01965915,0.05957979,20.34171,0.02896395,0.04121702,235961.558036705,2.122785562313215e-16,6310.832451772369
QSO,0.1395377,1.42e-05,16.62306,0.004271491,0.1041954,16.55558,0.004618542,0.07208192,38938.47825474971,6.3772600253996375e-15,1151.3905219883468
QSO,0.8069149,7.53e-05,20.02549,0.01827887,0.2262518,19.75081,0.01885229,0.15652,159207.89846783958,2.777551532234375e-16,5517.071979656956
QSO,1.349175,0.000234751,19.27408,0.01135019,0.1160366,18.75816,0.009930218,0.08027357,207812.15796024338,5.549145665193634e-16,3903.252532054659
QSO,1.595094,0.000148801,18.29386,0.0065890490000000005,0.06518852,18.093120000000006,0.006831421,0.04509712,222271.74969322924,1.3687184617285711e-15,2485.3219193602677
QSO,1.207181,0.000265271,20.16919,0.01657163,0.02858666,19.81776,0.01708039,0.01977612,197677.18825048345,2.4332241890712885e-16,5894.522775869832
QSO,1.688347,0.000639167,19.803,0.013265,0.21766710000000006,19.52567,0.01407945,0.15058110000000002,226914.1741462352,3.4092443167834296e-16,4979.785658362132
QSO,0.7110446,0.000348279,19.21724,0.01127742,0.07367954,19.13743,0.01299236,0.05097117,147135.9560798751,5.847390868588091e-16,3802.407431754938
QSO,1.310427,0.000511395,21.37074,0.03658996,0.05409895,20.38404,0.02554351,0.0374254,205191.95034606225,8.045668324531588e-17,10250.821004316638
QSO,1.396956,0.000176215,17.78414,0.005580397,0.08508042,17.615270000000006,0.005688709,0.05885824,210904.462044968,2.188780068116254e-15,1965.3443298628845
QSO,1.246865,0.0010170510000000002,22.54805,0.1208782,0.04947514,21.81935,0.08997133,0.03422667,200661.3348599231,2.720433568911349e-17,17628.714733740424
QSO,0.4626614000000001,6.59e-05,18.52205,0.007408125,0.10513039999999997,18.31916,0.007887525,0.07272871,108804.03763973937,1.1092721901389444e-15,2760.709121053346
QSO,1.612898,0.000706787,21.23946,0.03759364,0.0586395,21.24876,0.04973634,0.04056653,223190.07636919792,9.079754898362972e-17,9649.451999841282
QSO,2.487507,0.00034873900000000004,20.54906,0.0229395,0.1918939,20.35269,0.02683295,0.1327513,254240.65747105225,1.714881539344464e-16,7021.382784692753
QSO,2.259579,0.000473463,21.05839,0.03705985,0.08752444,20.9013,0.04351305,0.060549,248214.61872956908,1.072758897327064e-16,8877.458486815645
QSO,3.230458,0.0003376,20.33173,0.01982241,0.15732079999999998,19.86983,0.01751195,0.1088338,268062.97402732575,2.094913643562294e-16,6352.675183099354
QSO,2.3875040000000003,0.00020375900000000005,20.25797,0.01731852,0.1700068,20.17882,0.0205999,0.1176099,251730.2452711401,2.242178197209245e-16,6140.512928863136
QSO,1.442381,0.000589467,19.91553,0.01607412,0.2065935,19.70622,0.01582016,0.1429204,213709.8231423529,3.0735913494182904e-16,5244.651679973067
QSO,2.846409,0.000269009,21.21519,0.04080149,0.09363236,20.82256,0.03866358,0.06477443,261831.70161054967,9.28500464207986e-17,9542.20297024962
QSO,2.0728560000000003,0.000949849,21.67841,0.05770683,0.09135237,21.31372,0.05738942,0.06319715,242374.3941648085,6.060300025709112e-17,11811.162648528218
QSO,1.636367,0.000952615,22.08959,0.07518522,0.11042939999999997,22.00073,0.0909022,0.07639452,224377.05987686862,4.1497518307435276e-17,14273.439879670905
QSO,3.040649,0.000205856,19.72359,0.01464134,0.1133123,19.62846,0.01720224,0.07838895,265188.0658675986,3.6679391749956334e-16,4800.966218482608
QSO,1.128291,0.000800657,21.37953,0.03993505,0.08933629,21.1488,0.04730143,0.06180243,191361.02217383948,7.980794445546378e-17,10292.39985745131
QSO,2.387508,0.000214281,19.66272,0.01374312,0.1029876,19.5096,0.01528685,0.07124633,251730.3496772563,3.879449699278317e-16,4668.255849949567
QSO,1.1677110000000002,0.000419916,21.36653,0.03951024,0.06748796,20.99024,0.04044604,0.04668786,194583.12842899817,8.076926395519953e-17,10230.966205157347
QSO,1.261179,0.000348397,19.11255,0.009484556,0.1144174,18.897,0.01047797,0.07915344,201707.76377052703,6.439292087278127e-16,3623.4364608975543
QSO,0.8686002,0.000440871,19.01162,0.009340005,0.1688435,18.90666,0.01021689,0.1168051,166304.166224735,7.066593753903646e-16,3458.8732697051605
QSO,1.256297,0.000505936,20.59918,0.02858282,0.04822562,20.32405,0.03156108,0.03336226,201352.6110852755,1.637518160781487e-16,7185.328864672602
QSO,0.2719638,5.58e-05,20.91448,0.04343829,0.04423997,19.60962,0.0212078,0.030605,70758.96962302605,1.2248026721853334e-16,8308.194404814516
QSO,2.461364,0.000936998,21.665470000000006,0.0522907,0.09394595,21.72028,0.08418802,0.06499138,253603.17872830655,6.132959901633227e-17,11740.988160409865
QSO,2.347635,0.000233003,20.28169,0.01892768,0.04398444,20.20857,0.02229749,0.03042823,250672.9681951856,2.193724700191343e-16,6207.956285732907
QSO,0.9353854,0.000597739,21.51546,0.05218112,0.04986116,21.3885,0.06201969,0.03449372,173450.12434255154,7.041644977203691e-17,10957.277236066433
QSO,2.578654,0.001198117,21.822,0.07232554,0.1666085,21.87674,0.102926,0.115259,256365.562575165,5.3095550161859253e-17,12618.58478495813
QSO,0.9244835,0.000263366,21.21056,0.03993991,0.1263204,20.88477,0.04422194,0.08738789,172319.83438619462,9.324684044714602e-17,9521.878819489184
QSO,1.861157,0.000320565,19.44576,0.01231792,0.05157797,19.50003,0.01496417,0.0356814,234522.41694332976,4.737553476232004e-16,4224.376812358804
QSO,2.378157,0.000490787,20.64581,0.02735261,0.0895876,20.65511,0.03241391,0.06197628,251485.36916840574,1.5686791536603208e-16,7341.294563074921
QSO,0.2072285,3.45e-05,18.75799,0.009558569,0.2518817,18.20589,0.007998047,0.1742506,55800.93968400165,8.92610775318159e-16,3077.575033252442
QSO,2.418563,0.000213157,19.95464,0.01639829,0.08135436,19.98745,0.01919413,0.05628057,252531.08042306209,2.9648458978481506e-16,5339.967945939754
QSO,2.528674,0.000267035,21.0887,0.03126635,0.16543010000000002,20.38793,0.02555327,0.1144438,255218.75809931167,1.0432253343571552e-16,9002.241306907872
QSO,2.872933,0.000399999,20.88371,0.03419385,0.05436285,20.3732,0.033092199999999995,0.03760797,262317.4873502638,1.260010386792501e-16,8191.296570821639
QSO,0.7104574,0.000205865,19.5738,0.01226992,0.32853140000000003,19.3384,0.01313165,0.2272765,147057.8283925259,4.2105431771858075e-16,4480.955697261652
QSO,3.688905,0.001220276,21.61012,0.05587577,0.05658802,20.52082,0.03471544,0.03914733,273707.47810512845,6.453720088468351e-17,11445.496848151437
QSO,0.9083241,0.000143135,17.1382,0.004240938,0.0627155,17.0332,0.004673294000000001,0.04338629,170618.92168006382,3.968059038973577e-15,1459.656448024951
QSO,1.14212,0.000929723,20.59303,0.02406876,0.03460795,20.32722,0.02768921,0.02394162,192506.81623065216,1.646819971580238e-16,7165.007512823448
QSO,1.604889,0.000523205,19.03286,0.009740061,0.09252606,18.97654,0.0112296,0.0640091,222778.9045167745,6.929695079507583e-16,3492.8718340250853
QSO,2.065507,0.001917734,20.97755,0.0344132,0.02859806,20.95389,0.04845643,0.019784,242125.2748515181,1.1556814042034699e-16,8553.04289526153
QSO,0.9955919,0.0003625530000000001,20.18842,0.02070548,0.07751726,19.92306,0.02128235,0.05362609,179451.5627167068,2.390507580418102e-16,5946.954970703566
QSO,0.9543933,0.000442989,19.08577,0.009519371,0.05558967,18.95638,0.01043551,0.03845668,175388.2955600219,6.600094065336978e-16,3579.0243250684202
QSO,0.7607176999999999,0.000156805,20.8903,0.03094296,0.1712535,20.68741,0.03539971,0.1184724,153556.75787290162,1.2523857723662895e-16,8216.19333557508
QSO,2.075569,0.00032177700000000003,19.29895,0.0106782,0.1979879,18.88246,0.009996821,0.1369671,242465.96704572448,5.423481027039356e-16,3948.2136905912184
QSO,1.305388,0.000441156,21.58839,0.05780907,0.34804270000000004,20.93757,0.05151628,0.2407743,204843.5122211269,6.584186518818327e-17,11331.532536183116
QSO,1.128709,0.000335103,19.70716,0.01454857,0.1543057,19.39879,0.0159893,0.106748,191395.90405656886,3.7238666886439014e-16,4764.777772501409
QSO,2.637779,0.000492457,19.4656,0.012382700000000002,0.1136523,19.31972,0.01592738,0.07862411,257667.35807514223,4.651768839719705e-16,4263.150357648833
QSO,1.140802,0.000273732,20.86223,0.02974695,0.08789596,20.44748,0.03190879,0.06080602,192398.3419026948,1.2851864120055996e-16,8110.668478920943
QSO,1.516194,0.000393817,19.97826,0.01710153,0.03949877,19.92979,0.02228726,0.02732507,218007.44616151816,2.901042726987724e-16,5398.370033191601
QSO,2.472944,0.000961605,22.38865,0.08559475,0.2274855,22.38448,0.1283965,0.1573734,253887.1439392441,3.150635232032414e-17,16381.009044579623
QSO,2.529285,0.000201807,20.00247,0.01729619,0.11636480000000002,20.00303,0.02657342,0.08050066,255233.043347983,2.8370704819668055e-16,5458.893859080246
QSO,0.9841287,0.000416221,19.07425,0.009573931,0.11360539999999998,18.81624,0.00952667,0.07859168,178339.50049584545,6.670495955853152e-16,3560.087318803305
QSO,3.380412,0.000485425,20.09474,0.01781013,0.03808963,19.54708,0.01621815,0.02635023,270092.4064795857,2.605926277408771e-16,5695.851396243933
QSO,1.043493,0.000682216,20.55441,0.02840601,0.03947207,20.27439,0.02970589,0.0273066,183949.9711066472,1.7064521905125954e-16,7038.703157129615
QSO,2.380932,0.000548342,21.10393,0.03376465,0.04621555,21.42725,0.05714326,0.0319717,251558.2589068135,1.0286938068218642e-16,9065.602030444814
QSO,2.008315,0.0006402000000000001,19.27459,0.01023821,0.02856748,19.16201,0.01148969,0.01976285,240132.02478890168,5.546539691752249e-16,3904.1693719682653
QSO,2.056919,0.000376685,18.49202,0.007281956999999999,0.1225474,18.21186,0.007483505,0.08477769,241832.1692215109,1.1403813999885015e-15,2722.793154852463
QSO,2.018712,0.000197373,18.28407,0.006842679,0.1357823,18.31106,0.007963538000000001,0.09393359,240501.7114693864,1.3811159003921783e-15,2474.142161584398
QSO,1.038463,0.000558007,21.9075,0.05724844,0.05441553,21.59205,0.06679554,0.03764441,183488.6029802284,4.907475331524538e-17,13125.342656016306
QSO,0.5708598000000001,8.02e-05,20.22844,0.01843675,0.08698555,20.208170000000006,0.02388764,0.060176199999999985,126881.84904902331,2.303998145594908e-16,6057.572910355671
QSO,2.6758330000000004,0.000713003,22.15383,0.07024207,0.1165077,21.90192,0.08118600000000001,0.0805995,258475.2503194926,3.911345005741603e-17,14702.007843541229
QSO,1.737645,0.00025473,21.1153,0.03579616,0.20793960000000006,20.45874,0.03280826,0.1438517,229209.04649717384,1.0179773737890655e-16,9113.194725146659
QSO,2.613627,0.00034422300000000005,20.30969,0.02054329,0.1563,20.21564,0.02594425,0.1081276,257142.57060659118,2.1378740965555458e-16,6288.522948473219
QSO,2.379195,0.000794106,20.45874,0.02408103,0.03537126,20.4858,0.031193400000000007,0.02446968,251512.65263649702,1.8636404372841546e-16,6735.326450225648
QSO,2.850062,0.00034810300000000005,18.9727,0.009319831,0.06228725,18.83673,0.01025082,0.04309003,261899.15254319395,7.324502392569205e-16,3397.4310383638212
QSO,0.5918619,6.3e-05,21.63453,0.08041311,0.0320948,20.50826,0.04471822,0.02220304,130131.79252897625,6.310243602553229e-17,11574.884073746236
QSO,2.1129990000000003,0.000659579,18.91643,0.009277522,0.07879443,18.683770000000006,0.009418272,0.05450962,243708.06732788275,7.714115289118759e-16,3310.5233095073695
QSO,1.798873,0.00131129,21.56678,0.05680406,0.07772216,21.68201,0.08928616,0.05376783,231917.66148348103,6.716548037251782e-17,11219.322967371916
QSO,2.386859,0.000412237,20.33331,0.02055419,0.05903228,20.38827,0.02431199,0.04083826,251713.40546287343,2.091867271593862e-16,6357.2991789001
QSO,0.9000560999999999,0.000227461,21.20489,0.04242078,0.046647900000000006,21.07806,0.05308182,0.032270799999999995,169736.66834762495,9.373507370267111e-17,9497.048373695072
QSO,2.160795,0.000363346,21.45221,0.04241464,0.06117947,21.1832,0.04403952,0.04232368,245238.2434532475,7.464042871231821e-17,10642.720335490101
QSO,1.7397650000000002,0.0008034060000000001,22.12009,0.08056396,0.067578,21.88026,0.09491958,0.04675014,229305.40109332398,4.034801050261107e-17,14475.335893186295
QSO,1.1570120000000002,2.277172,20.66892,0.02756598,0.03801779,20.21885,0.02464427,0.02630053,193721.93691758526,1.5356425077172537e-16,7419.841875449098
QSO,2.727539,0.000843577,20.91586,0.03168824,0.03431759,20.66007,0.03363531,0.02374075,259537.1272309576,1.2232469038756162e-16,8313.476052501708
QSO,1.395446,0.001029019,21.33428,0.04426732,0.02490489,20.92904,0.04431656,0.01722909,210808.99974701513,8.320436781814757e-17,10080.142000152813
QSO,2.950492,0.00039701,21.53741,0.03902393,0.03648327,21.50455,0.0562757,0.02523896,263686.7768255669,6.900715537361257e-17,11068.598904842478
QSO,1.107943,0.000316304,19.15697,0.01032832,0.0398891,19.02238,0.01112443,0.02759509,189643.965064587,6.181161988386904e-16,3698.3213965339896
QSO,3.43171,0.000383719,23.23875,0.1878302,0.04595328,22.02166,0.09343854,0.03179027,270742.876549065,1.4399855206708695e-17,24230.403710131523
QSO,1.499257,0.001424124,21.15613,0.04423654,0.1241441,21.02547,0.05514216,0.08588232,217048.69753220308,9.804063719641481e-17,9286.170431233031
QSO,2.583564,0.000274375,20.49153,0.02756691,0.09551308,20.0034,0.02426736,0.0660755,256475.8919437032,1.8081985856311165e-16,6837.804034066952
QSO,3.26839,0.000535608,19.85793,0.01538251,0.1284538,19.48722,0.01529619,0.08886375,268595.1981620141,3.2410529419492107e-16,5107.362108262531
QSO,1.902716,0.000187332,19.57088,0.01409215,0.1017116,19.28657,0.01342211,0.07036364,236181.15188116382,4.221882334683497e-16,4474.934162211423
QSO,2.117851,0.000262872,20.80971,0.03116464,0.09181266,20.77188,0.03702186,0.06351557,243866.21944375732,1.3488825152326502e-16,7916.854259070328
QSO,1.249312,0.2679926,21.0722,0.04194402,0.05878583,21.03571,0.05006181,0.04066776,200841.32862125637,1.0592003734141753e-16,8934.096726229604
QSO,0.626165,6.829999999999999e-05,21.26312,0.03602666,0.1448471,21.07569,0.04250365,0.1002045,135270.76942628282,8.8840322252069e-17,9755.165687567034
QSO,2.126445,0.0007112310000000001,18.91681,0.008935649,0.111273,18.82501,0.009998053,0.07697816,244144.76160075582,7.711415875689772e-16,3311.1026900839897
QSO,1.529781,0.000684061,22.70893,0.1322106,0.09177253,22.41505,0.1374271,0.06348781,218765.1908203727,2.3457737669021517e-17,18984.390131741693
QSO,2.3522220000000003,0.000297377,21.011,0.03189857,0.07805635,21.15218,0.04593683,0.05399902,250796.3238993364,1.1206193704909964e-16,8685.8165012894
QSO,2.320087,0.000950579,20.48775,0.02091751,0.1227935,20.4083,0.02500346,0.08494797,249922.5396169747,1.81450481589497e-16,6825.911451120603
QSO,0.8988261000000001,0.000134517,19.85339,0.01492266,0.06221292,19.70787,0.01743403,0.04303861,169604.7181584448,3.2546337613665405e-16,5096.695059843019
QSO,1.355838,0.000422694,20.34351,0.02199385,0.04414763,20.18138,0.02521207,0.03054113,208252.3943863936,2.0723071489258686e-16,6387.231397308213
QSO,1.7680049999999998,0.000629487,21.6685,0.06311081,0.03473656,21.57885,0.08529942,0.02403059,230571.12540864467,6.115868307366104e-17,11757.382578196013
QSO,1.852735,0.000509634,20.18206,0.01824639,0.03061094,20.16686,0.02113857,0.02117651,234178.69648077866,2.404551733084618e-16,5929.562486990017
QSO,2.144892,0.00015902,16.85585,0.004064849000000001,0.04796528,16.81834,0.004579972,0.03318216,244735.90304977912,5.1465728569624436e-15,1281.6830771904351
QSO,0.8254028,0.000162687,19.74438,0.0148265,0.1458794,19.75109,0.01753296,0.1009187,161387.16838957433,3.598372550764496e-16,4847.152126099056
QSO,2.555536,0.0006609410000000001,20.76352,0.02919273,0.1418489,20.63762,0.03591799,0.09813043,255840.53648951816,1.407505579783835e-16,7750.231053884454
QSO,2.31529,0.000341279,20.6566,0.02766018,0.03854769,20.66885,0.04068114,0.02666711,249790.16240699292,1.5531668950256754e-16,7377.864080210929
QSO,3.074832,0.000507829,20.64273,0.02520139,0.03673972,20.39959,0.02657077,0.02541637,265733.3690018319,1.5731354767200936e-16,7330.889107787565
QSO,0.4711549,2.7e-05,19.22244,0.01054685,0.03361229,19.08206,0.0125234,0.02325283,110308.04319791922,5.819452466465227e-16,3811.5239243149413
QSO,1.514741,0.000318216,19.8704,0.01571872,0.03723678,19.84484,0.01936229,0.02576024,217925.81719211364,3.204041445424608e-16,5136.776263809294
QSO,0.9785342,0.000280483,19.68544,0.01292776,0.038661699999999986,19.44162,0.01334005,0.02674598,177791.64182523935,3.799112246770941e-16,4717.355980007338
QSO,2.328713,0.000363622,21.47653,0.05500166,0.1334611,21.67608,0.09290408,0.09232774,250159.30192990418,7.298710286605423e-17,10762.586380199353
QSO,2.361487,0.00039045,20.82775,0.03274673,0.08375496,20.7768,0.03950815,0.05794129,251044.11114343558,1.3266553880696977e-16,7982.899285241102
QSO,2.655812,0.000224297,21.09649,0.04334645,0.06551021,20.9473,0.0512794,0.04531966,258053.05472794044,1.0357671314520965e-16,9034.594192727902
QSO,2.514292,0.000347502,20.64773,0.0256452,0.1124117,20.46536,0.02865497,0.07776592,254880.56540698305,1.565907575755075e-16,7347.788552503657
QSO,1.293357,0.00055506,19.16659,0.01045539,0.05320654,18.92503,0.01027444,0.03680804,204004.25998459206,6.126636658993764e-16,3714.741948882353
QSO,2.562285,0.000949688,21.26207,0.03397726,0.159406,21.01868,0.03708645,0.1102763,255994.76508103544,8.892628001833822e-17,9750.449787019648
QSO,1.998588,0.0006013619999999999,21.82254,0.06614435,0.16663920000000002,21.78407,0.1014926,0.1152802,239783.13846881522,5.3069149210952034e-17,12621.723154609408
QSO,2.243596,0.00027267,21.17796,0.03846806,0.05374869,21.49723,0.07183746,0.0371831,247749.2899516042,9.608909989738294e-17,9379.99593372628
QSO,0.5336038000000001,0.000121196,21.05127,0.03173268,0.05864964,20.97349,0.04421173,0.04057355,120915.50736135592,1.0798169123278561e-16,8848.398024261915
QSO,3.183886,0.000238822,20.13711,0.01694167,0.05388925,19.86014,0.01865927,0.03728034,267391.04814526835,2.506190764264547e-16,5808.08080832501
QSO,1.77888,0.000668855,20.41227,0.02220333,0.110013,20.53838,0.03982886,0.07610652,231049.85870532843,1.9451366874245367e-16,6592.720287434322
QSO,1.185081,0.000379699,20.23294,0.01983469,0.06979550000000001,19.80072,0.01864016,0.0482842,195960.66031678993,2.2944686342843227e-16,6070.1391959571465
QSO,0.9359618,0.000274326,20.59867,0.02571759,0.06871001,20.47224,0.03236137,0.04753327,173509.50281582988,1.6382875285448152e-16,7183.641490056394
QSO,0.9391138,0.000564002,21.64885,0.05773798,0.02072694,21.47268,0.07158196,0.0143388,173833.5359054634,6.22756293564462e-17,11651.468090233448
QSO,2.0129200000000003,0.000312843,20.15834,0.02225158,0.08081234,20.00663,0.02421879,0.05590561,240296.17473788574,2.4576618340094457e-16,5865.143605721331
QSO,1.243865,0.001223898,21.01048,0.03485074,0.1056449,20.16565,0.02378614,0.07308467,200440.0376294221,1.121156205899227e-16,8683.736767829037
QSO,2.147025,0.000773072,21.07518,0.03350013,0.2176806,20.64005,0.03630824,0.1505904,244803.66818925427,1.0562971917945978e-16,8946.365767649542
QSO,2.626505,0.000280066,21.42661,0.04124912,0.13171300000000002,21.27187,0.0484868,0.09111844,257423.57242876632,7.642124791747694e-17,10517.987494324425
QSO,1.895112,0.000854715,21.32675,0.04113695,0.05084321,21.47052,0.06922948,0.0351731,235882.22743436426,8.37834279325698e-17,10045.24769712187
QSO,1.233552,0.000265707,21.67699,0.05426255,0.0600855,21.38353,0.0614017,0.04156687,199673.99224468277,6.068231285591418e-17,11803.441450580021
QSO,0.7546878,0.000306376,20.90713,0.02583239,0.05188766,20.53076,0.02778397,0.03589564,152796.7943080664,1.2331222248178303e-16,8280.12036697898
QSO,2.640594,0.000716359,21.25427,0.04266011,0.06520067,21.13005,0.05423276,0.04510552,257727.90877850444,8.956743252103845e-17,9715.488680416423
QSO,2.418028,0.000294324,17.92362,0.005940576,0.1191639,17.76465,0.006400082,0.082437,252517.4508999182,1.9249086548536046e-15,2095.726717752449
QSO,0.08604715,4.93e-05,17.0387,0.004739101,0.06602398,16.35345,0.003816511,0.04567508,24690.208467533277,4.348887019541064e-15,1394.2820943599256
QSO,2.569942,0.000341706,20.82315,0.02539932,0.03085577,20.6236,0.03033944,0.02134588,256168.78803605298,1.3322880276385082e-16,7966.006383834536
QSO,1.1197290000000002,0.000366493,20.52004,0.02325988,0.07587977,20.28294,0.02580896,0.05249328,190643.0831853528,1.7613356490147498e-16,6928.171826068637
QSO,1.703112,0.000615886,19.27459,0.01042201,0.1156343,19.25215,0.01204215,0.07999529,227612.57278460098,5.546539691752249e-16,3904.1693719682653
QSO,2.8228,0.0007861439999999999,20.47816,0.02201838,0.1526229,20.21986,0.0267073,0.1055838,261391.49717405412,1.8306028122293168e-16,6795.832250206085
QSO,0.08114392,5.75e-05,16.201970000000006,0.003953003,0.1152002,15.3826,0.00320382,0.07969495,23342.36439693075,9.398750592318078e-15,948.4286183323342
QSO,0.3088181,0.000116947,21.41673,0.06854448,0.07198211,19.915470000000006,0.0279534,0.04979689,78788.45836617601,7.711984094743151e-17,10470.240322361835
QSO,4.702189,0.000462761,23.71958,0.276253,0.03730444,21.42353,0.06171154,0.02580704,281902.3895982429,9.247538012958202e-18,30236.1610644127
QSO,2.636955,0.000886952,21.88009,0.06484195,0.05839921,21.54778,0.06659698,0.040400300000000014,257649.60970571064,5.032944313345818e-17,12960.705728254365
QSO,3.3370839999999995,0.00049621,20.8327,0.03016112,0.08138356,20.2758,0.02492958,0.05630077,269526.13250561774,1.3206207756770642e-16,8001.117533984792
QSO,1.094684,0.0006877160000000001,19.54515,0.01343172,0.04949646,18.97493,0.01173383,0.03424142,188504.74746469693,4.3231283066473956e-16,4422.223112950212
QSO,1.811766,0.0006810410000000001,21.85166,0.06236937,0.0593484,21.86778,0.08235122,0.04105695,232468.9650364914,5.1664725371901433e-17,12792.12369171305
QSO,2.7581450000000003,0.000425861,21.6814,0.05592972,0.04613683,21.61153,0.07091093,0.03191725,260146.95154351505,6.043633574671497e-17,11827.437182346179
QSO,2.164321,0.000306395,20.73406,0.02618516,0.06031737,20.2677,0.02644607,0.04172728,245348.72158821166,1.4462192075774857e-16,7645.795011065258
QSO,0.6696865,0.00022187,20.95955,0.04263664,0.12798800000000002,20.87388,0.04718078,0.08854153,141500.96287360776,1.1750006996402427e-16,8482.437143253492
QSO,1.031961,0.000387194,21.52802,0.04355273,0.08985381,21.14878,0.04341139,0.06216045,182888.45352677428,6.960655263036366e-17,11020.838800700338
QSO,1.123489,0.006487339,23.18568,0.1921079,0.09884483,22.7881,0.1879745,0.0683804,190959.17661390305,1.5121195389762883e-17,23645.399178229734
QSO,0.5155294,0.000104235,21.89001,0.1371177,0.14596629999999994,20.25088,0.05103678,0.1009788,117925.32139206004,4.987169457217279e-17,13020.04994255339
QSO,2.054966,0.000216056,19.21262,0.01016789,0.22364120000000004,19.08568,0.01135258,0.15471400000000002,241765.21326646442,5.872325566350736e-16,3794.3260729040344
QSO,1.161604,0.000331241,21.24035,0.04238448,0.04210274,20.78447,0.04128626,0.02912648,194092.75783836062,9.072315088714422e-17,9653.407736246068
QSO,2.399579,0.0006983219999999999,21.79727,0.06068306,0.17960929999999994,21.89528,0.08635144,0.1242529,252043.92280544929,5.431879476832161e-17,12475.692165437637
QSO,3.865144,0.000688652,21.524520000000006,0.04740405,0.1338841,20.54897,0.03024396,0.09262042,275487.8774368625,6.983129969985972e-17,11003.089615302024
QSO,3.1505400000000003,0.00026750200000000003,20.31837,0.02366617,0.1517125,20.03069,0.02284298,0.104954,266897.000792236,2.1208508383318603e-16,6313.710291031129
QSO,3.129554,0.000242602,21.0925,0.032084800000000004,0.3339192,20.79836,0.03442683,0.2310038,266580.37500796677,1.039580501449235e-16,9018.008703321377
QSO,0.8711221,0.000212078,18.34455,0.006880417,0.09311433,18.28636,0.007607776,0.06441607,166583.8658798759,1.3062855573681235e-15,2544.020754971457
QSO,0.8094376999999999,0.000101758,19.58259,0.01206115,0.06993568,19.51385,0.01468551,0.04838118,159507.98749374735,4.17659270128738e-16,4499.131119382569
QSO,0.13438060000000002,3.63e-05,19.97578,0.02317564,0.2826177,18.90737,0.01367009,0.1955136,37600.81739713994,2.907676759268956e-16,5392.208170181454
QSO,0.9346529,0.000152254,21.16685,0.03273967,0.0707221,20.93795,0.03480025,0.04892522,173374.60999384624,9.707739753881132e-17,9332.127207949216
QSO,1.40611,0.000846883,22.10676,0.08344863,0.08171567,21.63364,0.08117788,0.05653052,211480.0920171042,4.0846431904378476e-17,14386.748450295821
QSO,0.9660453,0.000111359,18.12561,0.006036445,0.03355788,17.97889,0.006430256999999999,0.02321519,176556.33464072642,1.598137437221142e-15,2300.025495315158
QSO,1.966156,0.000375271,21.62694,0.05379949,0.06869296,21.38847,0.06503049,0.04752147,238598.34350730624,6.35451084461921e-17,11534.496726219482
QSO,2.34629,0.00041202,21.54897,0.05162253,0.07385043,21.6022,0.07526794,0.05108939,250636.71213865624,6.827632314529886e-17,11127.680563800484
QSO,2.38377,0.000379409,21.15585,0.04127172,0.06205878,20.99371,0.04891355,0.04293197,251632.637899065,9.806592411077843e-17,9284.973105363193
QSO,0.2214059,4.81e-05,19.17028,0.01094004,0.04715708,18.52647,0.009215285,0.03262305,59172.3735176472,6.105849919163117e-16,3721.05980531703
QSO,1.838876,0.000223366,18.08725,0.006259599,0.05566138,17.88022,0.006329034,0.03850629,233607.38706642334,1.6556103213582682e-15,2259.751327069012
QSO,1.617719,0.000941029,20.63515,0.02459415,0.1765555,20.60906,0.03086457,0.1221403,223436.07177273557,1.5841566515792664e-16,7305.343645839145
QSO,2.281437,0.0008320510000000001,21.84867,0.05835043,0.018274400000000003,21.93854,0.08367138,0.01264215,248841.26496719115,5.1807200524497355e-17,12774.521750868613
QSO,1.4291120000000002,1.542534,22.19588,0.08553072,0.05675131,21.69926,0.08534306,0.03926029,212903.4614049692,3.7627565914769486e-17,14989.482868475161
QSO,2.34958,0.001067671,21.57646,0.07326061,0.3918644,21.19521,0.05791456,0.27109,250725.32916014612,6.65693206913882e-17,11269.448159628313
QSO,1.486255,0.000594734,20.75546,0.03939137,0.1652164,20.80539,0.0402276,0.114296,216301.83237551595,1.4179931249516823e-16,7721.517323007492
QSO,2.146182,0.000969573,21.78826,0.05047725,0.1278106,21.78848,0.07369354,0.08841876,244776.90064236717,5.47714357191154e-17,12424.034540232109
QSO,0.5688959,5.820000000000001e-05,19.88065,0.01438484,0.061564699999999986,19.61746,0.01576841,0.04259017,126573.82773485659,3.1739357070367247e-16,5161.080702921484
QSO,1.707907,0.001083519,20.98003,0.03172284,0.05309207,20.66421,0.03257561,0.03672885,227837.32033520978,1.1530446504041032e-16,8562.816753572884
QSO,1.814791,8.754876,22.34335,0.1408362,0.07320424,20.00311,0.04569342,0.05064236,232597.38173340625,3.284869533618499e-17,16042.81775976333
QSO,1.413297,0.00015641,19.16391,0.009825837,0.1882258,18.8255,0.009603353,0.1302137,211928.34542246113,6.141778152321542e-16,3710.1600958349127
QSO,1.377025,0.00033988800000000005,19.60288,0.01305115,0.1799116,19.17443,0.01318025,0.124462,209632.67306151078,4.0992662336011926e-16,4541.3675259168
QSO,1.409328,0.00087929,21.62971,0.05035486,0.112698,21.29799,0.04962154,0.07796399,211681.19757384065,6.338319471084027e-17,11549.219889653461
QSO,1.07245,0.000329929,21.32685,0.03932494,0.08202451,20.99063,0.03671609,0.05674418,186557.45002992972,8.377571154904024e-17,10045.710308525848
QSO,0.4076621,5.820000000000001e-05,19.20739,0.01063235,0.07480881,18.90343,0.01117127,0.05175239,98691.5408151539,5.90068084464065e-16,3785.1984197595093
QSO,1.2132969999999998,0.000491201,21.42652,0.04807389,0.07247099,21.02587,0.05085761,0.0501351,198145.21674734436,7.642758297138433e-17,10517.551569256431
QSO,1.7760189999999998,0.000399434,20.35408,0.02021053,0.2763303,20.29446,0.024822,0.191164,230924.3750185853,2.052230440694123e-16,6418.398092277754
QSO,2.6972400000000003,0.000210729,20.86881,0.02699043,0.1923748,20.60714,0.0315611,0.13308399999999998,258919.79715087806,1.2774212170549422e-16,8135.282716846214
QSO,1.751241,0.0008586789999999999,20.18239,0.01637697,0.05465548,20.30529,0.02372991,0.03781041,229823.7296277972,2.4038210017231117e-16,5930.463674729888
QSO,1.224467,0.000306792,18.21187,0.006200993,0.06571806,17.82239,0.00605844,0.04546345,198992.2949531763,1.4760807795417668e-15,2393.231167525972
QSO,2.767494,0.000211224,21.55767,0.0423582,0.07497159,21.69508,0.07269695,0.051865,260330.53353383354,6.77314113363497e-17,11172.353024718926
QSO,0.8061334,0.01932926,21.98371,0.07058268,0.2091192,20.8303,0.03977149,0.1446677,159114.76303884436,4.57482120226743e-17,13594.168543873797
QSO,0.9612083,0.000728715,21.01851,0.03199473,0.06347122,20.87432,0.03612153,0.0439091,176073.2876705159,1.1128948308185771e-16,8715.908254258096
QSO,1.763867,0.00033543699999999995,21.76136,0.04771981,0.06186649,21.49663,0.05258674,0.04279895,230387.70778536613,5.614539288345763e-17,12271.076119329196
QSO,1.393543,0.000683923,19.35539,0.01079601,0.06969729,19.1748,0.01255662,0.04821626,210688.4855321583,5.148753796572384e-16,4052.1792666306824
QSO,1.855867,0.001095952,22.02823,0.07899341,0.04476543,21.94364,0.1008711,0.03096852,234306.8238159445,4.391027178514789e-17,13875.755865165653
QSO,0.07089578,1.7899999999999998e-05,17.026310000000002,0.00453083,0.19453,16.136689999999998,0.0034807320000000003,0.134575,20502.373892374537,4.39879907648488e-15,1386.3492445871443
QSO,2.235431,0.000367898,19.86015,0.01595778,0.06252482,19.67038,0.016702900000000003,0.04325438,247509.21795777418,3.234432745830005e-16,5112.5862785866
QSO,0.702521,0.000199071,20.79516,0.02561997,0.04464883,20.75396,0.03482576,0.03088785,145996.64998688624,1.3670806152794918e-16,7863.98452326128
QSO,2.413291,0.00016758099999999998,19.20039,0.0105535,0.09900806,19.16673,0.01195554,0.06849331,252396.52203991349,5.938846840375149e-16,3773.0160279672805
QSO,2.9591220000000003,0.000329781,20.64686,0.02366833,0.1766533,20.41323,0.02423209,0.122208,263834.58041442744,1.5671628397426264e-16,7344.845252099987
QSO,2.123008,0.001562778,21.72156,0.04987297,0.2316759,21.484820000000006,0.0582408,0.1602723,244033.60587071668,5.824171102601211e-17,12048.213369151965
QSO,0.7063696,8.03e-05,21.34448,0.03698842,0.4725872,21.22168,0.05287323,0.3269337,146512.4663404568,8.242636069353819e-17,10127.602565314673
QSO,2.315747,0.000212815,20.32553,0.02123797,0.1039267,20.25818,0.02362189,0.07189604,249802.79571540767,2.1069106829529792e-16,6334.562859387499
QSO,1.6959959999999998,0.000524998,20.70674,0.02325995,0.14163910000000002,20.64773,0.03216663,0.0979853,227277.18058672725,1.483071622951383e-16,7550.203375188897
QSO,5.181648,0.000354202,21.73667,0.04768631,0.07251449,19.7741,0.01722687,0.05016519,284501.9063383467,5.743678536245409e-17,12132.342165421232
QSO,0.8510049999999999,0.00027297,19.85856,0.01521513,0.1551318,19.46021,0.01492154,0.1073194,164330.37469346882,3.2391728618137565e-16,5108.8441003518765
QSO,2.361778,0.0006584939999999999,20.55139,0.02244053,0.11475739999999998,20.40864,0.02738278,0.07938863,251051.8642049227,1.7112053335979092e-16,7028.920804535545
QSO,2.564284,0.0006276680000000001,21.17428,0.0371467,0.05914192,21.01258,0.0397025,0.0409141,256040.2946308552,9.641533736087171e-17,9364.11309211064
QSO,2.866863,0.000365452,20.36465,0.02074643,0.05788533,19.89324,0.01940961,0.040044800000000005,262207.1234020574,2.032348237516144e-16,6449.716866108212
QSO,3.857141,0.000914126,21.69491,0.04439765,0.17519920000000005,20.25678,0.02096894,0.121202,275410.9787989846,5.968897556414472e-17,11901.251971564412
QSO,1.328824,0.001160997,21.87688,0.07819858,0.07496595,21.61092,0.08557039999999999,0.05186109,206448.91175157108,5.0478463283319874e-17,12941.560594429493
QSO,0.4652366,3.02e-05,19.28925,0.01168468,0.03350136,19.32747,0.01597281,0.02317609,109261.64023231933,5.472151658829915e-16,3930.6162936752344
QSO,2.076262,0.000923501,19.75602,0.0137922,0.1721769,19.63467,0.01572361,0.1191112,242489.32423951675,3.56000104293407e-16,4873.204651904694
QSO,0.8825642,0.000231867,18.99027,0.009082428,0.1121281,18.94491,0.0115229,0.07756969,167842.94506829602,7.206927035726021e-16,3425.0321313798245
QSO,1.523524,0.000779227,22.19821,0.0807329,0.1131025,21.87491,0.08200637,0.07824379,218417.4841505277,3.7546903390349517e-17,15005.575285419314
QSO,1.216668,0.0007067180000000001,20.56983,0.02386822,0.21401550000000005,20.25524,0.02494423,0.1480549,198401.90231357387,1.6823878574980575e-16,7088.864091845506
QSO,1.3179530000000002,0.000471072,19.72587,0.01292254,0.09560692,19.4973,0.01377267,0.06614042,205709.020141171,3.6602447400522994e-16,4806.009778595321
QSO,1.942456,0.000396593,20.0181,0.01675895,0.1661155,19.945970000000006,0.02033329,0.1149179,237711.07688489647,2.7965212592825463e-16,5498.328078627761
QSO,2.005493,0.000216016,19.1968,0.009874511,0.1414665,19.16416,0.01143232,0.09786583,240031.108174967,5.958516210453922e-16,3766.783419684272
QSO,0.7720334,0.00035103,21.42365,0.03980472,0.06584071,21.49496,0.05809475,0.04554829,154968.7646920565,7.662987642478496e-17,10503.659873512568
QSO,2.399207,0.000361702,21.4576,0.04379443,0.1151161,21.43581,0.06073826,0.07963681,252034.30377721626,7.42708039856466e-17,10669.170368060119
QSO,2.531456,0.000308879,21.5823,0.06294042,0.11343110000000002,21.49351,0.08153705,0.07847111,255283.7475433097,6.621221631229563e-17,11299.7972243966
QSO,2.304495,0.000297354,20.04207,0.01827804,0.05997087,19.391070000000006,0.01387119,0.04148757,249490.39002734108,2.735458467111502e-16,5559.35810722603
QSO,1.564081,0.000708356,21.25839,0.04209967,0.09618022,21.14558,0.04970785,0.06653703,220634.2276732615,8.922819859247053e-17,9733.93966795961
QSO,0.68888,0.000119706,19.86726,0.01463832,0.1242938,19.84867,0.0174704,0.08598585,144149.73040700748,3.213321095603766e-16,5129.3537328042885
QSO,2.224783,0.000354844,21.05488,0.03153597,0.2851744,20.89498,0.03702861,0.1972823,247193.7159702902,1.0762325557524981e-16,8863.120423356093
QSO,2.402191,0.0006769489999999999,21.17428,0.03391974,0.1609544,20.78716,0.03472774,0.1113475,252111.3834526718,9.641533736087171e-17,9364.11309211064
QSO,1.583346,0.000350526,20.39439,0.01975977,0.05465456,20.35271,0.0257874,0.03780977,221657.17152465606,1.977434583082954e-16,6538.65841594832
QSO,0.8887166,0.000155929,21.10943,0.03838036,0.08558571,20.95261,0.04326198,0.0592078,168513.2715903332,1.0234959422604806e-16,9088.59288637867
QSO,0.1657171,3.84e-05,18.84424,0.01019886,0.0680121,17.807470000000006,0.0070874330000000015,0.04705045,45612.1867211606,8.244458290356025e-16,3202.275186243152
QSO,0.9835193,0.000242435,20.68427,0.02469144,0.06024688,20.00705,0.02145468,0.04167851,178279.98722312172,1.5140845407575874e-16,7472.478086368272
QSO,3.292752,0.000250269,21.88354,0.07334786,0.03286492,21.74521,0.09681673,0.0227358,268930.11675642175,5.0169771751910996e-17,12981.313853031064
QSO,1.86877,0.000385516,21.44774,0.06335886,0.04114952,21.33154,0.07639447,0.02846705,234830.8952088829,7.494835845216627e-17,10620.834711459189
QSO,1.365366,0.0005666380000000001,21.68768,0.06128499,0.04042383,21.13914,0.05633273,0.02796502,208876.78131368427,6.0087775339447e-17,11861.692194785293
QSO,1.238586,0.000282381,19.85333,0.01519381,0.05961482,19.67496,0.02087749,0.04124125,200048.9450048092,3.254813624044653e-16,5096.554234899777
QSO,1.712623,0.000491411,19.29536,0.01437038,0.08714989999999999,19.16955,0.013374,0.06028989,228057.388985102,5.441443513411468e-16,3941.691675002437
QSO,2.11035,0.001192672,20.38717,0.02257266,0.17299579999999998,20.33316,0.02775992,0.1196777,243621.44902964524,1.9906280764480825e-16,6516.953918621335
QSO,1.691718,0.000978445,21.80101,0.06126621,0.04400941,21.86831,0.0988035,0.0304455,227074.4748905035,5.4132006488693305e-17,12497.197984637445
QSO,2.2258400000000003,0.000331712,20.26792,0.01903477,0.04534581,19.79546,0.01643957,0.03137002,247225.15846338475,2.2217240957568407e-16,6168.71420721546
QSO,2.435948,0.00022698,20.35765,0.02011293,0.03949854,20.4761,0.02714877,0.02732491,252970.878083369,2.0454936009422318e-16,6428.958911280321
QSO,2.360517,0.000512117,21.46385,0.04690478,0.04404777,21.59283,0.06741533,0.03047205,251018.25463496835,7.384449506331492e-17,10699.922944149694
QSO,2.173592,0.001296024,21.82454,0.07754989999999999,0.03109479,21.76298,0.1064427,0.02151123,245637.66114984555,5.297148220770641e-17,12633.353546414099
QSO,0.8190818,0.000182467,20.78076,0.02474285,0.06822366,20.54348,0.02928104,0.04719681,160647.23572731367,1.3853328262683696e-16,7812.007473833805
QSO,1.018062,1.3e-06,21.43296,0.04768612,0.06404071,21.06786,0.04773449,0.04430307,181591.1487390744,7.597559767260081e-17,10548.790082858124
QSO,1.407399,0.00043243,20.38369,0.02523741,0.03728329,20.05821,0.02819437,0.02579241,211560.72455674052,1.997018670562272e-16,6506.518217680439
QSO,2.072145,0.000244858,19.98081,0.01780223,0.05919422,19.96536,0.02335286,0.04095029,242350.3605169553,2.8942372262487106e-16,5404.713162135262
QSO,3.011518,0.00031991,21.26383,0.04930787,0.07053735,21.18903,0.05758116,0.04879741,264713.1688113638,8.878224552124225e-17,9758.355827144984
QSO,2.031358,0.0005511930000000001,20.63711,0.02488811,0.09751546,20.68669,0.03211648,0.06746074,240946.91985504975,1.5812994693811472e-16,7311.9405233543575
QSO,0.15985839999999998,5.37e-05,19.54603,0.01460722,0.09225333,18.71487,0.01051193,0.06382043,44135.527046880714,4.319625787732879e-16,4424.015604056776
QSO,2.297182,0.000213616,19.28526,0.01121213,0.1784139,19.08441,0.01100404,0.1234259,249285.8240467513,5.49229840641628e-16,3923.4005633934607
QSO,2.490271,0.000402885,20.0599,0.0157079,0.1105098,19.84627,0.01693709,0.07645015,254307.30433253536,2.6909035101514293e-16,5605.194021412061
QSO,1.7513029999999998,0.0007076910000000001,19.02138,0.00922388,0.2558125,18.82387,0.01026005,0.1769699,229826.51507664437,7.003354740601835e-16,3474.454671174109
QSO,1.6465419999999995,0.00040526,19.25038,0.01013739,0.04622101,19.18436,0.0121329,0.03197549,224883.52609407494,5.671606939264916e-16,3860.883081117282
QSO,2.569849,0.001004668,21.73195,0.0635796,0.1153475,21.59931,0.08281482,0.07979687,256166.68046061558,5.768702272029102e-17,12105.99945737809
QSO,1.427477,0.000875804,21.80097,0.07327047,0.06464802,21.69314,0.09674043,0.0447232,212803.36280440277,5.4134000822249454e-17,12496.967779863415
QSO,2.491387,0.0006734330000000001,22.11708,0.07048785,0.3573255,22.34851,0.1190137,0.2471962,254334.1735349579,4.046002298960415e-17,14455.284716457112
QSO,0.6523696999999999,0.000145545,21.18482,0.03807182,0.2623557,20.46971,0.0292358,0.1814965,139059.86353027314,9.54838947079066e-17,9409.675573857914
QSO,0.6736258,0.000254349,20.49922,0.02129483,0.1712825,20.48764,0.02845418,0.1184924,142049.43309050158,1.7954368115303295e-16,6862.062196580878
QSO,2.388148,0.000238473,19.3321,0.01085546,0.07285342,19.36244,0.013011000000000002,0.05039966,251747.050402231,5.260392200863317e-16,4008.950095886562
QSO,2.500582,0.000508786,19.96505,0.016880900000000004,0.08838305,19.79211,0.01818511,0.06114298,254554.6767203061,2.9365549043919185e-16,5365.629117480216
QSO,2.8458650000000003,0.000386989,19.86467,0.01551134,0.06774938,19.70589,0.01708202,0.04686871,261821.64184785474,3.2209955528724544e-16,5123.239399288524
QSO,2.418173,0.000251652,20.77886,0.03211651,0.08288804,20.92773,0.04774576,0.05734156,252521.1454485799,1.3877592322145925e-16,7805.175094832047
QSO,2.838423,0.000603578,21.24316,0.04145762,0.1307075,21.10155,0.04430632,0.09042282,261683.62944040794,9.048865337131047e-17,9665.907841925773
QSO,2.232666,0.00048988,21.281270000000006,0.04094931,0.06226537,21.38313,0.05627206,0.04307489,247427.55525379727,8.736754356279265e-17,9837.044819187746
QSO,1.856072,0.000199652,18.49639,0.00843658,0.1871125,18.3877,0.007934296,0.12944360000000002,234315.1976289948,1.135800682210397e-15,2728.278182799756
QSO,2.351279,0.0005195369999999999,21.96371,0.09036107,0.3450038,22.30205,0.1599253,0.2386721,250771.00115904404,4.659873478516976e-17,13469.536457526572
QSO,2.264467,0.000629276,20.70505,0.02615697,0.3466701,20.53639,0.02843844,0.2398248,248355.7210214189,1.485381891967619e-16,7544.329536032458
QSO,2.086816,0.0001516,19.55819,0.01252567,0.1073573,19.45222,0.01434193,0.07426927,242843.34553633927,4.2715168630275314e-16,4448.8590867130215
QSO,3.494693,-1.0,20.79313,0.02596198,0.13462829999999998,20.18521,0.02299034,0.09313526,271513.1722088284,1.369639035662203e-16,7856.636316155358
QSO,0.6017637,0.000130135,21.61957,0.07209272,0.04251819,20.59295,0.04336698,0.02941389,131636.46154253563,6.397792127686414e-17,11495.414883666523
QSO,1.572907,0.000383874,21.26794,0.04527967,0.06339113,20.67575,0.03994872,0.04385369,221105.2289714202,8.844680008595513e-17,9776.843200892892
QSO,3.46619,0.000659891,20.52674,0.02114294,0.1879954,19.88467,0.01792072,0.1300543,271168.3533348868,1.7505000407190155e-16,6949.581463341975
QSO,1.175897,0.000230548,21.22327,0.03627244,0.3716559,20.63443,0.03066705,0.2571098,195235.47586348545,9.216162532829608e-17,9577.775434025565
QSO,1.6652189999999998,0.000446736,20.93046,0.03554082,0.05694058,20.88528,0.04360186,0.03939123,225800.6169939768,1.2069078865558314e-16,8369.56044348878
QSO,0.7475036,0.000158332,21.67752,0.05591763,0.2328126,21.554170000000006,0.07286824,0.16105870000000005,151884.43935201332,6.065269813262067e-17,11806.322715589697
QSO,2.096538,0.000318661,19.998,0.01750473,0.1277282,20.04962,0.02424487,0.08836176,243166.66384252318,2.848774840991967e-16,5447.668223635721
QSO,2.124431,0.000308592,20.39577,0.03006574,0.1074845,19.85614,0.02214693,0.07435731,244079.6659810519,1.9749228069995378e-16,6542.81514223772
QSO,1.836547,0.001428067,22.034,0.1808448,0.2500722,22.25625,0.3400901,0.17299879999999998,233510.67709983455,4.3677535483139127e-17,13912.675319654809
QSO,1.934762,0.0007216010000000001,21.72902,0.1354902,0.3098441,21.46252,0.1385713,0.2143487,237419.0423714955,5.784290887968871e-17,12089.67566780325
QSO,1.640984,0.001071903,20.599870000000006,0.02377572,0.08759686,20.51551,0.02755264,0.06059911,224607.47780859668,1.6364778265155304e-16,7187.612414156231
QSO,0.6036130000000001,0.00013847,22.48315,0.2030087,0.1323501,20.96639,0.07383372,0.09155917,131915.5481985286,2.8880062263141433e-17,17109.631268318146
QSO,0.7186887,4e-05,17.49188,0.00538699,0.08776364,17.510679999999994,0.006531623,0.06071448,148148.181735281,2.86487795257617e-15,1717.8555807419277
QSO,1.7596470000000002,0.000216112,20.15403,0.01680581,0.08037914,20.04678,0.01895363,0.05560591,230199.93658665166,2.467437297556175e-16,5853.513847769573
QSO,1.845353,0.000487496,20.14671,0.01754436,0.08760264,20.17278,0.02120626,0.060603099999999986,233875.27517828732,2.484128887568849e-16,5833.814963843541
QSO,1.296895,0.000216126,19.42231,0.01168249,0.09596267,19.10044,0.01090688,0.06638653,204252.14047239156,4.840989327632987e-16,4179.002684358953
QSO,2.40171,0.000350463,20.10506,0.01797406,0.07238117,20.14232,0.02218248,0.05007295,252098.9710037673,2.5812741083480356e-16,5722.98555992633
QSO,1.638861,0.001208529,21.76933,0.05897912,0.07377997,21.62546,0.08981283,0.05104064,224501.65153412003,5.573475869801725e-17,12316.197657866698
QSO,1.477638,0.0005780609999999999,21.39004,0.04177907,0.04891815,21.17741,0.06275297,0.03384135,215801.57017032226,7.903912526202458e-17,10342.336170557997
QSO,0.8963023999999999,0.000219106,21.491,0.05430845,0.05877294,21.34887,0.06308386,0.04065884,169333.41315925174,7.202083052020879e-17,10834.544311447764
QSO,1.609251,0.001160794,20.42955,0.02335615,0.06390791,20.38343,0.0289156,0.0442112,223003.23334901957,1.9144239782727445e-16,6645.3927009259305
QSO,1.438987,0.000334906,19.52265,0.01257713,0.08001693,19.37625,0.01431656,0.05535534,213504.58029633423,4.4136523813906167e-16,4376.638235100738
QSO,2.2493830000000004,0.000198137,20.80529,0.02781785,0.1083407,21.00443,0.04152478,0.07494963,247918.47427123119,1.3543849686485043e-16,7900.756008653243
QSO,2.261677,0.000291209,19.67991,0.01393074,0.05496278,19.48028,0.01430479,0.03802299,248275.2506733749,3.8185116962656007e-16,4705.357766576561
QSO,2.276145,0.000270522,19.58986,0.01278334,0.16783,19.27241,0.01245765,0.116104,248690.5681130673,4.1487200021218727e-16,4514.219267825337
QSO,2.344438,0.000431684,21.02559,0.02996502,0.06009208,20.91371,0.03972219,0.04157143,250586.72553267956,1.1056613417015975e-16,8744.372506839698
QSO,1.718434,0.000397339,20.13302,0.01644529,0.07287287,20.05519,0.02122283,0.05041311,228327.23178279467,2.5156494624956735e-16,5797.151499277021
QSO,0.6158776,5.95e-05,22.12648,0.1177225,0.06898735,20.66271,0.05110624,0.04772513,133751.22729084926,4.01112434378391e-17,14517.995254532221
QSO,2.290776,0.000608296,21.51561,0.04389446,0.07855051,21.69961,0.07374513,0.05434088,249105.63409798447,7.040672205196705e-17,10958.034164106179
QSO,1.807424,0.001033643,20.43859,0.01991861,0.07839005,20.08786,0.0194537,0.05422987,232284.02219607602,1.8985503761568783e-16,6673.115627746307
QSO,2.451902,0.000446372,20.49628,0.02437321,0.09053136,20.41577,0.02898901,0.06262918,253369.2455138016,1.800305155644499e-16,6852.777799677481
QSO,3.1624830000000004,0.000275303,21.55841,0.04663713,0.07569947,21.2617,0.05562741,0.05236854,267075.211742359,6.768526369238124e-17,11176.161016973
QSO,3.023757,0.0007908839999999999,21.51207,0.04617975,0.09945019,21.19771,0.05404672,0.06879918,264913.8496530503,7.063665502756351e-17,10940.184598780712
QSO,2.117616,0.000265011,18.80128,0.009029143,0.06946647,18.74866,0.01016165,0.04805658,243858.57445706884,8.577211618545878e-16,3139.5445503797073
QSO,4.634936,0.001544849,22.33103,0.08902562,0.07553801,20.83356,0.03487986,0.05225684,281485.9211608366,3.322355683992349e-17,15952.05543217372
QSO,1.813028,0.000189904,18.46259,0.006890222,0.06271812,18.36362,0.007917571,0.04338811,232522.58204079486,1.171715365621524e-15,2686.140037238829
QSO,0.7999972,0.000299957,20.07988,0.01558017,0.04325673,20.04897,0.01802177,0.0299248,158380.58502109174,2.641837649956147e-16,5657.006139937907
QSO,1.7803639999999998,0.0006809810000000001,20.74305,0.02413618,0.07659592,20.73047,0.03208012,0.052988699999999986,231114.81784312899,1.43429381354713e-16,7677.514584359668
QSO,1.533239,0.000861775,21.1806,0.03318404,0.0384169,21.09481,0.04417073,0.02657663,218956.44898708363,9.58557402074363e-17,9391.406738840458
QSO,0.602221,9.43e-05,21.58155,0.09009007,0.05504487,20.56715,0.05455227,0.03807978,131705.5311888529,6.62579698918797e-17,11295.895086614264
QSO,2.405345,0.000276367,20.09992,0.01781915,0.07365388,20.07493,0.02189176,0.05095341,252192.6575403976,2.593523127954007e-16,5709.454944363954
QSO,2.136755,0.000417191,20.69735,0.02829903,0.05238575,20.23611,0.02617965,0.03624022,244476.27693931691,1.4959536068202962e-16,7517.624861630545
QSO,2.576375,0.002006459,21.98508,0.08549192,0.1083336,21.96268,0.1244452,0.07494471,256314.21312329813,4.569052257231545e-17,13602.747923966741
QSO,2.010485,0.000501769,20.31521,0.01879973,0.7489514,19.97479,0.01973435,0.5181210999999999,240209.45807954977,2.127032497286505e-16,6304.529048593547
QSO,3.279493,0.0003615680000000001,20.11179,0.01698584,0.06494829,19.79588,0.01743012,0.04493093,268748.49802800734,2.565323415039653e-16,5740.750206535216
QSO,0.6025286,8.36e-05,19.63914,0.01325746,0.07932536,19.67639,0.01719905,0.05487691,131751.9696271828,3.964625091305628e-16,4617.837541713959
QSO,0.32431,4.46e-05,21.08389,0.04802115,0.03578219,19.71753,0.02503723,0.02475395,82062.20366253321,1.0478572563502077e-16,8982.322629428028
QSO,0.9065445,2.08e-05,23.18193,0.2850481,0.05418465,21.20452,0.0781386,0.03748469,170429.7160551118,1.517351244474659e-17,23604.600259238487
QSO,2.241766,0.000195905,19.64757,0.01285331,0.17578329999999998,19.41796,0.01338063,0.1216061,247695.6226595782,3.933961679840523e-16,4635.7995619702715
QSO,2.457103,0.000408868,18.13344,0.006554118,0.07118054,18.09117,0.0073348419999999985,0.04924237,253498.04538556255,1.5866536137368903e-15,2308.3340088524956
QSO,2.077444,0.001297417,21.8676,0.06458104,0.09365352,22.47315,0.1600304,0.06478907,242529.13114983018,5.091176170133439e-17,12886.37157965428
QSO,1.622223,0.000682498,19.57114,0.01292889,0.1256481,19.38451,0.01379474,0.08692274,223664.87469784508,4.220871446420281e-16,4475.469997957885
QSO,3.233078,0.000442954,19.76641,0.01407705,0.04323926,19.26686,0.0124699,0.02991272,268100.1634238972,3.526095944473133e-16,4896.577696963801
QSO,0.7213364999999999,0.000192069,18.93546,0.008759259,0.2160978,18.82607,0.01034894,0.1494954,148496.7186832513,7.580085864691088e-16,3339.6630387771493
QSO,0.1131246,4.620000000000001e-05,17.50698,0.00557811,0.07226449,16.78659,0.00469361,0.04999224,32006.617268369773,2.825310120800343e-15,1729.8428471356576
QSO,0.7007924,0.000127244,19.86518,0.01551674,0.05125168,19.928320000000006,0.0205028,0.03545567,145764.2208353277,3.2194829184288503e-16,5124.442803457159
QSO,1.820299,0.000512809,19.18979,0.01024814,0.1050806,19.11408,0.01132975,0.07269425,232830.30397253795,5.997111524361014e-16,3754.643004449695
QSO,1.381549,0.000501791,19.03,0.009875665,0.1414588,18.79099,0.009923674,0.09786055,209923.59123849246,6.947973049665253e-16,3488.274475230491
QSO,3.143475,0.00069094,21.2856,0.03693045,0.1342033,21.11102,0.0418791,0.09284119,266790.9053851552,8.701980889573764e-17,9856.679837144377
QSO,2.2667200000000003,0.000339192,20.57151,0.02265777,0.1502497,20.42912,0.02426565,0.1039421,248420.56976272498,1.6797866492029247e-16,7094.350645454421
QSO,0.6155227,0.000155515,20.65863,0.02588498,0.1944138,20.49592,0.02972133,0.1344945,133698.4780884571,1.550265653356505e-16,7384.764498033407
QSO,0.6279538,0.000223567,19.49539,0.01194262,0.1444832,19.46863,0.01411178,0.09995279,135533.12946901174,4.525870520805618e-16,4322.038688317961
QSO,2.287828,0.00026827400000000004,21.73217,0.07122082,0.1846376,21.82044,0.09984496,0.1277314,249022.397699006,5.767533492795067e-17,12107.226023642024
QSO,0.4604371,5.920000000000001e-05,20.1108,0.01772123,0.16591240000000002,19.7784,0.01784316,0.1147774,108407.66782797956,2.5676636044774507e-16,5738.133527030208
QSO,1.6862830000000002,0.000420783,21.53581,0.04500101,0.13362639999999998,21.46044,0.05845514,0.09244213,226815.77534194037,6.910892304263956e-17,11060.446263687005
QSO,2.008168,0.000297724,21.50393,0.04234947,0.6112415,21.22566,0.05181653,0.422854,240126.7740508117,7.116822351518611e-17,10899.25089959925
QSO,2.4967080000000004,0.000190336,19.07475,0.009486623,0.1024611,18.86124,0.01019864,0.0708821,254461.9658791001,6.667424786160227e-16,3560.907153585652
QSO,0.9667294,0.000287043,21.56659,0.04888493,0.05794043,21.31574,0.06167366,0.04008292,176624.44355038315,6.717723512278178e-17,11218.341339376811
QSO,3.032862,0.0007377180000000001,21.36673,0.03916052,0.0356249,21.09037,0.04811073,0.02464514,265062.0506425362,8.075438707720084e-17,10231.908555364313
QSO,2.755744,0.000709115,21.57178,0.0480534,0.05828866,21.50592,0.05959018,0.04032383,260099.60235378591,6.685688302182207e-17,11245.186177884543
QSO,1.004835,0.000193529,18.7781,0.008098871,0.06960436,18.51811,0.008273248,0.04815197,180338.08282553597,8.762300139455021e-16,3106.2088312655114
QSO,1.468403,0.001579434,20.32758,0.01873561,0.1124211,19.82048,0.01797295,0.07777243,215260.69629468877,2.1029363364275522e-16,6340.545889817006
QSO,1.568231,0.000344393,19.58263,0.01396296,0.09048926,19.33717,0.01344762,0.06260005,220856.1919598548,4.176438832760277e-16,4499.2139972038685
QSO,2.188801,0.0003625980000000001,21.64317,0.05479958,0.09006178,21.659270000000006,0.09178188,0.06230432,246106.8688250456,6.260227632809237e-17,11621.030743338002
QSO,1.164341,0.000324622,20.57315,0.022297,0.2272988,19.73972,0.01584333,0.1572443,194312.92221880492,1.6772512538232531e-16,7099.710662771925
QSO,1.527412,0.000247642,19.87005,0.014089099999999997,0.08038382,19.90541,0.0177072,0.05560916,218633.79244988583,3.205074472849763e-16,5135.94838001905
QSO,1.511862,0.000456011,20.44185,0.02320298,0.23377870000000006,20.3101,0.02703373,0.161727,217763.7338139008,1.892858393496174e-16,6683.1414032413395
QSO,2.210886,0.000914745,21.04388,0.03724574,0.08409218,20.82594,0.03934546,0.05817458,246777.7712506179,1.087191692543853e-16,8818.336154950612
QSO,1.225014,0.000263272,18.93015,0.008690845,0.05123395,18.26558,0.007199609,0.03544341,199033.52281275677,7.617248521876757e-16,3331.5063862128873
QSO,0.7412135,0.000110488,21.39236,0.03925562,0.05545733,21.18956,0.04595444,0.03836513,151079.40686108303,7.887041485517237e-17,10353.39182205168
QSO,1.315149,0.000141249,18.437620000000006,0.007060325,0.05731033,18.01236,0.006668208,0.03964702,205516.83856753627,1.1989749932271248e-15,2655.4287323446306
QSO,1.070395,3.26e-05,20.91822,0.03054914,0.09347033,20.75381,0.03678655,0.06466234,186375.0940217332,1.2205908927267236e-16,8322.5162175346
QSO,0.7120765,0.000107679,19.84464,0.01414668,0.1089389,19.44889,0.0131116,0.07536346,147273.1229998356,3.2809689863873863e-16,5076.199127381214
QSO,1.703407,0.000363663,19.46163,0.01246991,0.06145995,19.48913,0.01445628,0.04251771,227626.42879012474,4.668809191415724e-16,4255.363362543337
QSO,2.660235,0.0008348569999999999,21.10194,0.03137718,0.15130710000000006,21.08642,0.0460237,0.1046735,258146.8666419553,1.0305809851580194e-16,9057.29785672078
QSO,7.011245,-1.0,21.90908,0.1278577,0.03913859,20.3203,0.04567589,0.0270759,290593.55513545976,4.900339001427311e-17,13134.896352305686
QSO,1.948196,0.000258366,19.24989,0.01062515,0.09770828,19.08253,0.01139153,0.06759413,237927.6624520367,5.674167151029749e-16,3860.011958247695
QSO,1.682584,0.000629126,20.39939,0.01927781,0.2650261,20.31406,0.02403267,0.1833438,226638.95365434026,1.9683490964590355e-16,6553.731580307135
QSO,2.446062,0.0008446739999999999,21.75779,0.05820449,0.15863310000000005,21.81399,0.08121089999999999,0.1097417,253223.99751982646,5.633030791545261e-17,12250.918483287085
QSO,1.238427,0.001049735,21.91334,0.06351662,0.1958069,21.43194,0.05805425,0.13545829999999998,200037.1321318615,4.881149677109337e-17,13160.689717268197
QSO,1.169465,0.00035711,21.15071,0.0342986,0.1855929,20.6924,0.03137363,0.1283924,194723.38237890162,9.853128012361947e-17,9263.021031523383
QSO,2.436478,0.00036643,21.96948,0.08792164,0.03360149,22.21931,0.1139471,0.02324536,252984.19193954158,4.6351748903021966e-17,13505.37507727938
QSO,2.390763,0.000399419,20.10858,0.01666977,0.07197886,20.2342,0.02613498,0.04979464,251815.20077337846,2.572919065934106e-16,5732.270156662625
QSO,1.249911,0.000584941,19.35553,0.01139763,0.07621431,19.08558,0.01153703,0.05272471,200885.3194390845,5.148089934524652e-16,4052.4405287047466
QSO,1.097777,0.0007098089999999999,19.076,0.009981361,0.1136613,18.955820000000006,0.0107526,0.07863033,188771.95496943514,6.659753046755198e-16,3562.957566617683
QSO,0.958286,0.00017382,18.81142,0.008243311,0.06964627,18.64526,0.008909564,0.04818097,175780.1944518803,8.497479493616673e-16,3154.239384366905
QSO,2.178298,0.0004358430000000001,22.88993,0.1827563,0.1982165,22.35291,0.1606145,0.13712520000000006,245783.47779457367,1.9855742188088632e-17,20634.628297652525
QSO,1.98807,0.000736491,21.17643,0.04086459,0.1693669,21.1051,0.04797083,0.1171672,239402.55497282237,9.622460238616097e-17,9373.389200446474
QSO,2.824437,0.000450461,19.57848,0.0123358,0.06047366,19.07196,0.01202063,0.0418354,261422.26088003052,4.192432945991979e-16,4490.6235554546465
QSO,2.278512,0.0005642959999999999,21.47282,0.03786462,0.04365949,21.27659,0.05095202,0.03020343,248758.05160687573,7.32369290338291e-17,10744.214005383184
QSO,2.4557580000000003,0.000340621,20.57441,0.02544966,0.05945829,20.6161,0.03456631,0.04113297,253464.78720750601,1.6753059278976767e-16,7103.831475570156
QSO,2.350254,0.00026427,19.91114,0.01524896,0.05727668,19.80674,0.01765632,0.03962374,250743.45483027527,3.0860440808370557e-16,5234.059437139445
QSO,2.470309,0.000303679,20.17272,0.01899485,0.1826572,20.03268,0.02029923,0.1263614,253822.75257964703,2.4253260149856464e-16,5904.112852726056
QSO,2.3102,0.000604004,20.85262,0.02809659,0.06859604,20.68201,0.03327776,0.04745442,249649.14000824295,1.2966122644330247e-16,8074.853468937344
QSO,1.867561,0.000458402,19.05972,0.009635864,0.09789048,18.80673,0.01019978,0.06772018,234782.04693951522,6.760364697429825e-16,3536.3451844111023
QSO,2.540882,0.000362794,21.27867,0.03613625,0.1037361,21.084570000000006,0.0416571,0.07176412,255502.9199654382,8.757701232046102e-17,9825.273538696429
QSO,0.235421,5.08e-05,19.78965,0.01570973,0.1135911,19.19449,0.0125015,0.07858183,62451.994989271065,3.451422493953636e-16,4949.264340338819
QSO,1.482323,0.000941534,21.31785,0.04105278,0.3667283,21.03321,0.04188729,0.2537009,216074.08498076774,8.447304027827649e-17,10004.160487754118
QSO,1.782502,0.0006852710000000001,18.52663,0.007130744000000001,0.3356338,18.42408,0.008065776,0.2321899,231208.24972458213,1.1046027629772987e-15,2766.5380651876367
QSO,1.6731509999999998,0.000549928,21.13941,0.03371442,0.311858,21.05389,0.0416959,0.2157419,226185.24850851775,9.956211762317773e-17,9214.942934672965
QSO,1.439741,0.001345816,22.21654,0.08477151,0.08816035,21.85254,0.08469747,0.06098892,213550.2362035552,3.691833660579639e-17,15132.777621969504
QSO,0.6938241999999999,7.69e-05,20.56103,0.0203055,0.2936783,20.33923,0.02483872,0.2031653,144822.52984359136,1.6960791883748126e-16,7060.194249564146
QSO,1.809656,0.000302255,17.74972,0.005629982,0.09118243,17.7378,0.006241157,0.06307958,232379.18288403918,2.2592803506486944e-15,1934.4372661760972
QSO,2.77286,0.000547792,21.50452,0.04149397,0.08241534,21.23057,0.05329429,0.05701455,260435.34124606094,7.112956049090358e-17,10902.212683359086
QSO,0.600684,0.000173248,21.06184,0.04841984,0.02968387,20.58636,0.04675565,0.02053517,131473.23885843082,1.069355543652981e-16,8891.574058608698
QSO,0.7244993000000001,0.000446183,20.70321,0.02453995,0.07662915,20.75324,0.03519906,0.05301169,148911.65009057638,1.4879013067906564e-16,7537.939546150679
QSO,2.258696,0.000789897,21.61264,0.04434179,0.1344115,21.41073,0.05906471,0.09298524,248189.06913271933,6.438758336753614e-17,11458.787090476117
QSO,6.772914,0.00563431,19.28409,0.010889,0.1433148,18.14456,0.007139196,0.09914452,290030.1238124639,5.498220151224903e-16,3921.28718529947
QSO,2.209275,0.0006769889999999999,21.62227,0.05379359,0.04972529,21.78061,0.09322651,0.03439973,246729.24457871763,6.381901916056321e-17,11509.717125811294
QSO,2.4569400000000003,0.000428318,20.64774,0.02630884,0.1386601,20.48387,0.03071379,0.09592444,253494.0166948225,1.5658931532797146e-16,7347.822390398381
QSO,2.504045,0.000490881,21.3908,0.05759554,0.06247874,21.11097,0.05552312,0.0432225,254637.31767003605,7.898381835058723e-17,10345.95654865656
QSO,1.856343,0.00028362200000000003,19.37843,0.01317662,0.06813188,19.37453,0.01457934,0.04713332,234326.2650372176,5.040645150427208e-16,4095.4030568156436
QSO,1.305666,0.00090888,19.942970000000006,0.01560049,0.1202126,19.65686,0.0154233,0.08316249,204862.7824312099,2.9968853256880697e-16,5311.346688293976
QSO,0.6182751999999999,1.583076,22.69998,0.3448239,0.1936933,21.40737,0.15653699999999998,0.1339962,134107.01166627576,2.3651904959456446e-17,18906.304581099525
QSO,1.831333,0.0007762660000000001,20.94461,0.03111889,0.25306460000000003,20.67838,0.03714742,0.17506889999999994,233293.4317797549,1.1912807531874593e-16,8424.277224852918
QSO,2.088835,0.000961535,21.8413,0.05908389,0.07374429,21.72865,0.07505363,0.05101596,242910.7095976677,5.216006515336471e-17,12731.238384493212
QSO,0.238671,2.71e-05,19.062620000000006,0.01563673,0.1886198,17.80816,0.008665815,0.1304863,63205.024447206,6.742331865614311e-16,3541.0711261638526
QSO,0.4650728,6.55e-05,18.43494,0.006718961999999999,0.04154264,18.35798,0.007739944,0.028739,109232.57502761701,1.2019381641919858e-15,2652.1534619767244
QSO,3.845713,0.00063244,21.11866,0.04327758,0.1285255,20.02688,0.02241852,0.08891332,275300.54505730636,1.014831934871185e-16,9127.306825469279
QSO,0.7654359000000001,0.000182299,19.67216,0.01372373,0.04617501,19.74615,0.01862597,0.03194366,154147.74091463187,3.8458657962319105e-16,4688.594244625187
QSO,2.137055,0.000728103,20.713420000000006,0.02978371,0.1977965,20.47377,0.03312786,0.13683470000000006,244485.88046920038,1.473975025997784e-16,7573.465477858351
QSO,2.775856,0.000274717,20.29996,0.01932323,0.1165434,20.11745,0.02183256,0.08062418,260493.68125674946,2.1571191046803777e-16,6260.40817827522
QSO,0.3519238,4.39e-05,19.99131,0.02373874,0.1174151,19.22889,0.01841695,0.08122726,87752.51445999245,2.8663823780061604e-16,5430.91055401525
QSO,3.096959,0.000204838,21.17408,0.03127341,0.13464779999999998,21.0101,0.0398237,0.09314875,266079.6408306502,9.643309935824547e-17,9363.250665138872
QSO,0.7038366,7.54e-05,21.30074,0.03625606,0.05417085,21.05243,0.044284,0.03747514,146173.23484764656,8.581478627650513e-17,9925.642986977517
QSO,0.8120415,0.000121745,20.83343,0.03328696,0.03186926,20.70561,0.03195949,0.02204701,159816.80720451172,1.3197331483309924e-16,8003.807781237979
QSO,1.7530330000000005,0.000237731,17.9977,0.005647074,0.07643165,17.99081,0.006625865,0.05287506,229904.17400793673,1.7979521325995984e-15,2168.456178638067
QSO,1.398052,0.000368211,20.23105,0.01928951,0.07739152,19.97978,0.01916235,0.05353909,210973.66062693615,2.298466218892106e-16,6064.8581839811795
QSO,2.331477,0.000982648,21.72552,0.05319082,0.5662661999999999,21.47031,0.05445556,0.3917403,250234.82096656814,5.80296732541704e-17,12070.205108555103
QSO,2.295917,0.0006143990000000001,21.74608,0.06701767,0.1032162,21.38212,0.07211559,0.07140452,249250.31561462343,5.694113573062235e-17,12185.031328193909
QSO,0.9321005,0.00027665400000000004,19.00028,0.01024947,0.1363343,18.67539,0.00929607,0.09431541,173110.9975130541,7.140787762120018e-16,3440.8572070915698
QSO,0.6215816999999999,0.000146799,18.74944,0.008718766,0.137496,18.86088,0.01005563,0.09511911,134596.03396294548,8.996676928481696e-16,3065.4811511727053
QSO,3.43392,0.00110894,21.01046,0.0309724,0.14732479999999998,20.91676,0.0364086,0.1019186,270770.426375551,1.12117685854998e-16,8683.656788026015
QSO,0.9147218,0.000366613,21.70559,0.06177630000000001,0.2488218,21.53205,0.06030351,0.1721338,171296.0131558052,5.910471468367079e-17,11959.930339352519
QSO,2.9423060000000003,0.000343622,21.38431,0.03653331,0.09033443,21.23776,0.04589882,0.06249294,263545.7518217962,7.945735887263837e-17,10315.081177079795
QSO,2.383621,0.000305301,21.7495,0.05661946,0.06739361,22.23926,0.1238539,0.04662259,251628.73702682232,5.676205696554655e-17,12204.237485669379
QSO,0.5380026,0.000106099,21.3993,0.06504711,0.06885375,20.22973,0.03581333,0.04763271,121633.65008166488,7.836788483008988e-17,10386.534072111604
QSO,0.1921393,6.59e-05,19.92839,0.01986324,0.08753912,19.31063,0.01600004,0.06055916,52152.494688517516,3.037400955314429e-16,5275.8039671497945
QSO,0.1816118,2.7399999999999995e-05,18.5863,0.009747989,0.1091627,17.668039999999994,0.007374439,0.07551824,49569.89598907533,1.0455339154546461e-15,2843.6140417837787
QSO,3.165498,0.002726236,21.32826,0.03713613,0.05223493,21.04968,0.03688988,0.03613588,267119.97639393975,8.36669861654886e-17,10052.235397752405
QSO,2.801269,0.000501193,21.27201,0.03934598,0.1261073,21.02179,0.04355254,0.08724047,260983.48363269732,8.811586831093874e-17,9795.185163649265
QSO,0.7588163,8.109999999999999e-05,21.45346,0.04528028,0.08196909,21.23195,0.05378767,0.05670584,153317.68836458772,7.455454519108988e-17,10648.848541458678
QSO,6.40916,0.0009834210000000002,24.46659,0.7591066999999999,0.20933520000000005,21.8238,0.1466355,0.1448171,289065.5965079359,4.647529179864379e-18,42650.94421535666
QSO,1.913448,0.000283469,20.24013,0.01844565,0.2211837,20.22036,0.02315692,0.15301389999999998,236599.62613166255,2.279324324345764e-16,6090.271450985362
QSO,0.3516287,4.04e-05,18.60305,0.007562202,0.2349012,18.43146,0.008222488,0.1625036,87692.67175320603,1.0295279113699563e-15,2865.6335300911987
QSO,1.603397,0.000404547,19.17248,0.009959199,0.06844676,18.98936,0.01076541,0.04735115,222701.9594171878,6.093490315046198e-16,3724.8316607070083
QSO,1.277103,0.000492176,19.61839,0.01286099,0.1112026,19.13194,0.01148004,0.07692945,202853.78134625673,4.0411235201689453e-16,4573.9209034928335
QSO,2.250193,0.001609293,21.96096,0.06993648,0.06701913,21.87917,0.09907759,0.04636352,247942.09105657987,4.6716911691076783e-17,13452.48913973132
QSO,0.8840171,0.000277871,20.83817,0.02888379,0.04891402,20.73293,0.03851535,0.03383849,168001.66272436501,1.3139841459065366e-16,8021.29798070305
QSO,1.974895,0.000208351,18.71116,0.007825702,0.06407256,18.74235,0.009569573,0.04432511,238920.8945369543,9.319532457447138e-16,3011.9145751571255
QSO,3.634649,0.00044581,21.08564,0.03489584,0.03499076,20.10817,0.02156122,0.02420645,273120.4971429581,1.046169670400503e-16,8989.564443908
QSO,0.2784844,8.23e-05,21.64534,0.04803339,0.07555088,21.61478,0.06971131,0.05226574,72204.74613767058,6.247728162439912e-17,11632.649698784766
QSO,2.23392,0.00019370900000000005,21.58738,0.06402961,0.1045986,21.46356,0.08622804,0.07236084,247464.61436806378,6.590314271019948e-17,11326.26321450182
QSO,0.2119047,5.53e-05,19.33434,0.01588637,0.07343937,18.58839,0.01236931,0.05080502,56918.978764912645,5.249550587866959e-16,4013.0876946372045
QSO,2.3668560000000003,0.000400204,20.61397,0.02713758,0.06848861,20.40704,0.02950721,0.0473801,251186.8679880992,1.6153629780136492e-16,7234.435519180449
QSO,2.908506,0.000450267,21.26704,0.03944056,0.0638993,21.20217,0.05430431,0.04420524,262954.81512540014,8.852014674342534e-17,9772.791878103306
QSO,1.974292,0.001838852,21.80391,0.06415623,0.05057162,21.81867,0.09089886,0.03498521,238898.71710040496,5.3987612892706534e-17,12513.899134176847
QSO,2.901342,0.000362339,21.13358,0.03730867,0.05258239,20.815620000000006,0.04184577,0.03637626,262827.7499401725,1.0009816710648831e-16,9190.235706859436
QSO,1.524702,0.0004556330000000001,19.04155,0.008998338,0.03455393,19.02803,0.01071335,0.02390425,218483.10845748242,6.874452653723925e-16,3506.8779397640355
QSO,1.546215,0.00018559400000000005,19.46137,0.01159827,0.1721333,19.15857,0.01175826,0.119081,219668.4403926452,4.669927359660019e-16,4254.853879560589
QSO,1.301058,0.000352229,19.31224,0.01173306,0.201055,18.95488,0.01157789,0.1390889,204542.65710178213,5.357499327552684e-16,3972.451925669819
QSO,0.7057177,0.000148171,19.88321,0.015650999999999998,0.2440962,19.77532,0.01709917,0.1688646,146425.25592015593,3.16646086754992e-16,5167.168810598192
QSO,1.929092,0.00055578,20.67571,0.02496647,0.2927708,20.539720000000006,0.02914546,0.2025375,237202.56162917867,1.5260688413818334e-16,7443.079369183789
QSO,1.156117,0.000202473,19.18707,0.01029346,0.2892987,18.85425,0.009889882,0.2001355,193649.45146220937,6.012154398533891e-16,3749.942859333616
QSO,1.8799,0.0004884140000000001,19.60367,0.01331543,0.1366378,19.53384,0.01509513,0.09452539,235278.11865433815,4.0962846231221693e-16,4543.02001434957
QSO,1.214416,0.000683307,21.0651,0.0324673,0.07897407,20.70691,0.03327256,0.05463389,198230.52389273848,1.0661495432807629e-16,8904.932874832244
QSO,1.671544,0.00048964,18.91052,0.008800648000000001,0.1038294,18.85589,0.01005766,0.07182869,226107.55459870843,7.756220109817939e-16,3301.525455353824
QSO,2.248884,0.000290568,21.6262,0.05331389,0.05855784,21.6837,0.08209860000000001,0.04051004,247903.91738605668,6.358843334263986e-17,11530.566640197874
QSO,2.380603,0.00151896,21.82005,0.05595094,0.08554503,21.86866,0.08712982,0.05917966,251549.62557625963,5.319099632503795e-17,12607.258278930867
QSO,2.258576,0.000278859,20.31446,0.01948329,0.1188526,20.25266,0.02459732,0.0822217,248185.59551458157,2.1285023068784737e-16,6302.351917401586
QSO,3.439108,0.000277513,20.94436,0.0306194,0.06656428,20.50347,0.04006154,0.04604886,270834.9487195146,1.1915550873005145e-16,8423.307399923742
QSO,2.600973,0.000660157,20.995420000000006,0.03127315,0.0764155,20.46369,0.0316226,0.05286389,256863.79508329078,1.13681586338099e-16,8623.720058910878
QSO,0.7381479999999999,0.000115968,20.12827,0.01861393,0.08974581,19.94702,0.02009466,0.06208574,150684.95067654093,2.526679316429504e-16,5784.484345854509
QSO,2.826157,0.000539764,19.98641,0.01956361,0.12771559999999998,19.80255,0.02109422,0.08835304,261454.5454790117,2.87934778797578e-16,5418.6693395547345
QSO,1.223149,0.000341852,19.37654,0.01121251,0.05473072,19.034,0.01119019,0.03786246,198892.85917664587,5.049427316879847e-16,4091.840062312344
QSO,2.276647,0.0013178970000000002,21.60641,0.06349078,0.1307908,21.33713,0.06754402,0.09048045,248704.8910336244,6.47581040435e-17,11425.958704565535
QSO,1.127387,0.000329808,19.77818,0.01441216,0.1096965,19.48324,0.01424857,0.07588755,191285.5304805187,3.4880774955422644e-16,4923.190604738994
QSO,2.557232,0.000131849,18.71657,0.007894525,0.05048626,18.47766,0.008185559,0.03492616,255879.36812264277,9.273210647581177e-16,3019.4278056405833
QSO,0.8903851999999999,0.000361702,20.82706,0.02728019,0.06431437,20.05313,0.02130717,0.04449238,168694.27330382945,1.3274987634194656e-16,7980.363068137245
QSO,2.827137,0.000244675,21.85531,0.06454398,0.06903244,21.69951,0.08565754,0.04775632,261472.92238838002,5.149133184749063e-17,12813.64388908119
QSO,0.6947276,0.000103345,18.11761,0.0061190440000000006,0.07321939999999999,18.15062,0.007139804000000001,0.05065285,144945.04643296974,1.6099564383643881e-15,2291.5674780549266
QSO,2.325148,0.000483687,20.3748,0.02006517,0.04111803,20.42394,0.02680463,0.02844526,250061.65019454368,2.0134373710090036e-16,6479.935009110005
QSO,0.4261143,6.08e-05,18.55803,0.007861352,0.10768210000000003,18.65855,0.009154911,0.07449401,102157.63652542356,1.073114653388162e-15,2806.8334925648137
QSO,0.789619,0.000136036,17.56385,0.00552046,0.07164872,17.53888,0.006304041,0.04956626,157127.0865759456,2.6811315623068872e-15,1775.7452028701546
QSO,0.8500940999999999,0.000127622,21.374,0.04083744,0.15384620000000002,21.09529,0.04689989,0.1064301,164227.11825658422,8.021546865774282e-17,10266.221970786033
QSO,0.7305613000000001,0.000150261,20.29653,0.02284961,0.1312506,20.20572,0.02944865,0.09079854,149702.7037608404,2.163944536077186e-16,6250.527210119299
QSO,0.3921326,8.2e-05,21.37506,0.04284426,0.06275117,21.26441,0.05785333,0.04341096,95715.48538397728,8.013719282659382e-17,10271.234630276751
QSO,2.013142,0.001418751,21.55377,0.06042642,0.1487292,21.38884,0.070034,0.1028901,240304.07166075596,6.79751422664153e-17,11152.305304172889
QSO,2.11481,0.000735964,19.94176,0.01498734,0.1053588,19.72852,0.01615621,0.07288674,243767.172994093,3.0002270698501203e-16,5308.387894422986
QSO,2.433787,0.000716775,21.43808,0.04199008,0.1020991,21.28959,0.05267458,0.07063168,252916.53554207002,7.561816341966915e-17,10573.69186309404
QSO,2.410456,0.000229806,21.02394,0.03092041,0.1008674,21.11819,0.05096732,0.06977958,252323.93282093425,1.1073428994681949e-16,8737.730592210914
QSO,2.260341,0.000190932,20.68641,0.02410772,0.09557222,20.91714,0.03845874,0.06611641,248236.6524209141,1.5111031997833657e-16,7479.845891407471
QSO,0.9219147,0.000242189,21.87585,0.06275108,0.07179695,21.79067,0.07953423,0.049668800000000006,172051.49715162808,5.052637315925373e-17,12935.423446900912
QSO,3.607222,0.000944379,21.69218,0.04837349,0.4460063,20.7019,0.02960798,0.3085451,272816.32307891746,5.983924773719276e-17,11886.298982692222
QSO,3.08646,0.000339785,20.75408,0.02548151,0.13652679999999998,20.63806,0.03569489,0.09444863,265915.9873568217,1.4197965783348117e-16,7716.611753561796
QSO,2.3435,0.000386774,21.58655,0.04527465,0.0427858,21.31786,0.05104042,0.02959902,250561.38011668823,6.595354217309104e-17,11321.934814091916
QSO,2.116832,0.00063679,20.67217,0.02708495,0.08436861,20.30236,0.02803555,0.05836581,243833.05852776987,1.5310526488853977e-16,7430.95532125391
QSO,1.822022,0.000647141,21.05549,0.034257800000000005,0.15489270000000002,20.92478,0.0415707,0.107154,232902.92793307037,1.0756280650215159e-16,8865.610559952174
QSO,0.9966127,0.000209705,19.68623,0.01292724,0.137053,19.50712,0.01570511,0.09481261,179549.91266877396,3.796348953966705e-16,4719.072506173902
QSO,0.6147604999999999,0.000134731,21.20373,0.09293362,0.2210604,20.05937,0.04401379,0.1529286,133585.11727929194,9.383527372426249e-17,9491.976407750177
QSO,2.341079,0.000396188,20.3598,0.02178628,0.07683255,20.3151,0.0271197,0.0531524,250495.8751377251,2.0414470749337565e-16,6435.327450271794
QSO,2.445063,0.000374695,20.03673,0.01669506,0.04911659,19.66468,0.01650963,0.03397863,253199.08481106302,2.7489454715363843e-16,5545.70354751545
QSO,1.069973,0.00067464,21.29426,0.04044067,0.07630417,20.92468,0.03954569,0.05278687,186337.59643181186,8.632848614633839e-17,9896.067527429326
QSO,3.035473,0.000380746,21.51259,0.04638861,0.1614444,20.99662,0.03911456,0.1116865,265104.37888375705,7.060283257058663e-17,10942.804745911071
QSO,0.453749,4.94e-05,19.10077,0.009706125,0.4221868,18.95267,0.01012591,0.2920668,107209.5639581244,6.509537379878157e-16,3603.8329365023474
QSO,0.8543966000000001,0.000208269,20.63316,0.02378401,0.09773753,20.64753,0.03403506,0.06761437,164713.89943044668,1.587062847858591e-16,7298.651884768521
QSO,1.271944,0.000160996,20.58247,0.02510767,0.4178171,20.42546,0.03011178,0.2890439,202484.5654364335,1.6629152848969432e-16,7130.248240132324
QSO,0.1183034,2.34e-05,17.25178,0.004844703,0.1063708,16.38482,0.003857599,0.07358685,33381.6113586386,3.573930684383841e-15,1538.0365284684735
QSO,2.662932,0.00033212,21.67923,0.04705738,0.06683312,21.58581,0.07239018,0.04623485,258203.91877489878,6.055724724738462e-17,11815.62366872465
QSO,2.412303,0.00148849,21.89659,0.06295303,0.05452937,22.01542,0.1057512,0.03772317,252371.24300562454,4.957036596547773e-17,13059.563159980324
QSO,0.9024911,0.000255785,18.72394,0.00781392,0.04995901,18.6571,0.008949536,0.03456141,169997.35025744743,9.210477059654278e-16,3029.693185645953
QSO,3.038485,0.000313833,20.4883,0.02499278,0.09297273,20.32129,0.02501765,0.0643181,265153.11384966027,1.81358587728455e-16,6827.640566705196
QSO,2.3349830000000003,0.000306392,19.47476,0.01163466,0.06154967,19.51383,0.01420636,0.04257978,250330.37290493416,4.612688478711637e-16,4281.171741209826
QSO,3.181461,0.00033225400000000003,20.26752,0.02057716,0.05261217,20.14644,0.02254307,0.03639686,267355.48917500384,2.2225427599564864e-16,6167.577992717771
QSO,0.6786373,0.000112806,21.29829,0.03732192,0.07785861,20.71904,0.03133757,0.05386223,142743.56208376604,8.600864885361935e-17,9914.45052978886
QSO,2.214137,0.000791667,21.8528,0.0614669,0.07504904,21.82655,0.09872746,0.05191858,246875.50217568572,5.1610506974493975e-17,12798.841184221967
QSO,2.475345,0.00072529,21.93989,0.0744505,0.053703699999999986,21.94564,0.1068776,0.03715197,253945.70256878698,4.7632362801122355e-17,13322.589611507312
QSO,2.316393,0.000147417,18.49525,0.007044784,0.1050014,18.44363,0.008171258,0.07263948,249820.64582169728,1.1369938751545038e-15,2726.846241580125
QSO,0.8135197,0.000148845,21.21369,0.04802929,0.09118856,21.08776,0.05826887,0.06308382,159991.7192431328,9.297841215194993e-17,9535.613726061882
QSO,3.111377,0.000963988,21.7752,0.05491009,0.0648006,21.2578,0.04835967,0.04482875,266302.4941831387,5.543424350356176e-17,12349.53627395408
QSO,2.001606,0.000446236,18.90401,0.008663095,0.1191948,18.84268,0.01010535,0.08245842,239891.70221809,7.802865576699931e-16,3291.6424168881517
QSO,1.709796,0.000937245,19.86146,0.01532534,0.08913743,19.7555,0.01699997,0.06166486,227925.58502708536,3.230532579513529e-16,5115.671516337313
QSO,1.566314,0.000377883,18.62308,0.0077202109999999985,0.09940417,18.47481,0.008672128000000001,0.06876735,220753.77080326295,1.0107089819620625e-15,2892.1888674724846
QSO,2.656668,0.00045392,21.05395,0.03103486,0.05065124,20.96558,0.04163154,0.0350403,258071.23460859965,1.0771548102186958e-16,8859.325331549297
QSO,1.378126,0.00049116,19.36759,0.01228857,0.05011037,19.04754,0.01201901,0.03466612,209703.5957030036,5.091223061814852e-16,4075.0097305403947
QSO,2.405264,0.0006627019999999999,21.88325,0.06474047,0.06067169,21.90035,0.08842689999999999,0.04197239,252190.5728116609,5.018317388123701e-17,12979.580315164201
QSO,2.333418,0.000788141,21.3993,0.04137323,0.09358012,21.45316,0.05950653,0.06473829,250287.75380817556,7.836788483008988e-17,10386.534072111604
QSO,2.224037,-4.0,21.27929,0.04786317,0.04758004,20.88277,0.04579637,0.03291565,247171.50832954785,8.752701652292907e-17,9828.079256742156
QSO,2.280291,0.000745035,22.19171,0.1124191,0.1135683,22.11477,0.1500663,0.07856601,248808.68591356976,3.7772360435299335e-17,14960.725346774967
QSO,2.612468,0.000427568,22.19602,0.08065248,0.1085018,21.94058,0.09649983,0.07506108,257117.14736150653,3.7622714349915875e-17,14990.449307303677
QSO,1.317482,0.0007296239999999999,21.60206,0.05244429,0.08112199,21.21863,0.05504476,0.05611982,205676.77710941207,6.501807770606548e-17,11403.092574786468
QSO,1.650753,25.49615,19.73612,0.01286493,0.05938318,19.53434,0.01438266,0.04108101,225091.7100499832,3.6258524350660467e-16,4828.749210105978
QSO,2.441022,0.00070589,21.30641,0.04621923,0.08666978,21.37142,0.05891001,0.05995775,253098.11327359674,8.536780703148029e-17,9951.594012018357
QSO,2.463879,0.0006448,20.6453,0.02547275,0.03159578,20.62639,0.03036321,0.02185781,253665.06899667846,1.5694161782630136e-16,7339.570562082152
QSO,2.331176,0.000919967,21.29605,0.04339151,0.06908157,21.09769,0.05292456,0.04779031,250226.6050472291,8.618627786578007e-17,9904.228471053344
QSO,3.4547449999999995,0.000542559,20.43099,0.02088659,0.07737117,19.703,0.01694503,0.05352502,271028.1490361175,1.9118865818155334e-16,6649.801018105062
QSO,0.4681888,7.509999999999998e-05,21.17899,0.05206698,0.09623101,20.18558,0.0319948,0.06657216,109784.52632074158,9.599798675058792e-17,9384.446226296837
QSO,0.9123815,0.000152477,17.53697,0.005310127,0.06619107,17.32015,0.00579393,0.04579067,171048.89328928303,2.7483378893283658e-15,1753.8992812227134
QSO,2.630775,0.000231736,19.16674,0.009749727,0.0974566,19.02462,0.0109715,0.06742003,257516.14773836985,6.125790291325628e-16,3714.9985630284696
QSO,0.6670988,0.000209219,20.54597,0.02247442,0.6362726,20.23034,0.02256751,0.4401704000000001,141139.30512102394,1.7197690355273722e-16,7011.398479435375
QSO,2.430269,0.001319222,20.36237,0.02032316,0.20933,20.06945,0.0207953,0.1448135,252827.87175396498,2.03662056693845e-16,6442.948354136166
QSO,0.7862642,7.77e-05,18.02312,0.006175545,0.17589970000000002,17.755489999999995,0.006453539,0.1216866,156718.69400354745,1.7563461991009578e-15,2193.9900320313736
QSO,2.207519,0.0008839010000000002,21.90044,0.07149959,0.109437,21.68501,0.092293,0.07570804,246676.27673406492,4.9394901667852884e-17,13082.738180153925
QSO,2.173957,0.000526787,21.21837,0.04006981,0.1188046,21.10344,0.04906016,0.08218843,245648.99118400548,9.25784968751687e-17,9556.187230357606
QSO,1.339946,0.000566087,19.26037,0.01129004,0.2003221,18.95261,0.01096157,0.1385819,207197.43725387056,5.619661093052248e-16,3878.6862456577387
QSO,2.406604,0.000205001,20.9999,0.0321644,0.09814614,20.66892,0.03204739,0.06789704,252225.04382251855,1.1321347611338826e-16,8641.530161681114
QSO,1.3456709999999998,0.000352435,20.37701,0.01989817,0.3691426,19.84747,0.01697195,0.2553711,207579.4443479387,2.009343217202823e-16,6486.533272183182
QSO,2.267929,0.000683204,21.85713,0.06394348,0.1143116,21.6479,0.06344158,0.07908022,248455.3197821448,5.140509016033742e-17,12824.388030972794
QSO,0.4200065,0.000143897,21.45977,0.05845246,0.1294825,20.39401,0.03492057,0.08957537,101018.67248497506,7.412251134068664e-17,10679.837633115843
QSO,3.213538,0.002055429,21.41868,0.04187315,0.1022341,20.97901,0.04309518,0.07072507,267821.2500489539,7.698145675777648e-17,10479.646906846288
QSO,2.259281,0.0007123889999999999,21.24431,0.03680382,0.07862182,21.25317,0.05137843,0.05439021,248205.99815745474,9.039285951297809e-17,9671.028209986292
QSO,1.514141,0.000505071,19.11519,0.009368819,0.05067224,18.61776,0.008825358,0.03505482,217892.0756523861,6.423653776516939e-16,3627.8443868274694
QSO,2.332289,0.00049369,20.69396,0.02453874,0.07339455,20.49232,0.02945998,0.05077401,250256.97496199756,1.5006317302887788e-16,7505.8978575362235
QSO,0.8876849,0.000621271,20.20206,0.01835968,0.03763335,20.13121,0.02126171,0.02603458,168401.18767807132,2.360663717840967e-16,5984.428053166711
QSO,1.387002,7.891151,19.17394,0.009890454,0.06263708,19.278170000000006,0.01226329,0.04333204,210272.49078957588,6.085301846337853e-16,3727.3369114432935
QSO,2.509327,0.000215091,20.36984,0.02005837,0.05758091,20.49825,0.0287393,0.03983421,254762.94352602615,2.0226564568618775e-16,6465.150663534534
QSO,1.526921,0.000603725,19.50158,0.01231855,0.06570071,19.3591,0.01322012,0.04545145,218606.52086668598,4.50014103883051e-16,4334.376670267534
QSO,3.035075,0.000539932,20.50436,0.02447734,0.1148405,20.24324,0.02412304,0.07944614,265097.93160255183,1.7869570950902965e-16,6878.324331312093
QSO,1.5483360000000002,0.000824842,21.87428,0.06396844,0.15246220000000002,21.66916,0.1093931,0.1054726,219783.97036330574,5.059948832948396e-17,12926.074364311407
QSO,3.137397,0.000427871,21.01924,0.03228581,0.09899805,20.83385,0.03950135,0.06848639,266699.22855433734,1.1121468220765294e-16,8718.83883840968
QSO,0.9843099,0.000407256,19.4079,0.01264469,0.09024483,19.07516,0.01240036,0.06243096,178357.18855148068,4.905667683799171e-16,4151.362425108408
QSO,0.8866771999999999,0.000314599,20.18981,0.02264979,0.2186283,20.00599,0.02447176,0.1512461,168291.5854788579,2.3874491216140154e-16,5950.762946173867
QSO,1.070799,0.0008195930000000001,20.75669,0.02705715,0.07432364,20.48738,0.02787737,0.05141675,186410.97612739663,1.4163876300163297e-16,7725.892306832598
QSO,0.7209085,0.000280177,21.43684,0.03642513,0.08367465,21.20812,0.04226926,0.05788573,148440.452205824,7.570457491369322e-17,10567.655574077673
QSO,2.571348,0.00032335700000000003,19.60916,0.01315419,0.07206515,19.46166,0.01493936,0.04985434,256200.63283738395,4.0756241333608662e-16,4554.520383859927
QSO,1.034937,0.1316915,21.71058,0.04643701,0.3602971,21.13091,0.04416643,0.2492519,183163.67394102167,5.88336950630039e-17,11987.445621825504
QSO,1.809509,0.0017160220000000002,20.67695,0.02569207,0.1006728,20.34828,0.02602624,0.06964496,232372.92151054842,1.5243269401992732e-16,7447.330887217207
QSO,3.05406,0.00026733,19.45468,0.01108167,0.06749081,19.11269,0.01134881,0.04668983,265403.5233846977,4.698790967150382e-16,4241.76544747001
QSO,0.6770676,4.8e-05,20.62679,0.02439953,0.06568145,20.51841,0.02976798,0.04543813,142526.5823826418,1.5964014927303e-16,7277.272710738175
QSO,3.162866,0.000206654,19.85031,0.01550931,0.05097546,19.54669,0.01623852,0.03526459,267080.90326479974,3.263879565040347e-16,5089.471070653785
QSO,2.524222,0.000142952,19.75848,0.01358656,0.08378339,19.73386,0.01632562,0.05796096,255114.46771902466,3.5519441237906344e-16,4878.728496664293
QSO,1.818048,0.00029685400000000004,20.00275,0.01476168,0.08273667,20.07367,0.01912107,0.05723685,232735.25411889414,2.8363389255268977e-16,5459.597800250975
QSO,0.7565339,0.000202334,21.60293,0.04527247,0.10556889999999998,21.35347,0.05009394,0.0730321,153030.02312395503,6.496599961346695e-17,11407.662136952425
QSO,1.3908049999999998,0.000242557,18.86709,0.008852701999999999,0.08467851,18.63525,0.008966028000000001,0.0585802,210514.68707718322,8.07276156016905e-16,3236.150048863045
QSO,2.389493,0.000464513,20.60608,0.02518212,0.0877201,20.53609,0.02953753,0.06068436,251782.1204847875,1.6271445099285688e-16,7208.19704498571
QSO,2.682539,0.000339077,20.37572,0.02119153,0.0985414,20.05926,0.02195315,0.06817049,258615.2678009928,2.011732004830726e-16,6482.6809814928165
QSO,2.93162,0.00065376,21.5732,0.05297314,0.08033860000000001,21.48284,0.07227696,0.05557787,263360.4380915841,6.676950017677032e-17,11252.542194246998
QSO,2.643555,0.000815028,21.09539,0.03405721,0.6167581999999999,20.69904,0.03485133,0.4266704000000001,257791.4626996687,1.0368170376728896e-16,9030.018708904152
QSO,3.075384,0.000622387,22.29205,0.08462033,0.1601942,21.97978,0.08805199999999999,0.1108216,265742.0708715959,3.443801613739979e-17,15668.25568756003
QSO,1.610192,0.000506857,21.72775,0.056870900000000016,0.120361,21.66389,0.06747577,0.08326516,223051.5048224794,5.791060808191405e-17,12082.607008310075
QSO,2.293844,0.000589221,20.53516,0.02326794,0.1468553,20.4765,0.0292935,0.1015938,249192.04817317345,1.7369772295066796e-16,6976.581148384728
QSO,1.1879110000000002,0.000154876,19.35087,0.01191343,0.1161307,18.676920000000006,0.009278749,0.08033867,196182.70757784683,5.170233117831852e-16,4043.7532784093937
QSO,1.541277,2.59e-05,23.85337,0.6804829000000001,0.1049371,21.60746,0.176011,0.07259503,219398.54840410835,8.17542098014238e-18,32157.675621336697
QSO,1.514201,0.000402395,19.33766,0.01171055,0.04417106,19.44389,0.01568852,0.03055733,217895.4506954714,5.233522856377735e-16,4019.228063496003
QSO,2.939808,0.000374166,19.04183,0.009557077,0.1711449,18.77256,0.009621071,0.1183973,263502.55629384064,6.872680032937166e-16,3507.3301624718456
QSO,3.062487,0.000512595,20.81425,0.031718500000000004,0.15905550000000002,20.39875,0.02928619,0.1100338,265537.90215583396,1.3432539464910436e-16,7933.423715692774
QSO,2.322072,0.000487564,20.84177,0.02704831,0.1944698,20.83641,0.03520295,0.1345333,249977.16825815945,1.3096345540695451e-16,8034.60720931489
QSO,2.382663,0.0004094080000000001,18.12948,0.006127367,0.2023763,18.09291,0.006693288,0.140003,251603.64525722194,1.5924511734692541e-15,2304.128257622801
QSO,1.957929,0.000795728,21.14041,0.03684483,0.1035536,21.16477,0.053437800000000014,0.07163791,238292.43113624596,9.947045974052585e-17,9219.187550003573
QSO,1.169995,0.000407175,21.14519,0.03712629,0.05998391,20.47983,0.031493900000000005,0.04149659,194765.71115248455,9.903349936847287e-17,9239.50383604304
QSO,0.8377290999999999,0.00012558100000000002,20.85979,0.0353684,0.06946954,20.7706,0.03880012,0.04805871,162814.8678697864,1.2880778888782028e-16,8101.559951215493
QSO,0.2399514,9.56e-05,19.4677,0.0170101,0.193608,18.33638,0.01012612,0.1339371,63500.9245873944,4.642780216678508e-16,4267.275183771953
QSO,1.598673,0.000425475,21.47667,0.04177369,0.23486260000000006,21.12375,0.04497343,0.1624769,222457.60990662282,7.297769216795502e-17,10763.280292155112
QSO,1.869764,0.000882205,20.83115,0.03160595,0.2055327,20.65839,0.0345164,0.1421865,234871.0170874803,1.3225074439242016e-16,7995.408363106317
QSO,1.933139,0.000624738,20.46377,0.02136466,0.08913437,20.3985,0.02534476,0.06166274,237357.18661393362,1.8550265302826314e-16,6750.946248350727
QSO,2.774968,0.000540708,20.35616,0.02065138,0.1495207,20.18888,0.02318574,0.1034377,260476.4027748087,2.0483026421338751e-16,6424.549063370948
QSO,2.441553,0.000406692,20.50176,0.02403642,0.1049525,20.52668,0.02886585,0.07260566,253111.39944209787,1.7912414284645507e-16,6870.093537765678
QSO,1.491323,0.000617246,21.39701,0.04210216,0.06648469,20.86799,0.03771311,0.0459938,216594.08373315915,7.853335029659361e-17,10375.586373396804
QSO,1.271369,0.0013374189999999998,21.51461,0.04363598,0.04187666,21.32343,0.05554635,0.02897008,202443.29204982586,7.047159891173603e-17,10952.988964672495
QSO,1.702497,0.001055245,21.2189,0.03882813,0.05399759,20.97938,0.04624623,0.03735529,227583.6742871223,9.253331589180049e-17,9558.519932053801
QSO,1.828922,0.000653976,21.02195,0.0283298,0.04975148,21.06524,0.04115526,0.03441784,233192.6293718897,1.109374362588447e-16,8729.72675169944
QSO,2.357645,0.000585901,20.63351,0.0242213,0.07656123,20.54402,0.03223054,0.05296471,250941.58087520828,1.5865513216955727e-16,7299.828383272585
QSO,2.193941,0.000305888,20.31275,0.02166222,0.05482645,20.45895,0.02683857,0.03792869,246264.1081928394,2.131857271621003e-16,6297.390869092373
QSO,2.878031,0.000222725,20.22383,0.01756897,0.06958507,19.96566,0.01960419,0.04813863,262409.8116868197,2.313801643420611e-16,6044.726424548436
QSO,0.2566168,5.01e-05,18.99666,0.01107238,0.02800948,18.52713,0.01032192,0.01937683,67312.8250328403,7.164635905655015e-16,3435.1258303718123
QSO,0.2525522,0.00017397900000000002,19.57321,0.01441275,0.03636204,18.9226,0.01208568,0.02515509,66389.85492848046,4.212831850586518e-16,4479.738364395568
QSO,2.924593,0.00038847,19.96998,0.01741909,0.058958900000000015,19.77045,0.01691845,0.04078749,263237.8189546251,2.9232511230713835e-16,5377.824806650182
QSO,1.16572,0.000382065,21.09978,0.03339288,0.33091940000000003,20.57094,0.02976372,0.2289285,194423.6070319076,1.0326332983087265e-16,9048.292890178856
QSO,0.9128739,0.000228849,21.67407,0.05295486,0.07288095,21.41134,0.06209824,0.05041871,171100.94119175436,6.084573269840043e-17,11787.579915405411
QSO,0.6794578,7.209999999999999e-05,19.74613,0.01364269,0.09840276,19.78537,0.01928638,0.06807457,142856.82228694353,3.592577331118269e-16,4851.060043672428
QSO,2.9759990000000003,0.00030552,20.7637,0.02450882,0.08291932,20.49091,0.024874700000000003,0.0573632,264121.0721753576,1.4072722542270666e-16,7750.873520905821
QSO,1.816113,0.000400934,19.7979,0.01432741,0.08803842,19.79011,0.01728371,0.06090457,232653.39251370318,3.425296140462794e-16,4968.103674273156
QSO,1.847927,0.000619865,21.89734,0.06616264,0.05709308,21.92358,0.09988681,0.03949673,233981.30268290974,4.953613579380349e-17,13064.074552343302
QSO,0.4343720999999999,5.350000000000001e-05,19.26571,0.01038752,0.06248813,19.31596,0.01283392,0.043229,103684.54195479372,5.59208964981588e-16,3888.236296879584
QSO,0.4377074000000001,4.9e-05,21.27017,0.07598060000000001,0.2095971,19.77873,0.03243386,0.1449983,104297.0507730979,8.826532511121952e-17,9786.888716127023
QSO,2.247109,0.000406224,20.17768,0.01799254,0.10566960000000003,20.1566,0.02169849,0.07310177,247852.08876003046,2.41427159757455e-16,5917.6142310038695
QSO,2.289663,0.000218078,19.77922,0.01411867,0.15653370000000005,19.51998,0.01500277,0.1082893,249074.23201431177,3.484737951609397e-16,4925.549071054794
QSO,2.180503,0.001291824,21.28789,0.05375922,0.09269878,21.42017,0.06290599999999999,0.06412859,245851.60442681782,8.683646292590927e-17,9867.080016691049
QSO,0.4632987,3.72e-05,19.3217,0.01190394,0.08213884,19.22761,0.01412359,0.05682327,108917.41277263901,5.311022303157449e-16,3989.795628127095
QSO,3.009012,0.000455565,21.77832,0.05616578,0.03248163,21.4683,0.06104836,0.02247064,264671.8691958366,5.5275174870628686e-17,12367.293002922663
QSO,2.346053,0.000194961,20.88374,0.02794667,0.09863707,20.96785,0.04239224,0.06823666,250630.3194891274,1.2599755718998804e-16,8191.409738547645
QSO,1.456597,0.000284784,18.5112,0.007286514,0.08635366,18.29327,0.007879661,0.05973906,214562.02495190504,1.1204129637857457e-15,2746.9493399681146
QSO,2.132279,0.000401202,20.61732,0.022007,0.08602621,20.55068,0.02644766,0.05951253,244332.704814951,1.6103865149551999e-16,7245.604927933778
QSO,3.543081,0.000222103,21.547,0.04413533,0.07353102,20.73676,0.02927104,0.05086843,272084.67539879604,6.84003186929154e-17,11117.589903743443
QSO,0.9391543,0.000375949,19.18575,0.00992523,0.04905781,19.0649,0.01051506,0.03393797,173837.69200263973,6.0194682100368e-16,3747.6640275275004
QSO,0.8114906,0.00018563,19.00854,0.00942753,0.1083529,18.96681,0.01094986,0.07495801,159751.54501867964,7.086668620472873e-16,3453.970707787311
QSO,2.496221,0.0005238840000000001,20.59555,0.03133759,0.09666411,20.37094,0.03327461,0.06687178,254450.29159973454,1.643002125253498e-16,7173.3273513911045
QSO,1.427615,0.00058434,19.24011,0.01015458,0.09451853,19.1325,0.01182827,0.06538748,212811.81779765134,5.725509310141526e-16,3842.666109451483
QSO,2.947095,0.0005711140000000001,22.09843,0.0717281,0.2392992,21.87538,0.07581669,0.1655461,263628.3526576862,4.11610197011303e-17,14331.665067657968
QSO,2.315579,0.000569441,20.56361,0.02520023,0.07150335,20.44875,0.03078442,0.04946568,249798.15206295592,1.692053634777115e-16,7068.587691027814
QSO,0.8430610000000001,0.00016962,20.90138,0.02583559,0.05290398,19.92738,0.01686125,0.03659873,163426.27227510224,1.2396700964614019e-16,8258.223836498633
QSO,2.492017,0.000446526,20.45397,0.02371429,0.3379074,20.23607,0.02784315,0.2337628,254349.33140797095,1.8718460408935278e-16,6720.547424645493
QSO,3.178124,0.000255083,20.662470000000006,0.02508179,0.3510071,20.31149,0.02662996,0.2428251,267306.4631524587,1.544792403731842e-16,7397.835160973663
QSO,1.069357,0.000240862,21.54707,0.04801347,0.2726725,21.25838,0.05379736,0.1886336,186282.82981971913,6.839590890355469e-17,11117.948298275007
QSO,3.282086,0.000960723,22.138720000000006,0.08146369,0.1586865,21.50113,0.06780947,0.1097786,268784.13994146796,3.9661590409332205e-17,14600.060321310633
QSO,0.386593,5.4299999999999985e-05,20.12479,0.01605873,0.04096012,19.82123,0.0167408,0.02833602,94640.648091992,2.534790817597955e-16,5775.221559975618
QSO,1.3591,0.000906409,20.91156,0.02963135,0.05421254,20.71687,0.03629195,0.03750399,208466.8379835488,1.2281011136972963e-16,8297.029803512292
QSO,2.299051,0.000183436,20.64307,0.02409465,0.02569444,20.77944,0.03371129,0.017775299999999997,249338.22035214913,1.5726429239974353e-16,7332.037037380692
QSO,2.758723,0.000483405,20.246270000000006,0.01961798,0.07836554,20.04996,0.02214499,0.05421292,260158.33770285454,2.2664707842961393e-16,6107.516516566934
QSO,3.556629,0.00054961,21.51855,0.05063367,0.07571158,20.5509,0.0326964,0.05237692,272241.63518069976,7.021632980106113e-17,10972.880514219212
QSO,0.7790014000000001,0.000214842,19.94195,0.01629956,0.08504857,20.00056,0.02141145,0.05883621,155829.1713127545,2.9997020866489634e-16,5308.8523893075835
QSO,2.77962,0.000103131,18.9097,0.009026989,0.07499567,18.70833,0.009742348,0.05188166,260566.79685722865,7.762080191477933e-16,3300.2789556219045
QSO,1.6560400000000002,0.00041215,19.51562,0.01264982,0.0407122,19.39466,0.014096,0.02816451,225351.9207843254,4.44232292245184e-16,4362.492065873006
QSO,1.352185,0.0006224669999999999,20.04636,0.01835245,0.06698697,19.84608,0.02014334,0.04634127,208011.40284160324,2.7246713503426397e-16,5570.3521316459755
QSO,2.356996,0.00030460700000000003,21.06411,0.03178416,0.1373971,21.2544,0.04648395,0.09505069,250924.2302251143,1.0671221270437666e-16,8900.873935754782
QSO,3.821051,0.000767051,21.92179,0.06504505,0.1290358,20.54386,0.03011703,0.08926638,275059.6909118115,4.843308415228983e-17,13212.002588616735
QSO,2.147223,0.000628111,19.96486,0.01544499,0.1265858,19.93856,0.01914592,0.08757145,244809.95249100955,2.9370688360923173e-16,5365.1596549495325
QSO,1.564294,0.001077773,21.94658,0.05998652,0.167277,21.71288,0.07012518,0.1157214,220645.64168213357,4.733976799676912e-17,13363.6979216108
QSO,0.6135005,5.22e-05,18.000239999999994,0.005983306999999999,0.05906155,18.05517,0.006827631,0.04085851,133397.49739827935,1.7937508720028897e-15,2170.994134563845
QSO,2.286897,0.000321607,21.59322,0.04942101,0.08962407,21.60681,0.06766291,0.06200152,248996.0697463705,6.554961197542035e-17,11356.76528443555
QSO,0.3739635,7.85e-05,18.70029,0.007973325,0.2046116,18.55613,0.008769151999999999,0.1415493,92163.82668398606,9.413304885874556e-16,2996.875146703024
QSO,3.628641,0.0002807,21.41812,0.04835495,0.08264621,20.04062,0.02234745,0.05717427,273054.30127277673,7.70211724226186e-17,10476.944664081564
QSO,2.97057,0.0006157119999999999,20.74019,0.02488975,0.05918927,20.51388,0.03132632,0.04094686,264029.2801640667,1.4380769496332747e-16,7667.409349792776
QSO,2.318246,0.000424913,19.88728,0.01588949,0.04549296,19.64782,0.01867604,0.03147182,249871.7960354093,3.154613265212698e-16,5176.862738989231
QSO,2.112653,0.000428734,17.30494,0.004510094,0.133527,17.16958,0.004798935,0.09237339,243696.76463915608,3.4031580975390015e-15,1576.1540058979085
QSO,0.9894897,0.000363023,18.60305,0.007826499,0.1035646,18.39843,0.007811989,0.07164551,178861.3286060342,1.0295279113699563e-15,2865.6335300911987
QSO,0.7944198,8.48e-05,20.92973,0.03890076,0.1230375,20.43812,0.03606455,0.08511674,157708.78563691478,1.2077196297825977e-16,8366.747259113428
QSO,1.526029,0.000534373,21.01971,0.02969639,0.1720375,20.53463,0.02977736,0.1190147,218556.9432207465,1.1116654934778346e-16,8720.726174276335
QSO,2.932617,0.00023867400000000005,20.7915,0.02592298,0.2124889,20.56141,0.02847665,0.1469988,263377.78654240933,1.3716967991188535e-16,7850.741002055525
QSO,0.826831,0.000128906,22.95909,0.16099660000000002,0.3443094,22.42843,0.14134739999999998,0.2381917,161553.61680863745,1.8630397674093506e-17,21302.405632909733
QSO,0.7656741,0.000234697,21.39819,0.04030576,0.09654802,20.54774,0.02854246,0.06679147,154177.49201647902,7.844804503209032e-17,10381.226103842648
QSO,1.285073,-4.0,20.0539,0.01612431,0.07662392,19.77668,0.01775941,0.05300808,203420.3183045366,2.7058151569473755e-16,5589.727675362433
QSO,2.638038,0.000306952,21.06028,0.03149456,0.0902519,20.72222,0.03314568,0.06243585,257672.9344919333,1.0708931120392368e-16,8885.188587530682
QSO,3.423858,0.000395758,21.01679,0.03216436,0.08490609,20.39503,0.0260793,0.05873764,270644.6811067693,1.1146592521414562e-16,8709.007210316531
QSO,0.9093171,0.000213664,19.04349,0.009291124,0.04638836,18.90954,0.01019066,0.03209125,170724.33274718336,6.862180307670568e-16,3510.012395049862
QSO,2.185931,0.001251864,22.22282,0.08196089999999999,0.2719462,22.35419,0.114801,0.18813120000000005,246018.78004507968,3.67054138618216e-17,15176.605670065386
QSO,2.208,0.001444781,22.25243,0.08571409,0.2187282,21.92763,0.08273442,0.1513152,246690.79320852933,3.5717917120447905e-17,15384.969871787667
QSO,1.405255,0.000401422,19.35525,0.01094612,0.09301919,19.04518,0.01073356,0.06435025,211426.5505851147,5.14941774422717e-16,4051.9180214002636
QSO,1.35871,0.001235246,20.05454,0.01790012,0.08892465,19.70855,0.02070305,0.06151766,208441.23672343197,2.7042206523142515e-16,5591.375383589019
QSO,0.6264328,4.71e-05,19.664720000000006,0.01278804,0.1462062,19.72066,0.01721868,0.1011448,135310.08211674172,3.872310066704512e-16,4672.557453139114
QSO,2.833508,0.000204318,21.4945,0.05255984,0.09832653,21.34817,0.06237903,0.06802183,261592.07681403865,7.17890366015554e-17,10852.021614861042
QSO,2.198049,0.000624392,21.467,0.05283054,0.0920574,21.54211,0.06892777,0.06368488,246389.29732815223,7.363056367411737e-17,10715.455821976797
QSO,0.5852555,0.000119588,21.95699,0.06441838,0.07940239,21.62752,0.06472193,0.054930200000000005,129118.1220050075,4.6888045002468404e-17,13427.917060799104
QSO,1.893137,0.001164607,21.29434,0.03684504,0.30418340000000005,21.28514,0.04869458,0.21043270000000006,235804.25629216217,8.632212546274771e-17,9896.432118746401
QSO,1.204697,0.411339,20.71103,0.053784000000000005,0.3760748,19.3443,0.02586025,0.2601668,197486.23937318005,1.477223218756727e-16,7565.134437135506
QSO,1.739559,0.00027353400000000003,21.01436,0.02765183,0.2845505,20.9291,0.03837857,0.1968508,229296.04660815388,1.117156779012207e-16,8699.266791505648
QSO,0.2401274,4.320000000000001e-05,18.13959,0.00680046,0.1206404,17.62049,0.006028621,0.08345848,63541.56415421812,1.5776916434105318e-15,2314.880892089586
QSO,0.8032491,0.000282511,19.16121,0.01011943,0.03823807,19.03843,0.01139487,0.02645292,158770.30587493084,6.157070483026272e-16,3705.549764624642
QSO,0.6371278,0.000232866,21.39571,0.04230867,0.1223604,21.22276,0.05146867,0.08464838,136870.0724343221,7.86274380683613e-17,10369.376658040233
QSO,1.408348,0.000954599,21.47254,0.05189779,0.1055012,20.97922,0.04729864,0.07298524,211620.02211728535,7.325581850666088e-17,10742.828684547756
QSO,1.932555,0.000330724,18.38991,0.00704832,0.07743188,18.32763,0.007560120999999999,0.05356701,237334.907572423,1.2528357142421203e-15,2597.721866671427
QSO,3.204253,0.000832708,21.10661,0.0323009,0.4659182,20.72702,0.03105482,0.32232,267687.4484829238,1.0261577399001802e-16,9076.797573283244
QSO,0.5889829000000001,9.13e-05,18.10481,0.006206746,0.175818,18.08905,0.006715712,0.12163010000000002,129691.01178057161,1.6290489159717819e-15,2278.0992974082715
QSO,1.668402,0.000715974,20.9338,0.02900551,0.1005813,20.78987,0.03323013,0.06958169,225955.3086350701,1.2032008365597957e-16,8382.443794637793
QSO,2.375736,0.000284187,19.67061,0.014382399999999997,0.05272642,19.70186,0.01779217,0.03647589,251421.64671265575,3.851360085746494e-16,4685.248713752924
QSO,3.3016,0.000607133,21.83586,0.07495932,0.08050495,21.07938,0.05207948,0.05569296,269050.4453162689,5.24220650736646e-17,12699.383843776624
QSO,2.450338,0.000613293,21.9956,0.07535047,0.08839645,22.038870000000006,0.1067142,0.06115226,253330.4117370513,4.524995224489533e-17,13668.808217483964
QSO,2.581588,0.001201014,21.46609,0.04217855,0.14044179999999998,21.19767,0.04500271,0.09715702,256431.53984862842,7.369230233569789e-17,10710.966231480943
QSO,1.83712,0.000551334,21.31939,0.03895161,0.16675910000000002,21.24338,0.05159796,0.1153631,233534.48932891217,8.435330929131526e-17,10011.25791688017
QSO,0.5217847,2.271979,22.05385,0.185642,0.06903794,21.48807,0.1862044,0.04776013,118967.398836234,4.2886255162601435e-17,14040.437806826494
QSO,2.815373,0.000317342,20.323,0.02035318,0.1041797,20.09214,0.02093726,0.07207105,261251.4684381962,2.1118259647877426e-16,6327.186707003783
QSO,2.130177,0.00019057,19.865820000000006,0.01405235,0.06266171,19.80561,0.01829179,0.04334908,244265.09469837658,3.2175857155040616e-16,5125.953357647689
QSO,2.874112,0.00035298800000000004,20.58801,0.02355783,0.08480363,20.11652,0.02211514,0.05866676,262338.86864159774,1.6544518230434836e-16,7148.462612755994
QSO,1.552176,0.00037589,18.96433,0.009081499,0.03924813,18.91601,0.01041725,0.02715168,219992.53124463823,7.381185589783633e-16,3384.3607532505334
QSO,2.361985,0.000852821,21.83302,0.05946657,0.09091561,21.90232,0.09390192,0.062895,251057.3781767314,5.2559366885772574e-17,12682.785578339875
QSO,0.8973367,0.000203,20.25283,0.01810204,0.05232969,19.42764,0.01467813,0.03620144,169444.6963607041,2.252818091906566e-16,6125.995170793263
QSO,2.895375,0.000210958,20.07442,0.01648211,0.04934887,19.88448,0.01963979,0.03413932,262721.4240346877,2.655156505407016e-16,5642.7999017624525
QSO,2.158209,0.0005815369999999999,19.27835,0.01135394,0.2623549000000001,19.00429,0.01143816,0.1814959,245157.0110579025,5.527364758220526e-16,3910.935469186927
QSO,0.1503257,2.3e-05,17.73556,0.006623459,0.06573027,16.62816,0.004559434,0.0454719,41712.13159767438,2.2889385060506913e-15,1921.8639928308844
QSO,2.200444,0.00128179,21.87541,0.05832316,0.08269997,21.84094,0.07881784,0.05721146,246462.08772362216,5.054685337298824e-17,12932.802640072001
QSO,0.9615593,0.00038813,20.958070000000006,0.03710713,0.112157,20.59029,0.0357801,0.07758971,176108.4274980455,1.1766034709295493e-16,8476.657779121753
QSO,1.319057,0.001997841,21.79324,0.06579985,0.13271760000000002,21.31073,0.0646989,0.09181339,205784.53528290987,5.4520788131710337e-17,12452.560204889242
QSO,1.916861,0.001096636,20.80333,0.0268636,0.1486357,20.73909,0.032435900000000004,0.1028255,236731.87834182684,1.3568321487663456e-16,7893.627898201551
QSO,0.7064482,4.15e-05,20.59184,0.02262706,0.17758310000000002,20.36341,0.02433369,0.1228512,146522.9769065096,1.6486259260139186e-16,7161.0820551283405
QSO,1.290674,0.000457856,18.47237,0.0072106190000000014,0.1407981,18.176,0.007276794,0.09740344,203815.67995922815,1.1612082834604655e-15,2698.2653110993083
QSO,2.627415,0.000307031,20.91875,0.03130019,0.08357115,20.79606,0.03359575,0.05781414,257443.32642675602,1.2199952090778834e-16,8324.547775438286
QSO,2.487956,0.001497598,20.67124,0.02440357,0.08168602,20.5141,0.03011191,0.05651001,254251.493657092,1.5323646517010262e-16,7427.7734669735555
QSO,2.131171,0.001219563,21.03883,0.04145468,0.06403229,20.9397,0.05275498,0.04429724,244297.08124713643,1.0922602406738172e-16,8797.851964242824
QSO,2.224174,0.000192566,18.61166,0.007815190999999999,0.1000813,18.49772,0.008266069000000001,0.06923579,247175.58769677655,1.0213959352496594e-15,2877.0184707268268
QSO,0.8724381,0.000196979,19.25345,0.01042572,0.08285047,19.0722,0.01122639,0.05731557,166729.50545596075,5.655592699539899e-16,3866.345408754662
QSO,2.112505,0.000467805,21.52337,0.055122300000000006,0.09320403,21.64804,0.08079742,0.06447812,243691.92895560534,6.990530343938798e-17,10997.263981521426
QSO,1.2992,0.000728563,20.27423,0.02245292,0.2445048,19.93771,0.02252896,0.1691473,204413.14944471762,2.2088494948433496e-16,6186.665711477142
QSO,2.928342,0.000649609,21.06598,0.03765257,0.07095259,20.44317,0.02870448,0.04908468,263303.3131678995,1.0652857685611312e-16,8908.542374528399
QSO,0.5293255,2.23e-05,21.51322,0.06663033,0.2892539,20.39676,0.03387688,0.2001045,120213.45833870511,7.056187705847365e-17,10945.97999562412
QSO,2.670371,0.0007428589999999999,21.51432,0.05683435,0.06594001,21.36575,0.06667244,0.04561699,258360.69153559976,7.049042438072753e-17,10951.526291376053
QSO,1.002312,0.000696552,21.77479,0.05859224,0.2203714,21.4834,0.06468599,0.1524519,180096.9914975317,5.5455180754805143e-17,12347.204753703816
QSO,0.7510256999999999,6.720000000000001e-05,21.7394,0.05834183,0.3201363,21.56463,0.08405645,0.2214688,152332.67028345342,5.729254640765945e-17,12147.604677129659
QSO,0.9342107,0.000238369,21.69215,0.05087364,0.08653034,21.3061,0.05812586,0.05986129,173328.9931821594,5.984090117955334e-17,11886.13476853751
QSO,0.4828281,7.37e-05,21.95509,0.06245504,0.03205977,21.63977,0.07213891,0.0221788,112350.66119031595,4.697016926101731e-17,13416.173009238624
QSO,2.019644,0.0007880469999999999,21.31199,0.03814284,0.06347448,21.19497,0.04932251,0.04391135,240534.68884903297,8.493019577752303e-17,9977.19935826337
QSO,2.1745240000000003,0.000498702,22.0907,0.06841825,0.2085183,22.37972,0.1175886,0.144252,245666.58472110564,4.145511509077537e-17,14280.737954600812
QSO,2.265301,0.0008889989999999998,21.73861,0.06199604,0.2100533,21.68798,0.08163317,0.1453139,248379.74014055714,5.733424860183188e-17,12143.186079775605
QSO,2.56968,0.000298796,21.6304,0.05018751,0.1908225,21.56301,0.07116204,0.13201020000000002,256162.85018471835,6.334292663264564e-17,11552.890315268216
QSO,1.877182,0.000988559,20.43236,0.02239411,0.9562164,20.22261,0.02426261,0.6615061,235169.31449363125,1.9094756529250503e-16,6653.997756603089
QSO,0.5601255999999999,3.04e-05,22.16141,0.08317832,0.3896411,21.27387,0.05238015,0.2695519,125189.56562437802,3.8841332920517004e-17,14753.418098847369
QSO,4.680676,-1.0,21.46917,0.04115526,0.249997,20.69955,0.03469763,0.17294679999999998,281770.71235651453,7.348354936363222e-17,10726.169364220732
QSO,1.580043,0.001111534,21.6994,0.05431227,0.1070302,21.26077,0.05958997,0.07404301,221483.12978028043,5.944264491251863e-17,11925.885904392007
QSO,1.030017,0.0004167280000000001,20.49758,0.02252098,0.07167251,20.20797,0.0239666,0.0495827,182708.18867041075,1.79815086059486e-16,6856.881595010715
QSO,0.7822793,0.000308287,18.68698,0.007662653,0.106175,18.78823,0.009203129,0.07345139999999999,156231.553869327,9.52941246771424e-16,2978.5620381471927
QSO,2.310811,0.001106266,21.14531,0.03243616,0.05060807,21.12773,0.04465447,0.03501043,249666.0987665659,9.902255438647721e-17,9240.014444002714
QSO,2.003877,0.00037868,18.84212,0.008668345,0.06942887,18.78926,0.01037979,0.04803057,239973.20785477437,8.260572081679491e-16,3199.1503431677893
QSO,0.6498709,7.45e-05,19.69879,0.0145134,0.05426596,19.63049,0.01734688,0.03754094,138703.52797125006,3.7526851200675856e-16,4746.447156431537
QSO,2.649006,0.001311825,21.9008,0.06194806,0.14749890000000002,21.81973,0.08754437,0.1020391,257908.09452050822,4.937852640394258e-17,13084.907296443092
QSO,0.150611,2.84e-05,18.46944,0.01124146,0.07565258,17.55134,0.008217707,0.0523361,41785.03416891252,1.1643461867710095e-15,2694.6269568014623
QSO,2.038746,0.000309413,20.13042,0.02185237,0.4065066,20.00714,0.02487499,0.2812194000000001,241204.78468339247,2.521680878123807e-16,5790.214467109057
QSO,2.67538,0.00028550200000000003,20.77254,0.03263208,0.170462,20.72236,0.03768588,0.1179248,258465.76683129877,1.3958608452668775e-16,7782.491412011487
QSO,0.7226973000000001,0.000155841,20.97276,0.03029019,0.03227828,20.7771,0.04170546,0.02232996,148675.42961117323,1.160791248547307e-16,8534.19673256793
QSO,2.265143,0.001287794,21.55138,0.06129686,0.1060048,21.38146,0.06813553,0.07333361,248375.19100739708,6.812493881045676e-17,11140.037431570276
QSO,0.6416696,4.73e-05,16.33301,0.003824859,0.05382632,16.34712,0.004202868,0.037236800000000014,137526.67051926628,8.330175001126494e-15,1007.4248286094612
QSO,2.287127,0.000334715,19.95226,0.01561912,0.1305964,19.98821,0.02010716,0.09034595,249002.57581233274,2.971352149382003e-16,5334.118384413711
QSO,1.848265,0.001463893,19.33451,0.01053695,0.2659023,19.13997,0.01114372,0.1839499,233995.20726318084,5.248728699701404e-16,4013.4018831163025
QSO,0.9118731,0.000122024,20.53045,0.0209489,0.2642602000000001,20.04355,0.019661900000000003,0.182814,170995.12403115534,1.744528726484081e-16,6961.465098142625
QSO,3.129082,0.000162359,18.09962,0.0061839,0.06681481,17.96388,0.006680049,0.04622218,266573.2022589005,1.6368546828458878e-15,2272.6609518997043
QSO,2.380069,0.0006889089999999999,21.1944,0.03536699,0.05688964,21.03383,0.0432094,0.03935599,251535.60802373182,9.46450979887156e-17,9451.280446388992
QSO,2.727048,0.000284785,19.95601,0.01536989,0.09473323,19.91424,0.01799324,0.06553601,259527.23241052395,2.9611071652795496e-16,5343.338039119353
QSO,1.400585,0.000422665,19.50168,0.01259089,0.08804167,19.12461,0.01186283,0.06090682,211133.29664888393,4.499726579610476e-16,4334.576280285849
QSO,0.376253,4.650000000000001e-05,19.06646,0.01027852,0.08358503,18.57217,0.009024652,0.05782374,92615.56340251617,6.718527903194864e-16,3547.3386445322003
QSO,2.795439,0.000285413,20.40077,0.02083591,0.2914143,19.94371,0.01809863,0.2015991,260871.91184777595,1.9658488609384293e-16,6557.897888840256
QSO,0.9191961,0.00024873,21.09637,0.03951584,0.09405247,20.88548,0.03877429,0.06506506,171766.6715129449,1.0358816149924946e-16,9034.094936397169
QSO,1.488574,0.000420255,20.58421,0.02386112,0.1893519,20.35911,0.02675246,0.1309927,216435.74037674716,1.66025243246314e-16,7135.9639949934135
QSO,2.476194,0.00030524400000000003,20.325570000000006,0.01989233,0.1621908,20.17622,0.02397931,0.1122029,253966.38298252432,2.106833062924715e-16,6334.679547422307
QSO,1.719313,0.000189498,18.73693,0.008233479,0.1141292,18.759870000000006,0.009620328,0.07895403,228367.92287706494,9.100937359810894e-16,3047.871480067181
QSO,1.609919,0.000539434,19.34184,0.01132541,0.174511,19.22783,0.01241403,0.1207259,223037.50491111536,5.213412935808222e-16,4026.9723726776997
QSO,1.971184,0.000289866,20.34363,0.0214531,0.09888231,20.37616,0.0250903,0.06840633,238784.22433422602,2.0720781217322516e-16,6387.584378512574
QSO,2.783271,0.000463901,20.98715,0.02892833,0.1955183,20.62919,0.02696663,0.1352586,260637.5271911946,1.1455079964156126e-16,8590.939292244784
QSO,1.38312,0.000139164,21.84225,0.05891866,0.1071365,21.46729,0.06194633,0.07411652,210024.30522250096,5.211444597864239e-17,12736.809407387658
QSO,3.3471370000000005,7.329999999999999e-05,20.35502,0.02173247,0.1243146,19.99015,0.02191714,0.08600025,269658.92867565894,2.0504544459655415e-16,6421.17712839768
QSO,1.551009,0.0003629730000000001,19.41961,0.01095991,0.05644382,19.28103,0.01341136,0.03904758,219929.2302080812,4.853042841761992e-16,4173.80975844583
QSO,1.829831,0.000654908,20.30651,0.02147566,0.05231073,20.11842,0.02425905,0.03618832,233230.6598757777,2.1441448695657882e-16,6279.320497905159
QSO,2.558579,0.0003945930000000001,21.16139,0.03676762,0.1864341,21.12783,0.04801569,0.12897419999999998,255910.1733577986,9.756681437537862e-17,9308.691769040319
QSO,2.268267,0.000747572,20.6995,0.027254200000000003,0.04734726,20.46109,0.03162359,0.03275461,248465.02873153042,1.4929942159061997e-16,7525.071835194266
QSO,2.611373,0.00012603,19.54354,0.01265748,0.06338543,19.42953,0.01347491,0.04384975,257093.1076330508,4.3295436768264873e-16,4418.945548650811
QSO,0.8883738000000001,0.000137005,20.1034,0.01731418,0.7136939999999999,19.74962,0.01695583,0.4937302,168476.04421789086,2.585223679440664e-16,5718.612248215497
QSO,2.069164,0.000246681,20.069370000000006,0.02050922,0.08826926,19.52658,0.01526984,0.06106427,242249.4363484474,2.667534992689886e-16,5629.692192180718
QSO,2.385425,0.000215338,19.57669,0.01292688,0.06016913,19.39112,0.01386427,0.04162472,251675.93545810741,4.1993505052063837e-16,4486.923345410031
QSO,2.292346,0.000241288,19.69106,0.01312362,0.08797444,19.65081,0.01629277,0.06086031,249149.88190236475,3.7794980464871723e-16,4729.580808396311
QSO,1.513684,0.000316314,19.39531,0.01132938,0.09639035,19.10722,0.01132207,0.06668239999999999,217866.36258779638,4.962884009966495e-16,4127.362843373903
QSO,2.733105,0.001122656,21.92679,0.06793354,0.0808056,21.8693,0.08631116,0.05590094,259649.04691949324,4.8210554344232203e-17,13242.459400069254
QSO,2.408794,0.0005812780000000001,21.65704,0.04952025,0.1159232,21.49664,0.05912496,0.08019516,252281.30253315324,6.180763486992604e-17,11695.49614455645
QSO,2.53552,0.000591103,20.13683,0.01906444,0.1105524,20.0218,0.02292853,0.07647964,255378.4370212654,2.506837167970654e-16,5807.331934991574
QSO,0.5389245,7.15e-05,18.53411,0.0075459809999999985,0.1069286,18.55215,0.008839982,0.07397274,121783.68730641721,1.0970189386923826e-15,2776.0843007558774
QSO,1.813989,0.00034980300000000004,21.53163,0.04974527,0.1583519,21.38249,0.1004851,0.1095471,232563.36969840367,6.937549984561816e-17,11039.175813426438
QSO,2.297253,0.00050623,20.91231,0.03431911,0.1021753,20.6996,0.03752979,0.07068442,249287.81593498032,1.2272530644417198e-16,8299.89599102813
QSO,2.199485,0.001071825,20.48815,0.02494021,0.04987214,20.19902,0.02579045,0.03450131,246432.95846635324,1.813836450741497e-16,6827.168946292915
QSO,2.542532,0.0017886470000000004,20.97706,0.03403162,0.03454133,20.6378,0.03315306,0.02389554,255541.12348668306,1.156203088650079e-16,8551.113090314262
QSO,2.084882,0.000323449,20.65526,0.02798347,0.3492038,20.673920000000006,0.03596755,0.2415776,242778.70916072722,1.5550849746468675e-16,7373.312657840765
QSO,2.470013,0.000451511,21.17338,0.0329214,0.09107445,21.20537,0.04681909,0.06300488,253815.51101382016,9.649529212144428e-17,9360.232796191518
QSO,3.391976,0.000455987,21.76717,0.06095954,0.0771495,21.38282,0.0524817,0.05337167,270240.9018025267,5.584574966318572e-17,12303.952620816266
QSO,0.8249805,0.00018611900000000005,21.03581,0.03287137,0.08680565,20.96466,0.03905203,0.06005175,161337.899951099,1.0953026166859913e-16,8785.624755897245
QSO,2.941069,0.000389148,21.53177,0.04288018,0.07090247,21.48574,0.0611806,0.04905,263524.371000531,6.936655481479912e-17,11039.88755833682
QSO,1.6934810000000002,0.0005932509999999999,17.84275,0.005864598,0.1326207,17.66668,0.005843023,0.0917464,227158.10973218174,2.0737582424580637e-15,2019.1131167991698
QSO,0.9069431,0.000131387,20.85225,0.03058373,0.08356145,20.83579,0.03978585,0.05780742,170472.12768392317,1.297054202621756e-16,8073.4777013953535
QSO,1.194474,0.0006634519999999999,20.49892,0.02298982,0.08057205,19.97884,0.02135592,0.05573937,196695.10903917268,1.795932977599547e-16,6861.114233138154
QSO,2.415407,0.001023843,22.08552,0.08181351,0.0899092,21.74191,0.09280503,0.06219877,252450.59614105703,4.1653368186186104e-17,14246.712166176487
QSO,0.8023165,0.000289168,20.80547,0.03092111,0.08140839,20.65205,0.04412563,0.05631794,158658.68731965456,1.354160449022133e-16,7901.410953666383
QSO,1.386696,0.000399229,21.36796,0.04633211,0.3684039,20.95034,0.05437349,0.25486010000000003,210252.9626790178,8.066295450451802e-17,10237.705917794185
QSO,1.333422,0.000684681,22.2259,0.08969919,0.08022481,22.04945,0.1112948,0.05549916,206759.3927882327,3.6601436051498505e-17,15198.147326117161
QSO,2.207423,0.001048505,19.6321,0.01335091,0.3337292,19.38687,0.01410865,0.2308723,246673.3787856463,3.9904155594333164e-16,4602.890570992437
QSO,0.8540409,0.00039888,21.23994,0.03720007,0.1553418,20.96675,0.04855964,0.1074647,164673.74568643136,9.075741659158289e-17,9651.585229301569
QSO,1.513234,0.0007525380000000001,22.85331,0.13939849999999998,0.1158664,22.08408,0.1032701,0.08015583,217841.0321680104,2.053686390958105e-17,20289.560985660635
QSO,3.703272,0.000913047,20.97723,0.0327118,0.05716343,20.06174,0.02211998,0.03954539,273859.7152463341,1.1560220694143113e-16,8551.782565147825
QSO,2.299056,0.000193227,19.2494,0.01091149,0.0466412,19.2624,0.01252755,0.03226617,249338.3604181572,5.676728518496018e-16,3859.1410319277147
QSO,2.5655,0.000340878,20.6213,0.023482,0.1399892,20.45164,0.02600053,0.09684385,256067.95663529777,1.6044941027493282e-16,7258.897268727295
QSO,1.919829,0.000329924,19.2115,0.01029741,0.06856962,19.12726,0.01142074,0.04743614,236846.5629664075,5.878386336962856e-16,3792.3695435774757
QSO,0.4028232,0.00010778,20.38602,0.02298859,0.4459899000000001,19.57187,0.01579192,0.3085338,97770.05031857746,1.9927376451128545e-16,6513.503488949098
QSO,1.106128,0.000392367,19.12897,0.009923964,0.3107796,18.77972,0.009530518,0.2149959,189488.97796421585,6.342640921490762e-16,3650.9396162492776
QSO,3.039195,0.000245352,20.27458,0.01785901,0.09388455,20.12889,0.02178416,0.0649489,265164.58718649583,2.2081375606510103e-16,6187.662964541078
QSO,1.890523,0.000544574,20.45579,0.02181018,0.06331152,20.48471,0.02959543,0.04379861,235700.84719866872,1.868710927567365e-16,6726.182551994461
QSO,3.033076,0.0006262819999999999,21.89361,0.06698208,0.07607806,21.74195,0.09289407,0.05263045,265065.52275903575,4.970660771303235e-17,13041.65328176855
QSO,2.222962,0.00079238,21.52913,0.05842782,0.06546242,21.48747,0.06468455,0.0452866,247139.48275226183,6.95354268895358e-17,11026.47380585929
QSO,1.679246,0.00065508,21.09836,0.03403678,0.17987650000000002,21.02154,0.04041315,0.1244377,226478.86213339277,1.03398473025388e-16,9042.377836548925
QSO,1.197007,0.000473691,20.03858,0.01670327,0.08279038,19.79354,0.01691879,0.057274,196891.92513881164,2.744265495964688e-16,5550.430258803629
QSO,2.1177,0.000568929,20.13785,0.01795512,0.27664690000000003,19.9669,0.01871756,0.191383,243861.30730699815,2.5044832138558696e-16,5810.06043846026
QSO,1.954907,0.000642617,20.51272,0.02308255,0.07748782,20.5421,0.02872197,0.05360571,238179.50696530918,1.7732506397450833e-16,6904.856385775737
QSO,2.24173,0.000290916,20.99198,0.03424043,0.06452838,20.61515,0.03310042,0.04464044,247694.56610352566,1.1404234139658103e-16,8610.069362049639
QSO,2.1356080000000004,0.000639029,21.78258,0.06470409,0.04246125,22.22795,0.1540058,0.0293745,244439.5371521899,5.5058721834008923e-17,12391.57900362389
QSO,3.28154,-1.0,19.7011,0.0138418,0.06591668,19.14345,0.01265535,0.04560085,268776.6399445217,3.744709437383899e-16,4751.499086554181
QSO,0.8048764,0.000192939,19.70477,0.01442171,0.0676298,19.61957,0.01683172,0.04678598,158964.7854070064,3.7320729584924244e-16,4759.53637306887
QSO,2.404694,0.000429196,20.44876,0.02539545,0.05117051,20.47789,0.03525715,0.03539952,252175.89873601857,1.880849843084653e-16,6704.442186095806
QSO,1.291525,0.000290327,18.12341,0.00628833,0.05090098,17.97927,0.006693451,0.03521306,203875.55063244764,1.6013789859932325e-15,2297.696433399929
QSO,1.989952,0.000289254,19.85112,0.01475487,0.2283935,19.47701,0.014416,0.15800160000000002,239470.90886483205,3.261445496326702e-16,5091.3698930953815
QSO,1.567384,0.0004508680000000001,21.27944,0.03547233,0.2767373,20.93526,0.03776937,0.1914456,220810.96190594925,8.751492505398833e-17,9828.758179854753
QSO,2.039101,0.00034384300000000003,20.7544,0.02666005,0.16081410000000002,20.70289,0.03237801,0.1112504,241217.13415475347,1.4193781820831364e-16,7717.7489992874
QSO,3.354454,0.000664328,20.68239,0.02340838,0.08995808,20.26529,0.02457412,0.06223258,269755.0442046824,1.5167085158529347e-16,7466.01142383967
QSO,2.905427,0.000994335,21.72932,0.05434432,0.1083136,21.608320000000006,0.06533854,0.07493083,262900.2827054908,5.782692850119383e-17,12091.346033603768
QSO,0.2152774,4.59e-05,19.63098,0.0241731,0.1368395,18.19502,0.01145081,0.09466491,57721.67613821828,3.9945340288675616e-16,4600.5171085603415
QSO,2.439519,0.000812248,21.17009,0.03454763,0.04881984,21.18951,0.04229459,0.03377334,253060.4767633315,9.678813581060735e-17,9346.061836132885
QSO,1.295512,0.00056967,20.3474,0.02400192,0.02626005,20.07248,0.02781766,0.01816658,204155.35170498048,2.0648957252787544e-16,6398.683810112938
QSO,2.169798,0.000424782,21.09052,0.04130382,0.07454617,21.03575,0.04809069,0.05157069,245519.6869695936,1.0414780594336405e-16,9009.789617035785
QSO,1.836836,0.000435734,21.79721,0.05216578,0.2012573,21.91112,0.09388997,0.1392289,233522.6886449003,5.432179661879593e-17,12475.347454086314
QSO,3.164032,0.0006533999999999999,20.39756,0.02309498,0.1130855,20.15067,0.02368644,0.07823202,267098.2214939819,1.9716695311788227e-16,6548.2107749342595
QSO,1.397417,3.88e-05,24.08084,0.4735073,0.16186140000000002,21.78893,0.1008468,0.111975,210933.57766192345,6.630131241222144e-18,35709.07908158315
QSO,0.5203941,9.03e-05,21.94911,0.08605992,0.100363,20.466,0.03890321,0.06943064,118736.40098712423,4.7229584532044555e-17,13379.277147709865
QSO,2.602166,0.00038976,20.99711,0.04621715,0.1096146,20.94478,0.04712487,0.07583085,256890.19114544682,1.135047731912216e-16,8630.434286373275
QSO,1.914359,0.0007864969999999999,19.19483,0.009861568,0.1099827,19.14588,0.01176754,0.07608555,236634.96604925318,5.969337377242955e-16,3763.3676736284233
QSO,1.647152,0.000372951,19.0143,0.009559381,0.06424007,18.97477,0.01106744,0.04444098,224913.73465284155,7.049172287429085e-16,3463.144796707271
QSO,3.649987,0.000170332,19.29076,0.01039585,0.08813119,18.47156,0.008466508000000001,0.06096875,273288.3969839099,5.46454649126146e-16,3933.3505189309667
QSO,2.734986,0.000367181,20.05673,0.01583399,0.12909160000000006,19.92953,0.01837131,0.08930499,259686.76659767353,2.6987715621549293e-16,5597.017310655692
QSO,2.305507,0.0004938540000000001,21.4553,0.04062543,0.1006403,21.47438,0.06349536,0.06962249,249518.60368723847,7.442830440789949e-17,10657.87568130451
QSO,2.214419,0.000732476,21.384970000000006,0.04565179,0.1163718,21.23088,0.05464964,0.08050546,246883.96727517215,7.940907281511067e-17,10318.216832067072
QSO,1.206636,0.000299216,18.80982,0.008530609,0.06407146,18.58322,0.008572329,0.04432434,197635.33593741935,8.510011073508539e-16,3151.916110930003
QSO,2.299834,0.000818933,20.64399,0.02914291,0.08432325,20.56445,0.03582493,0.05833443,249360.14780241044,1.5713109073717097e-16,7335.144101137614
QSO,2.648551,0.000442984,20.23363,0.01972445,0.2545549,20.0573,0.02192665,0.1760999,257898.3772838724,2.2930109317686637e-16,6072.068330098053
QSO,0.3987207,2.09e-05,20.90009,0.05650466,0.1046346,19.86513,0.03338679,0.07238576,96984.67094303938,1.2411438658820743e-16,8253.31935555792
QSO,0.260187,4.45e-05,20.02191,0.03509132,0.3800393,18.69523,0.01765316,0.2629094,68119.96822006459,2.786725073705154e-16,5507.983747545326
QSO,1.000312,0.000633935,21.00926,0.02935181,0.1234093,20.80006,0.03299465,0.08537401,179905.40094349845,1.1224167140513684e-16,8678.859347648406
QSO,0.6929964,0.000156918,20.14156,0.01990785,0.1372144,19.95847,0.02096292,0.09492431,144710.15306070237,2.495939908561261e-16,5819.995516822136
QSO,2.473166,0.0005793840000000001,21.15053,0.04467601,0.131801,21.08769,0.05661092,0.09117932,253892.56293222043,9.85476165970523e-17,9262.253223157664
QSO,2.421339,0.000870502,21.67148,0.06525726,0.0770856,21.58197,0.08691848,0.05332746,252601.7092327482,6.099105212390533e-17,11773.52878953246
QSO,0.5471957,6.15e-05,19.19048,0.01014565,0.119565,19.3152,0.01248865,0.08271451,123122.54572995026,5.993301489904616e-16,3755.8362571532944
QSO,1.661574,0.000802778,21.913220000000006,0.06012322,0.09914453,21.90109,0.08290705,0.06858773,225622.90278112315,4.881689191522604e-17,13159.9624507726
QSO,2.791595,0.001308257,21.98155,0.08281157,0.1341545,22.0746,0.1072134,0.09280746,260798.08989594327,4.5839315641416395e-17,13580.652919805967
QSO,0.2433152,3.3600000000000004e-05,18.62073,0.008223847,0.04627043,18.39134,0.008494114,0.03200967,64276.22821496804,1.0128989599632479e-15,2889.0605903549786
QSO,0.9412934,0.000478139,19.65604,0.01290354,0.1122583,19.48005,0.01396132,0.07765976,174056.9395812893,3.903391618031118e-16,4653.917176698031
QSO,3.089486,0.00036633,20.62977,0.02346197,0.08504156,20.39341,0.02402107,0.05883136,265963.2748083563,1.5920258867661311e-16,7287.2664642253185
QSO,1.288139,0.000359889,19.38023,0.01233568,0.07966628,19.17562,0.01209983,0.05511276,203637.02290202468,5.032295383361984e-16,4098.79926928369
QSO,2.917363,0.00027037,19.0335,0.00967063,0.1010938,18.95244,0.010951,0.06993622,263111.02434203343,6.925611492762183e-16,3493.9014429773615
QSO,2.375612,0.00048831,21.57276,0.0592049,0.1186475,21.53432,0.08205217,0.08207981,251418.37964930237,6.679656433255795e-17,11250.262350873772
QSO,2.1981040000000003,0.000490861,20.36958,0.0237416,0.1151163,20.06539,0.020189500000000003,0.07963689,246390.97054084495,2.0231408780764647e-16,6464.376608779783
QSO,0.9792785,0.000156588,20.28595,0.01935852,0.04197651,20.05129,0.01938013,0.02903915,177864.72506529914,2.1851342547703094e-16,6220.147023889825
QSO,1.109918,0.000283801,20.80822,0.02903323,0.09172062,20.44691,0.02733543,0.0634519,189812.27186913262,1.3507349123979372e-16,7911.423811670497
QSO,1.255851,0.0004144380000000001,20.3201,0.02348215,0.3094783,20.00668,0.02836245,0.2140956,201320.07593105236,2.1174741890528149e-16,6318.742393187254
QSO,0.4348707000000001,6.03e-05,21.12815,0.08196389999999999,0.1738438,19.79062,0.04041849,0.1202643,103776.26024738445,1.0060003346815487e-16,9167.28324485064
QSO,2.615864,0.0005603769999999999,21.20839,0.04921401,0.09773742,21.1368,0.0564544,0.06761429,257191.57775903182,9.34333940373309e-17,9512.36815006838
QSO,2.026301,0.00028188,22.06428,0.08256657,0.1228112,22.03945,0.1384878,0.08496024,240769.46747596198,4.2476245790956964e-17,14108.038953145699
QSO,1.343411,0.001074706,21.72941,0.0568451,0.1256016,21.29188,0.05435478,0.08689059,207428.90903299447,5.782213524861308e-17,12091.847188345593
QSO,2.17735,0.001079429,21.36492,0.0542235,0.1166129,20.99584,0.05675869,0.08067226,245754.14960886905,8.088912269882475e-17,10223.383446728854
QSO,1.911554,0.0012404000000000002,22.11482,0.06962202,0.1004002,22.13418,0.1025378,0.06945641,236526.06197368898,4.054432973476696e-17,14440.247938274048
QSO,1.885577,0.000935446,21.28107,0.04587481,0.0878213,21.33504,0.07746617,0.06075437,235504.5252916082,8.738363874144152e-17,9836.138835600073
QSO,2.477354,0.000105941,19.81151,0.01427627,0.03455329,19.43846,0.01411132,0.0239038,253994.6169178159,3.3826271100950027e-16,4999.339728674344
QSO,2.022807,0.000202353,19.01317,0.009334064,0.15523879999999998,18.90218,0.01043607,0.1073935,240646.4092961014,7.05651266278226e-16,3461.343099593382
QSO,3.393542,0.000435946,21.4787,0.04728719,0.1142733,20.67496,0.03397989,0.07905374,270260.9269052229,7.284137332024094e-17,10773.347044584927
QSO,1.445342,0.000306981,18.49766,0.007152266,0.06453089,18.40541,0.007992229,0.04464217,213888.3172745882,1.1344728978437765e-15,2729.874301043411
QSO,2.34423,0.000389337,20.24505,0.01695473,0.1073371,20.21653,0.02119526,0.07425529,250581.1068660343,2.2690189616912105e-16,6104.086089654177
QSO,1.913315,0.0006191969999999999,18.71817,0.008054049,0.07658409,18.62613,0.008907558000000001,0.05298052,236594.4643526798,9.259555203530503e-16,3021.6534221127995
QSO,0.6864507,0.000129464,18.52654,0.007234536999999998,0.04210702,18.57323,0.008556125,0.02912944,143817.73671471057,1.1046943306792193e-15,2766.423404156253
QSO,3.379353,0.000578113,21.25122,0.03903446,0.07262059,20.71478,0.0320859,0.05023859,270078.75273637206,8.981939495058248e-17,9701.852108427292
QSO,1.123371,0.000514747,18.83452,0.00880237,0.07444662,18.6704,0.009067186,0.05150182,190949.27599813,8.318597767762309e-16,3187.973114179819
QSO,3.250997,0.00106952,21.308020000000006,0.04155473,0.1083174,20.85271,0.04422109,0.07493347,268352.80163903645,8.524131192613801e-17,9958.97518223121
QSO,1.251659,0.000225929,18.22036,0.006690761999999999,0.0778884,17.87259,0.006671053000000001,0.05388283,201013.5367470453,1.4645834599949193e-15,2402.606513458401
QSO,1.218649,0.000258575,20.75079,0.02829244,0.06479698,20.09096,0.0223846,0.04482625,198552.32337859733,1.4241053737042117e-16,7704.929159834802
QSO,2.323712,0.000453149,19.03995,0.01006067,0.21092020000000006,18.90148,0.0107041,0.1459136,250022.23660257738,6.884590689680081e-16,3504.294928340016
QSO,0.6518633,0.000157235,20.58493,0.03100853,0.1879961,20.5282,0.04001012,0.1300548,138987.733448908,1.6591518101588272e-16,7138.330474963229
QSO,1.475929,0.000355761,19.66407,0.01769627,0.2059015,19.52415,0.01924716,0.1424417,215701.8486072052,3.874629004870189e-16,4671.158997505745
QSO,1.688263,0.000475317,20.89743,0.03430692,0.1306476,21.10402,0.05996152,0.09038142,226910.17325045212,1.2441883348415666e-16,8243.21543324728
QSO,0.7765873999999999,0.000352589,20.65253,0.02538855,0.3244286,20.34228,0.0346576,0.2244382,155531.8695054836,1.5590000359493258e-16,7364.048669279955
QSO,1.272994,0.000307068,21.74841,0.07432631,0.15587939999999995,21.36782,0.08523646,0.1078366,202559.87089750756,5.681907054676861e-17,12198.112940570443
QSO,2.424011,0.000430973,20.56295,0.02374207,0.1417783,20.40134,0.03091353,0.09808158,252669.54682020203,1.693082517198875e-16,7066.439582240528
QSO,1.972114,0.001018102,21.57994,0.04272244,0.4424812,21.07612,0.04652481,0.3061064000000001,238818.51630768692,6.635629438609274e-17,11287.523048044555
QSO,2.670083,0.000319077,21.70474,0.05016537,0.1071418,21.5651,0.05975057,0.0741202,258354.63819573334,5.915100463690642e-17,11955.249666769107
QSO,1.847098,0.0005754719999999999,20.53986,0.02495906,0.1461863,20.48952,0.04936982,0.101131,233947.18153705227,1.7294743494755978e-16,6991.697823422806
QSO,2.503662,0.000261414,21.47779,0.04391629,0.12061860000000002,21.47209,0.0675467,0.08344341,254628.1886072066,7.290245025177571e-17,10768.833198669035
QSO,2.619158,0.000242818,21.67135,0.05662586,0.08556733,21.57241,0.06907379,0.05919509,257263.59146038827,6.099835528966298e-17,11772.82396228174
QSO,2.3859470000000003,0.000903448,22.11338,0.07994731,0.2182699,21.80223,0.08959229,0.1509981,251689.58008833378,4.059813890922748e-17,14430.675141601743
QSO,0.8160096,0.000263968,21.58625,0.07261260000000001,0.07458849,21.26558,0.06872876,0.05159998,160285.6779272519,6.597176832817641e-17,11320.370739037242
QSO,2.773612,0.000420986,21.0888,0.04999796,0.08477811,20.68666,0.04410165,0.0586491,260449.99658644127,1.0431292541777416e-16,9002.655884986532
QSO,0.8170298,0.000285282,20.92146,0.03773706,0.1816536,20.62446,0.0407117,0.1256671,160405.88250069701,1.2169538954440246e-16,8334.943305856446
QSO,0.9691721,0.000169743,21.72249,0.06384413,0.1813681,21.42219,0.07838695,0.1254696,176867.2178226212,5.819184476945998e-17,12053.374493067457
QSO,2.01773,0.0006869160000000001,22.19669,0.07424843,0.6194212,22.03846,0.1038841,0.4285127,240466.9362157228,3.759950480554666e-17,14995.075270134152
QSO,1.689127,0.000621272,21.19975,0.04005493,0.2687751,20.95919,0.05627766,0.1859374,226951.31031874195,9.417987836399628e-17,9474.59489916221
QSO,1.176502,0.000349186,20.65293,0.02280153,0.1814707,20.25007,0.02301826,0.1255406,195283.46468466902,1.5584257848979294e-16,7365.405302121827
QSO,1.475609,0.000927649,21.702820000000006,0.04995155,0.15110910000000002,21.5979,0.06343642,0.1045366,215683.15767698694,5.925569894968902e-17,11944.683594487746
QSO,3.257403,0.00024655900000000004,19.642670000000006,0.01382288,0.0669945,19.32386,0.01353017,0.04634648,268442.4000429312,3.951756034974461e-16,4625.350519204858
QSO,0.6795498000000001,0.00017105099999999995,20.76848,0.02823136,0.2561127,20.68238,0.03567845,0.17717760000000002,142869.51504876217,1.4010902961925927e-16,7767.954089302123
QSO,0.6578138000000001,0.000104356,19.98205,0.0166651,0.11689289999999998,19.92292,0.0199869,0.08086598,139832.61951426664,2.890933656245638e-16,5407.80035687477
QSO,2.300012,0.000281768,20.10168,0.01750783,0.1982178,20.02059,0.02194842,0.1371262,249365.1306536238,2.589322381005359e-16,5714.0843902736215
QSO,1.418182,0.000420251,20.85622,0.02843513,0.09720481,20.59318,0.02923191,0.06724584,212231.1884244948,1.2923201775469872e-16,8088.25155875815
QSO,1.980938,0.0005806709999999999,21.64367,0.04788259,0.06978814,21.78269,0.06756926,0.04827911,239142.50452791227,6.257345355163925e-17,11623.706892644728
QSO,0.6625937,5.21e-05,21.47089,0.03995076,0.30062,21.23794,0.04630655,0.20796750000000006,140507.06431122083,7.336723046067634e-17,10734.668813620641
QSO,2.7992060000000003,0.00019778,19.30125,0.01191772,0.09412768,19.13415,0.01234903,0.06511709,260944.05655555404,5.412004203018825e-16,3952.3978111620277
QSO,1.976166,0.000735972,20.41593,0.02295713,0.2589196,20.39658,0.02770042,0.17911939999999998,238967.6018410631,1.938590701061073e-16,6603.841636477346
QSO,1.266092,0.00064848,21.50051,0.04123281,0.1012461,21.11597,0.04658855,0.07004158,202063.36044306878,7.139275233357398e-17,10882.098436826533
QSO,1.6908450000000002,0.000381534,19.596770000000006,0.01487142,0.1148913,19.30452,0.01487573,0.07948126,227033.00967859535,4.1223999596612167e-16,4528.607172940569
QSO,0.7087581000000001,4.14e-05,18.47212,0.007118662,0.1012364,18.46351,0.008419596,0.07003487,146831.43480137212,1.1614756923342129e-15,2697.9546797069074
QSO,2.76631,0.000619711,20.28681,0.01960774,0.20958360000000004,20.09982,0.02663968,0.14498889999999998,260307.35281595532,2.1834041186708367e-16,6222.610967637371
QSO,2.354276,0.0006672560000000001,21.04318,0.0311625,0.16245510000000002,20.81929,0.03488522,0.1123857,250851.4148892562,1.087892856935923e-16,8815.493917377205
QSO,1.329947,0.000179155,18.86727,0.008995997,0.200472,18.490170000000006,0.009146788,0.1386856,206524.87708177968,8.071423319232219e-16,3236.4183143725677
QSO,1.84158,0.001091361,20.62288,0.02655401,0.1776295,20.54899,0.03631756,0.1228833,233719.41428180053,1.6021608868322444e-16,7264.180886970135
QSO,1.900987,0.000546962,20.50935,0.02025159,0.1143517,20.31042,0.02318597,0.07910799,236113.35953042534,1.7787631559662821e-16,6894.148757671372
QSO,1.50286,0.001493201,21.12454,0.04364799,0.0842306,20.80631,0.04394483,0.05827034,217253.9834231938,1.0093507851907389e-16,9152.055605363266
QSO,1.184572,0.000605947,21.86225,0.09328332,0.1325802,21.21582,0.08227716,0.09171835,195920.65275479294,5.116325014115795e-17,12854.6616538147
QSO,2.278714,0.000379998,21.37923,0.05932499,0.2166699,21.17269,0.07345367,0.14989129999999998,248763.8046548832,7.982999925229139e-17,10290.978008082444
QSO,1.860407,0.001061319,20.75556,0.02923221,0.1337556,20.71222,0.03956188,0.09253152,234491.91299779477,1.4178625289726874e-16,7721.872920209009
QSO,2.774736,0.000439254,19.73468,0.01914026,0.1810653,19.5766,0.02148362,0.1252601,260471.88674327167,3.6306645537401424e-16,4825.548113104929
QSO,1.383409,0.000963374,22.3723,0.08476241,0.2253262,22.06698,0.09544085,0.1558796,210042.81513651976,3.19843938922159e-17,16258.132181041154
QSO,2.122939,0.000306445,19.43233,0.01415475,0.1734099,19.31861,0.01655484,0.1199642,244031.37105486935,4.796518514753707e-16,4198.330752199949
QSO,2.522023,0.000270393,20.50568,0.02167697,0.1192344,20.48043,0.02918407,0.08248582,255062.82355537664,1.7847858954259042e-16,6882.506815159111
QSO,1.696678,0.000619234,19.53667,0.01166358,0.162527,19.52173,0.0140624,0.1124355,227309.4212328021,4.3570257357722037e-16,4404.987193226426
QSO,2.459025,0.000952309,20.78047,0.0277609,0.06866651,20.65711,0.03771509,0.04750318,253545.51080850497,1.3857028979081132e-16,7810.9642504031235
QSO,2.13452,0.000392358,20.1558,0.0196794,0.2093281,20.06984,0.0223625,0.1448122,244404.65451678706,2.4634180836561396e-16,5858.2870805319535
QSO,0.549307,0.00017490099999999998,20.75884,0.02637451,0.2858626,20.69839,0.03114573,0.1977584,123462.21800818428,1.413585641596369e-16,7733.545590525802
QSO,1.399772,0.000530406,19.3847,0.01129519,0.2006774,18.77936,0.009385998,0.1388277,211082.10356207428,5.011619901733882e-16,4107.245383193056
QSO,2.391365,0.00031388900000000003,20.384870000000006,0.03658725,0.1997266,20.07389,0.03059049,0.13816989999999998,251830.86975414614,1.9948494493935968e-16,6510.054886121924
QSO,3.3230089999999994,0.000459989,21.13194,0.05895302,0.2402917,20.54367,0.04191872,0.1662327,269338.7538652814,1.0024947921897921e-16,9183.297420937626
QSO,3.158531,0.001079372,21.19335,0.04009289,0.1665884,20.97946,0.04871328,0.1152451,267016.3983847323,9.473667218616571e-17,9446.71145186259
QSO,2.190391,0.000493304,21.65835,0.06174181,0.2172303,21.82594,0.12092830000000003,0.1502789,246155.58052770325,6.173310555533968e-17,11702.553900504721
QSO,2.948344,0.000155611,21.22865,0.04184043,0.1484694,20.8706,0.0466067,0.1027104,263649.8500229228,9.170607902660544e-17,9601.53457427758
QSO,0.5259385999999999,0.000124521,21.78987,0.06178892,0.2165973,21.46758,0.08524116,0.149841,119655.16865374801,5.469027727342073e-17,12433.249537704984
QSO,2.527847,0.000472468,19.94971,0.01610483,0.2103292,19.87852,0.022105,0.1455047,255199.41209538054,2.9783389779201135e-16,5327.858107559425
QSO,1.515707,0.000465954,19.10616,0.009767596,0.08246844,19.06274,0.01088456,0.05705129,217980.09958383514,6.477301686483819e-16,3612.789434046435
QSO,1.981889,0.000238439,19.48083,0.01263323,0.10855639999999997,19.31765,0.01330258,0.07509878,239177.27366640457,4.586972381317046e-16,4293.155806514155
QSO,0.2411916,4.08e-05,19.06053,0.011343700000000002,0.07206592,18.57269,0.01040438,0.04985487,63787.1200936639,6.755323092225002e-16,3537.6645536548317
QSO,0.8952709999999999,0.0007646189999999999,21.132720000000006,0.04091805,0.07889616,20.96021,0.04600178,0.05458,169222.31318032352,1.001774852001565e-16,9186.596683959575
QSO,1.35806,0.000423611,21.70078,0.05088163,0.34577290000000005,21.06355,0.03844279,0.23920410000000006,208398.5454622204,5.936713970233187e-17,11933.467374520842
QSO,2.309687,0.001922692,21.96976,0.0788784,0.30863440000000003,21.9129,0.1181185,0.2135118,249634.8948676761,4.633979681348928e-17,13507.116636977817
QSO,0.520688,5.65e-05,20.83803,0.03169225,0.1154786,20.46394,0.0310168,0.07988755,118785.25339247673,1.3141535882078333e-16,8020.780845181311
QSO,1.384052,0.000584532,21.57901,0.04971484,0.1438155,21.35322,0.06183596,0.0994909,210083.97876471805,6.64131569930923e-17,11282.689853391605
QSO,1.473672,0.000738048,20.72838,0.02495797,0.09654443,20.5114,0.03117004,0.06678899,215569.8932540238,1.453804889639209e-16,7625.821758489615
QSO,1.256259,0.00108174,22.45681,0.1205409,0.08471645,21.34037,0.06941239,0.05860645,201349.83961906098,2.9589261445063486e-17,16903.344787198956
QSO,3.118294,0.000603835,21.36642,0.045547,0.1565054,20.76214,0.03752573,0.10826969999999997,266408.63935425295,8.077744740627989e-17,10230.447949538073
QSO,1.6722580000000002,0.000330153,19.10673,0.01241015,0.1963775,18.89955,0.01269611,0.1358531,226142.0889511751,6.473902064210939e-16,3613.7378966050114
QSO,2.358957,0.00156414,21.68956,0.09079131,0.1999179,21.58121,0.1044478,0.1383023,250976.62908058745,5.998382074014409e-17,11871.966162515444
QSO,1.389558,0.00037335,19.52952,0.015587299999999997,0.1116674,19.31229,0.01780711,0.07725102,210435.37324005304,4.385813148329502e-16,4390.506759427781
QSO,2.51704,0.002385925,22.19359,0.07641802,0.37464,21.84271,0.1025686,0.2591743,254945.47340862342,3.770701252432087e-17,14973.683532412255
QSO,2.192047,0.000847652,21.47758,0.04294354,0.1887225,21.48643,0.059495800000000015,0.1305574,246206.2460801917,7.291655219950735e-17,10767.791810524142
QSO,0.7683232,0.000107929,19.95022,0.01521079,0.4616127,19.64993,0.01552464,0.3193415,154507.81560602615,2.976940299142456e-16,5329.109574874698
QSO,2.410892,0.0007815639999999999,21.60199,0.08500998,0.1022432,21.61573,0.1306713,0.07073139,252335.10698975582,6.50222697115804e-17,11402.724988437612
QSO,1.667723,0.00079914,20.90199,0.036029000000000005,0.2299358,20.91206,0.0440286,0.1590685,225922.3485188522,1.238973807282282e-16,8260.544024469871
QSO,2.982753,0.000579302,20.6161,0.02255247,0.18222220000000006,20.34623,0.02401038,0.1260605,264234.7847900837,1.6121970613532118e-16,7241.535267528212
QSO,1.316902,0.000854232,22.1917,0.08360153,0.1067823,21.53436,0.0627583,0.07387153,205637.05095147635,3.777270833319808e-17,14960.656450247207
QSO,1.681582,0.000571146,21.14037,0.03713455,0.3141222,20.91554,0.04829561,0.2173083,226590.9499894379,9.947412443519598e-17,9219.017727857134
QSO,0.9262275,9.56e-05,20.50307,0.02229285,0.1901249,20.24843,0.02869805,0.13152750000000002,172501.57455733803,1.78908150119663e-16,6874.239359621521
QSO,2.291197,0.000531714,21.19432,0.03783635,0.2601388,21.07377,0.05464463,0.1799628,249117.50478703005,9.465207195417916e-17,9450.932254763498
QSO,1.794097,0.000343918,21.05504,0.03298176,0.2801705,20.35303,0.02381494,0.1938207,231711.793678081,1.0760739679474357e-16,8863.773506263135
QSO,1.63829,0.000704578,20.12696,0.0175298,0.15832870000000002,20.01854,0.01897868,0.109531,224473.15230007507,2.529729732829894e-16,5780.995750190115
QSO,2.010399,0.000889823,21.22298,0.03670058,0.08187515,20.94913,0.03814596,0.05664084,240206.39205878973,9.2186244974319e-17,9576.496408143928
QSO,1.446059,0.0007746469999999999,21.21743,0.03602949,0.1148488,21.02224,0.05361112,0.07945188,213931.4604148784,9.265868345173729e-17,9552.051385955378
QSO,0.14851170000000002,3.09e-05,16.55828,0.003920774,0.1043446,16.44376,0.004144847,0.07218508,41248.06012808078,6.7693368433697916e-15,1117.5491951395122
QSO,1.588813,0.00075451,21.33087,0.06690702,0.2503361,21.25796,0.07214164,0.1731814,221944.0297451965,8.346610074559503e-17,10064.324940297647
QSO,2.24716,0.000316722,20.86531,0.03988598,0.161815,20.79971,0.05303831,0.1119428,247853.57896962785,1.2815457809673446e-16,8122.180752120971
QSO,0.7535543,0.000112375,20.6112,0.04209761,0.1792785,20.15199,0.03618678,0.1240241,152653.3467916097,1.6194894575152342e-16,7225.212924276276
QSO,1.904702,0.000613646,21.36279,0.06035605,0.08290405,21.28014,0.08117282,0.05735264,236258.89271097537,8.104796694146744e-17,10213.360233825337
QSO,1.849552,0.000398973,20.84754,0.04805474,0.3035197,20.3666,0.03663807,0.2099735,234048.11296691437,1.3026931371594332e-16,8055.985022392967
QSO,1.691483,0.000772872,21.99305,0.07593282,0.1102743,22.219620000000006,0.1421235,0.07628723,227063.31633323475,4.5356352846977624e-17,13652.766105640394
QSO,1.923363,0.000754606,22.06238,0.07006636,0.2501079,22.06811,0.1139431,0.1730234,236982.72635617462,4.2550642797514605e-17,14095.700067216272
QSO,2.878566,0.000391464,21.87487,0.06238367,0.1050594,22.111320000000006,0.1082728,0.07267964,262419.48114289885,5.057199952690694e-17,12929.586921044276
QSO,1.747804,0.000237268,19.12675,0.01047155,0.1965787,19.09287,0.01210394,0.1359922,229669.06785202347,6.355622958872104e-16,3647.2089935548524
QSO,1.666732,0.000785998,21.28834,0.03985007,0.174701,21.12372,0.06299122,0.1208574,225874.20548602092,8.68004796812167e-17,9869.125009800615
QSO,1.7550990000000002,0.000993667,20.71695,0.02840749,0.1037555,20.59207,0.03128327,0.07177757,229996.75397616488,1.469190546455986e-16,7585.787105708859
QSO,1.122244,0.000386332,20.46774,0.02536907,0.07568163,20.20574,0.02935696,0.0523562,190854.65366028936,1.8482560020418152e-16,6763.299972560533
QSO,4.0031919999999985,0.0021646770000000003,22.34089,0.12564180000000005,0.1188557,20.76426,0.04275741,0.08222385,276759.7857528805,3.2923206441389984e-17,16024.653593654937
QSO,1.194886,0.000844186,21.92465,0.06801439999999999,0.1352082,21.53926,0.0834862,0.09353639,196727.15753793035,4.8305671673794474e-17,13229.415299894501
QSO,1.393649,0.000237063,19.21149,0.01053816,0.08502515,18.78535,0.009808841,0.05882001,210695.20442007371,5.878440479151199e-16,3792.35207911053
QSO,0.7145001,5.85e-05,20.10636,0.01641724,0.1494858,19.92771,0.01871822,0.1034136,147594.64005768934,2.5781852842029163e-16,5726.412777635612
QSO,1.285567,0.000402879,21.24136,0.03827292,0.07204863,20.86444,0.03886737,0.04984291,203455.2804991559,9.06387954277944e-17,9657.898794746132
QSO,1.511016,0.000932471,21.76647,0.05340964,0.126166,21.30551,0.05338605,0.08728103,217716.01861276315,5.588176635773906e-17,12299.986934339257
QSO,2.855236,0.0006265369999999999,21.8094,0.07333848,0.07104506,21.41295,0.07704701,0.04914865,261994.38769634705,5.3715314791859044e-17,12545.577282986185
QSO,3.222167,0.000444172,20.70303,0.02635923,0.1212989,20.37762,0.03020326,0.08391401,267944.86381281243,1.488148000633868e-16,7537.314729147198
QSO,1.450448,0.000349387,20.09331,0.01603103,0.1138883,20.02622,0.02460167,0.07878742,214194.88641398365,2.6093607485705493e-16,5692.101688844513
QSO,1.52704,0.001079379,21.82045,0.05688863,0.10359000000000003,21.60218,0.06297503,0.07166306,218613.13167249697,5.3171403647128954e-17,12609.58083563782
QSO,1.487775,0.000658207,21.53392,0.05517104,0.2291895,21.13102,0.06560110000000001,0.15855229999999998,216389.63747573912,6.92293294682876e-17,11050.823692063446
QSO,0.8466764000000001,0.000110303,20.40391,0.02184402,0.06212743,20.3266,0.02556331,0.04297946,163838.74845025377,1.9601717470765076e-16,6567.38762242919
QSO,2.175632,0.000815709,21.50683,0.05194315,0.1212785,21.54546,0.07296469,0.08389989,245700.94111183038,7.097838692164521e-17,10913.816566188307
QSO,1.630155,0.000636811,21.89272,0.05919383,0.2433993,21.71021,0.07465118,0.16838250000000002,224065.44692893274,4.974736993260258e-17,13036.309123096882
QSO,2.390467,0.000193601,20.08776,0.01950132,0.06906254,20.21639,0.02675706,0.04777714,251807.49368960306,2.6227332687272504e-16,5677.5719959220605
QSO,1.156281,0.00036020199999999995,21.21356,0.04886819,0.3043388,20.80579,0.05377437,0.2105402,193662.7388737196,9.298954553516245e-17,9535.04287253728
QSO,2.29651,0.000244143,19.86055,0.01573468,0.1370426,19.6804,0.01766996,0.09480541,249266.96558732688,3.2332413562455705e-16,5113.528138528587
QSO,1.634385,0.00092303,21.90521,0.1400148,0.2456292,21.75677,0.1425608,0.1699251,224277.83590325355,4.917836944535363e-17,13111.508176109055
QSO,1.39773,0.000899396,21.5556,0.0431343,0.07279179,21.23454,0.04583046,0.05035702,210953.3382856053,6.786066718887586e-17,11161.70782787889
QSO,1.231751,1.592124,23.42229,0.4375023,0.2140411,21.81163,0.1684901,0.1480727,199539.36718626847,1.2160239404988723e-17,26367.48150838943
QSO,2.528486,0.00071206,21.37152,0.04658354,0.08091363,21.51626,0.07001546,0.05597567,255214.36129313274,8.039890339435702e-17,10254.503794183278
QSO,1.988776,0.000553686,20.32667,0.02038063,0.1320014,20.13931,0.02671716,0.09131794,239428.2098651482,2.104699632378585e-16,6337.88931084938
QSO,0.5127308,0.00012618,21.22278,0.04319944,0.0973376,20.51059,0.03111031,0.0673377,117456.60556253153,9.220322787232962e-17,9575.6144208467
QSO,2.336709,0.000342258,20.67391,0.02614302,0.1677118,20.79671,0.03894614,0.1160223,250377.3145777483,1.5286009501672527e-16,7436.91212914749
QSO,2.854169,0.000797027,21.25562,0.04542254,0.06296054,20.90555,0.04653406,0.04355581,261974.77672488123,8.945613394660866e-17,9721.530658004205
QSO,2.792398,0.000407757,21.47995,0.04209305,0.2298757,21.29586,0.04981273,0.1590269,260813.5280215557,7.275755984623261e-17,10779.55046697873
QSO,0.5887008,0.000137325,21.07128,0.03693126,0.0892872,20.45888,0.03465213,0.06176847,129647.74151832494,1.0600982686052183e-16,8930.312368655144
QSO,2.30766,0.00046462,20.53266,0.02871316,0.08950729,20.27565,0.03289211,0.06192073,249578.55090313844,1.7409813755565884e-16,6968.553684374975
QSO,0.5084797999999999,9.11e-05,21.05478,0.05413933,0.309315,20.39423,0.04719872,0.21398270000000005,116741.67300738744,1.0763316849990825e-16,8862.712270974915
QSO,1.343077,0.001176507,20.45722,0.02364164,0.238301,20.12213,0.02840109,0.16485550000000002,207406.63241623028,1.8662513083698638e-16,6730.613466595714
QSO,2.115326,0.000127695,20.02681,0.01858745,0.08519568,20.23742,0.02862548,0.05893797,243783.9971871232,2.7741767343888376e-16,5520.426730512852
QSO,1.276841,0.000673613,21.87203,0.07383007,0.1199795,21.51277,0.07990614,0.08300129,202835.0781325589,5.07044557200621e-17,12912.687777090228
QSO,2.551779,0.000597781,20.74093,0.03012473,0.09879842,20.57153,0.03575517,0.0683483,255754.33739505228,1.4370971403873022e-16,7670.022714707744
QSO,1.887159,0.00060623,21.63027,0.103625,0.2307672,21.55738,0.1173586,0.1596437,235567.41380802207,6.335051141560418e-17,11552.198696632518
QSO,2.252648,0.000346159,21.42734,0.03999626,0.2661115,21.44838,0.055374,0.1840947,248013.57499052247,7.636988299067752e-17,10521.523998674656
QSO,2.098224,0.000438677,20.54671,0.02275725,0.1465619,20.57239,0.03120792,0.1013908,243222.46355220122,1.7185973001745478e-16,7013.78824916793
QSO,1.725512,3.1e-05,22.24452,0.1041559,0.1183009,21.38948,0.07309172,0.08184,228653.94988239266,3.597908589374141e-17,15329.029150974777
QSO,2.148375,0.000804618,22.00511,0.08079595,0.187373,22.01299,0.1242858,0.1296238,244846.49506075468,4.4855337134988153e-17,13728.802269939591
QSO,2.714184,0.000643887,21.56914,0.0399647,0.30072459999999995,21.34133,0.04915338,0.2080399,259266.7182918032,6.701964532962916e-17,11231.52298220829
QSO,2.713325,0.000151393,20.29394,0.01882649,0.2079679,20.16455,0.02284442,0.14387120000000006,259249.2345301313,2.1691127403679603e-16,6243.076406372306
QSO,1.176714,0.000481306,20.34071,0.02360233,0.14373339999999998,20.15189,0.02610433,0.09943412,195300.2733353889,2.077658309176255e-16,6379.000704443917
QSO,0.8026344,0.000108659,19.97857,0.01625895,0.1890185,19.92986,0.02024831,0.13076210000000002,158696.74864748787,2.9002145379064055e-16,5399.140760999591
QSO,1.478869,0.000277115,20.26556,0.02313971,0.06691935,19.70787,0.01715892,0.0462945,215873.29613334162,2.2265585771570017e-16,6162.013566085261
QSO,1.596978,0.000456378,21.18721,0.04411216,0.09806661,20.87951,0.05505652,0.06784203,222369.6665500571,9.527393991471985e-17,9420.037900006339
QSO,0.5664182,0.000119704,21.25086,0.0752447,0.09805059,20.26054,0.05074641,0.06783094,126184.20522094489,8.984918150768927e-17,9700.243809265005
QSO,0.5221899,0.00018361,21.38634,0.05251355,0.14947729999999998,20.71704,0.05270829,0.1034077,119034.6369428793,7.930893631661955e-17,10324.728734858141
QSO,2.490864,0.000289049,21.07987,0.02949239,0.1941944,20.89957,0.03512201,0.13434279999999998,254321.58448994465,1.0517441987631834e-16,8965.709232186406
QSO,0.7088724000000001,0.000208478,20.67867,0.02611979,0.1334856,20.41266,0.02793849,0.0923447,146846.6766948121,1.5219140458989087e-16,7453.232174982758
QSO,1.119048,0.000435118,19.95571,0.02021833,0.12878130000000002,19.55309,0.01682518,0.08909031,190585.69694650322,2.9619254624723753e-16,5342.59988067977
QSO,1.287564,0.000535885,20.18841,0.02497477,0.1108538,19.53925,0.02093846,0.07668813,203596.43412812488,2.3905295979079766e-16,5946.927584026895
QSO,2.742839,0.000382104,19.647,0.01525614,0.1322917,19.39149,0.01645954,0.09151883,259843.68347799906,3.9360275102492943e-16,4634.582848849545
QSO,0.4878463,8.13e-05,22.28925,0.121506,0.195031,20.58236,0.05045062,0.1349216,113220.15387983983,3.452694279248213e-17,15648.065312065208
QSO,2.184791,0.000202835,20.39916,0.0253678,0.16740739999999998,20.39724,0.0368049,0.1158117,245983.73188212968,1.9687661114256915e-16,6553.037452934923
QSO,2.093021,0.0006183030000000001,21.87398,0.1036511,0.08454455,21.50914,0.06579495,0.05848753,243050.0087343565,5.0613471416535035e-17,12924.288684496069
QSO,0.7877609,0.000186179,20.36693,0.02093177,0.329381,20.14054,0.02499224,0.2278642,156901.08679278204,2.0280848703909827e-16,6456.492488606653
QSO,0.8501449000000001,0.001012284,21.08981,0.05395481,0.1237807,20.96046,0.06484252,0.08563093,164232.87957218607,1.042159340252388e-16,9006.844193958877
QSO,3.059855,0.000419015,21.4825,0.05434145,0.09353956,21.38697,0.06857919999999999,0.06471023,265496.0147096452,7.258687927586467e-17,10792.2165269462
QSO,1.202748,0.000598321,20.16944,0.03724326,0.1676943,19.91639,0.02940877,0.1160101,197336.06731692998,2.432663982995326e-16,5895.201446950207
QSO,0.6977974,0.000211531,21.41535,0.05963165,0.211853,21.27881,0.06916877,0.1465589,145360.40563183118,7.721792466562208e-17,10463.588457337613
QSO,0.6978384,6.55e-05,20.87833,0.03282848,0.3120396,20.49473,0.03082206,0.2158675,145365.94312974063,1.266269438295822e-16,8171.027085504847
QSO,2.458805,0.00111172,21.15064,0.03902832,0.14235379999999995,21.06171,0.04868677,0.0984797,253540.08131908358,9.853763287479642e-17,9262.722431818258
QSO,0.8794995000000001,0.0003993000000000001,21.5732,0.04622347,0.6692148,21.26551,0.04843991,0.4629597,167507.29840696248,6.676950017677032e-17,11252.542194246998
QSO,2.564968,0.000336926,21.06407,0.0309801,0.2438111,20.84501,0.034891000000000005,0.1686674,256055.85765257344,1.0671614420000014e-16,8900.709977107803
QSO,1.56893,0.5792435,22.177670000000006,0.07160873,0.1033754,21.67303,0.06233343,0.07151466,220893.49099092305,3.8263978620124994e-17,14864.306440948207
QSO,2.123902,0.00120503,22.31612,0.07904976,0.07565208,21.45326,0.05406729,0.05233575,244062.5495823916,3.368295035600539e-17,15842.89887459463
QSO,0.9747382,0.000175254,20.33846,0.02066725,0.1351789,20.1412,0.02682853,0.09351616,177417.97386984728,2.0819683600962783e-16,6372.3944412500605
QSO,3.992789,0.000428003,22.10889,0.07902612,0.3800103,20.69257,0.03798582,0.26288940000000005,276667.40950852307,4.0766377823007553e-17,14400.86735332134
QSO,2.426455,0.000511097,18.50971,0.007600985,0.2252879,18.33117,0.008224255,0.1558531,252731.47149827683,1.1219516076443605e-15,2745.0651112817627
QSO,2.415087,0.000853708,21.65244,0.05493287,0.09203317,21.5824,0.07428648,0.06366812,252442.42435440334,6.20700542841565e-17,11670.74688288956
QSO,1.543408,0.0005598140000000001,21.84858,0.08268610000000001,0.1958922,21.58612,0.10632089999999997,0.13551729999999998,219515.17902751046,5.181149516004777e-17,12773.992302220206
QSO,0.3965093,3.37e-05,20.01606,0.01737685,0.06985785,19.52274,0.01536619,0.04832733,96559.74583393561,2.8017806088377586e-16,5493.165073957776
QSO,0.910453,0.000415187,20.81165,0.02755545,0.1958803,20.56927,0.03534729,0.13550910000000002,170844.76954196236,1.3464744758081056e-16,7923.930360978011
QSO,1.588855,0.000451241,21.51328,0.04254026,0.3268979,21.22171,0.04947278,0.2261464,221946.22770743317,7.055797777278596e-17,10946.282448407033
QSO,2.468509,0.000560692,21.55819,0.04512984,0.0930066,21.62458,0.06680566,0.06434154,253778.69031453785,6.769897997695173e-17,11175.02877561255
QSO,1.139142,0.000813554,21.4087,0.04214627,0.4757224,21.04591,0.04689972,0.3291026,192261.50303662685,7.769232624845394e-17,10431.593381089171
QSO,2.079637,0.00035564900000000004,19.75872,0.01485894,0.1903646,19.73195,0.01985918,0.1316933,242602.88017201555,3.5511590598176184e-16,4879.26774346406
QSO,2.51567,0.000500958,20.93937,0.03011304,0.2084881,20.82901,0.03556599,0.14423110000000006,254913.131014821,1.1970440304549103e-16,8403.973032137856
QSO,2.422256,0.000465305,20.72154,0.03058661,0.05592773,20.46384,0.03015948,0.03869054,252625.0063517788,1.4629925858125594e-16,7601.838697286599
QSO,2.813134,0.000304371,20.37728,0.0198483,0.4903707000000001,20.17587,0.02072692,0.3392362,261209.1074830746,2.008843597484134e-16,6487.339855247413
QSO,1.618325,0.000501005,21.49996,0.05081393,0.153185,21.42056,0.07856794,0.1059727,223466.91362762565,7.142892683043357e-17,10879.34252051605
QSO,2.732978,0.0006411930000000001,21.74981,0.056184300000000006,0.3247776,21.65524,0.07578755,0.22467960000000006,259646.49831788478,5.674585254519335e-17,12205.979890348463
QSO,1.518506,0.000214571,19.55277,0.01236227,0.2064835,19.35262,0.0134306,0.1428443,218137.09515890334,4.29289360635776e-16,4437.768571197193
QSO,2.370181,0.000656255,21.25813,0.03654533,0.2696949,21.14891,0.04450522,0.1865737,251274.97173820873,8.924956852516027e-17,9732.77425006379
QSO,1.905056,0.000598446,20.76581,0.02685028,0.0886505,20.79245,0.04050115,0.06132801,236272.7354625687,1.404540042639614e-16,7758.408634552594
QSO,0.6988960999999999,7.49e-05,18.75475,0.008298188,0.1307144,18.7719,0.01003735,0.09042761,145508.70606546404,8.952784383877996e-16,3072.986484134374
QSO,1.861951,0.000627618,20.81297,0.03083692,0.14839560000000002,20.74346,0.03745069,0.1026594,234554.6881153046,1.3448384740607777e-16,7928.748643621154
QSO,3.052304,0.00066073,21.9859,0.1672005,0.08108981,21.60274,0.2129587,0.05609755,265375.4243065383,4.565602792825619e-17,13607.885617437134
QSO,2.5657330000000003,0.000680359,20.89177,0.03377272,0.09367871,20.80999,0.04014108,0.0648065,256073.25408643586,1.2506912895339064e-16,8221.757253020347
QSO,1.144488,0.000271319,19.91037,0.01920983,0.3630656,19.39737,0.01582534,0.25116710000000003,192701.32531306744,3.088233467859614e-16,5232.203778611072
QSO,2.255028,0.000393099,20.10783,0.01931574,0.106741,20.07911,0.02360034,0.07384297,248082.73850290623,2.5746969894624466e-16,5730.29064256052
QSO,1.986163,0.00056763,20.97599,0.03593462,0.14322200000000002,20.85093,0.04819494,0.09908031,239333.17894229596,1.1573430958664847e-16,8546.900539849908
QSO,2.023637,0.00158641,21.69679,0.1066519,0.1728235,21.58656,0.1264865,0.1195585,240675.67533567722,5.958571090669072e-17,11911.56020387199
QSO,0.681211,0.000365531,20.2637,0.01894005,0.1129768,20.20247,0.02360521,0.07815682,143098.46871830616,2.2303762156638796e-16,6156.737681432302
QSO,1.22782,0.000166054,18.64754,0.007856653,0.2364772,18.37776,0.008690875,0.16359379999999998,199244.6429599633,9.881938009935686e-16,2924.9513711875006
QSO,2.553096,0.000563562,20.65249,0.02709542,0.4040141,20.43791,0.03848908,0.27949509999999994,255784.5821939213,1.5590574726912223e-16,7363.913019739828
QSO,0.9141086,0.000373262,22.34293,0.09538403,0.3114968,22.29407,0.1476978,0.2154921,171231.32595221951,3.2861404796176676e-17,16039.715103772443
QSO,0.4455335999999999,0.000109152,22.0049,0.14004470000000002,0.14571900000000002,21.68765,0.1323622,0.1008077,105724.86193870554,4.486401376543854e-17,13727.474641248187
QSO,2.483844,0.000269045,19.93225,0.01893128,0.1237102,19.82379,0.02247462,0.08558212,254152.11377862174,3.0266215863232086e-16,5285.190553858897
QSO,0.8082904000000001,9.79e-05,19.42062,0.01355334,0.269662,19.2088,0.01666427,0.1865509,159371.6223518705,4.848530425094823e-16,4175.751541524455
QSO,0.9982312,0.000196267,19.16214,0.01037555,0.3179381,18.87836,0.01065307,0.21994810000000006,179705.62226598125,6.15179883061587e-16,3707.137120436187
QSO,0.9333481,0.000311741,21.56496,0.05587967,0.1857911,21.21251,0.06654072,0.1285294,173239.94367200797,6.727816307237665e-17,11209.923532670045
QSO,1.181701,0.000403781,21.48325,0.05019969,0.6082938,20.90434,0.0469825,0.4208149000000001,195694.58797639408,7.253675535019827e-17,10795.944670270968
QSO,2.373214,0.00017936799999999998,20.40519,0.02038556,0.14522420000000005,20.35683,0.02785864,0.1004654,251355.13561837721,1.9578622160550775e-16,6571.259987645587
QSO,2.167212,0.000741042,21.79291,0.08414675,0.2283972,21.70848,0.1043344,0.1580041,245439.0617526005,5.4537361765817585e-17,12450.667925431484
QSO,1.6554669999999998,0.000576904,21.42369,0.03965556,0.09283232,21.35942,0.06276916,0.06422097,225323.78203358172,7.662705332781011e-17,10503.853359859839
QSO,1.954109,0.00049333,20.74095,0.02516982,0.1794353,20.43221,0.02825449,0.1241325,238149.6378837824,1.4370706683234832e-16,7670.093358552976
QSO,0.2869583,3.01e-05,19.50578,0.01842808,0.08081746,18.6093,0.01319338,0.05590915,74067.36333464859,4.482766576795845e-16,4342.768210721617
QSO,1.611746,0.0008495330000000001,21.44282,0.04349063,0.2760337,21.62548,0.08047405,0.1909588,223131.12727853566,7.528875667150831e-17,10596.797862740972
QSO,1.574616,0.000390852,21.18808,0.03736691,0.08936869,20.93184,0.03934387,0.06182484,221195.9686131034,9.519762752222594e-17,9423.8127925197
QSO,1.435632,0.000319896,20.3438,0.01998276,0.1090867,20.07928,0.02050276,0.07546569,213301.014205366,2.07175370986919e-16,6388.084468611223
QSO,2.209878,0.000438753,20.28392,0.02172291,0.04921781,20.09394,0.02397863,0.03404865,246747.41574016708,2.1892236200600234e-16,6214.3348394398645
QSO,2.609903,0.000191154,18.42997,0.007258221,0.06589302,18.36478,0.008234978,0.04558449,257060.80398638052,1.20745269507365e-15,2646.0902351164355
QSO,0.9038292,0.000317007,20.37974,0.0204107,0.1284238,20.10967,0.02233605,0.08884296,170140.29930914307,2.0042972250978664e-16,6494.69334454711
QSO,0.5976906,5.18e-05,21.64887,0.08429955,0.3526305,20.74313,0.06366838,0.24394810000000006,131019.63199857378,6.22744822075252e-17,11651.575404714607
QSO,2.065852,0.00030027900000000003,20.17773,0.0204201,0.1028848,19.98338,0.02290331,0.07117521,242137.00475046362,2.414160418818739e-16,5917.75049067575
QSO,0.7642746,0.00028025,22.08521,0.09458731,0.08546848,21.5278,0.07772747,0.0591267,154002.57825109913,4.166526277683795e-17,14244.678446789521
QSO,1.867475,0.00035046400000000004,20.32998,0.02265159,0.0865145,20.30615,0.02961038,0.05985033,234778.57019361976,2.0982929680932267e-16,6347.557594208996
QSO,1.384332,0.001668904,22.14715,0.1155166,0.206981,21.52432,0.09117052,0.1431885,210101.89549669655,3.93548376551446e-17,14656.850231493761
QSO,0.4953249,7.23e-05,19.23391,0.01407942,0.1815199,19.16041,0.01482323,0.1255746,114506.44007006063,5.758297850584175e-16,3831.7101561742834
QSO,1.632846,0.000936717,21.63881,0.0513554,0.4437356,21.47561,0.0632496,0.30697420000000003,224200.66101497825,6.28541742509348e-17,11597.720817236603
QSO,1.356716,0.000658541,20.75886,0.02573183,0.1104897,20.52644,0.02823319,0.07643623,208310.1838042089,1.4135596026263746e-16,7733.616819441036
QSO,1.997448,0.001155373,20.56371,0.02322798,0.2171319,20.20309,0.02754858,0.15021089999999998,239742.05633401813,1.691897798054724e-16,7068.913219016249
QSO,0.9769843,7.709999999999999e-05,20.44709,0.02677862,0.1319453,20.19661,0.03295405,0.09127912,177639.26322994064,1.8837450547448726e-16,6699.288027043524
QSO,2.445436,0.00030269,21.3287,0.05421278,0.1739969,21.20519,0.08626044,0.1203703,253208.38882564008,8.363308657244081e-17,10054.272463337451
QSO,1.8252580000000005,0.000643043,21.79389,0.0590415,0.2423132,21.923070000000006,0.1315572,0.1676311,233039.0187829881,5.448815782406991e-17,12456.28826316722
QSO,2.575989,0.000311485,20.36083,0.02011621,0.2840945,20.18845,0.02559504,0.1965352,256305.50715309507,2.0395113437508092e-16,6438.380659478217
QSO,0.7144189000000001,4.34e-05,19.73319,0.01618602,0.1095987,19.5014,0.01835843,0.07581987,147583.882588672,3.6356504829456197e-16,4822.238100776037
QSO,1.755614,0.000608258,20.05016,0.01864118,0.1150417,20.09728,0.02700136,0.07958534,230019.80436504897,2.715151861624376e-16,5580.108585314383
QSO,1.6972459999999998,0.000977133,22.129620000000006,0.0725178,0.2021494,22.09799,0.1119262,0.139846,227336.2570237367,3.999540742385827e-17,14539.003801713987
QSO,0.5788395000000001,4.89e-05,20.30078,0.02118805,0.2618733,20.25648,0.02420707,0.1811627,128126.11084247899,2.1554905600387443e-16,6262.772704795815
QSO,0.5814954000000001,0.000335466,20.68425,0.03112471,0.1221153,20.7772,0.04078957,0.08447882,128537.66030663816,1.5141124314824307e-16,7472.40926261858
QSO,1.296735,0.000518931,20.48437,0.02699439,0.1693009,20.08659,0.02422665,0.1171216,204240.94997162104,1.8201623434892382e-16,6815.2948603176765
QSO,1.563081,0.00028905,20.64516,0.03050799,0.2149239,20.28894,0.03050402,0.1486833,220580.6094317875,1.5696185593113308e-16,7339.097377734574
QSO,1.3316290000000002,0.000210013,19.10985,0.0129808,0.3302323,18.77242,0.01383392,0.2284532,206638.49324478407,6.4553251939226215e-16,3618.933894492709
QSO,0.3784489,4.84e-05,20.35353,0.02437238,0.23132,19.51418,0.01845068,0.1600261,93047.69130826775,2.0532702998003745e-16,6416.772618285498
QSO,2.546337,0.000287342,19.2287,0.01298148,0.1736966,19.13448,0.01519774,0.1201625,255629.03990054558,5.785995948435917e-16,3822.527778278708
QSO,1.829803,0.000936049,21.75673,0.06014699,0.2436436,21.87623,0.1091079,0.16855150000000002,233229.48888517133,5.63853298286921e-17,12244.939680833852
QSO,1.039885,0.00019105,19.50443,0.01216019,0.227222,19.21559,0.01520726,0.1571912,183619.29020049184,4.488343897293508e-16,4340.069159602883
QSO,1.403576,0.000531817,21.77195,0.05746753,0.1351664,21.26039,0.04914696,0.09350749,211321.27538240538,5.560042678427214e-17,12331.066791073108
QSO,1.605631,0.00034127800000000003,21.30991,0.04354052,0.1645627,21.06866,0.04837949,0.1138437,222817.13000004194,8.509305681858015e-17,9967.647020155491
QSO,3.780651,0.000625737,21.7307,0.06357103,0.2147232,20.56435,0.03108148,0.1485445,274657.5023449806,5.775347560559398e-17,12099.03268929594
QSO,1.943896,0.001083557,21.09359,0.06972192,0.2561216,21.07361,0.1073969,0.17718370000000006,237765.51458553158,1.038537362116174e-16,9022.536551298706
QSO,1.162916,0.0009786839999999998,21.15812,0.05978476,0.1903756,21.09469,0.06396852,0.1317009,194198.37497394282,9.786110723298126e-17,9294.684446529003
QSO,1.843115,0.000447401,20.63552,0.02515295,0.1195305,20.2752,0.02510511,0.08269066,233782.88831063962,1.58361689054241e-16,7306.588518871903
QSO,2.250189,0.000269393,19.90642,0.01760715,0.09250092,19.98935,0.0260712,0.06399171,247941.97446885786,3.099489184216105e-16,5222.6948302273295
QSO,2.884933,0.000698316,21.83519,0.06213896,0.2617066,21.61942,0.07938128,0.1810474,262534.27562388143,5.245442433614769e-17,12695.466099012287
QSO,0.9426132,0.000961769,21.60331,0.06372682,0.290501,21.25801,0.07487135,0.2009672,174191.95257484567,6.494326595118641e-17,11409.658612206807
QSO,1.269419,0.000343601,19.97916,0.02121408,0.1447111,19.68428,0.02236983,0.1001105,202303.1383996017,2.8986389602178883e-16,5400.607934071397
QSO,2.012011,0.000459506,21.00548,0.04570013,0.1786887,20.763820000000006,0.05329749,0.123616,240263.82423668113,1.1263312278149853e-16,8663.764727481259
QSO,1.373527,0.000327611,20.88901,0.02581793,0.1826012,20.22941,0.02440569,0.12632269999999998,209406.82026281438,1.253874658691322e-16,8211.31381615095
QSO,0.2484491,2.34e-05,19.11452,0.01144877,0.203386,18.51517,0.009786046,0.1407015,65453.74888500579,6.427618990370356e-16,3626.7252011624655
QSO,1.441196,0.000678507,20.91693,0.02992479,0.09017207,20.61358,0.03147133,0.06238062,213638.24213974815,1.2220419800264612e-16,8317.573553957594
QSO,0.9118978,0.000358311,19.63507,0.01361957,0.2839468,19.44809,0.01397976,0.1964331,170997.73705308404,3.9795148091724207e-16,4609.190415315651
QSO,1.914564,0.001370841,21.61318,0.04917771,0.1008124,21.64534,0.06702536,0.06974152,236642.91457473987,6.435556762568374e-17,11461.637006711378
QSO,1.628188,0.000258408,19.42761,0.01123944,0.09601711,19.37106,0.01278619,0.0664242,223966.39295408243,4.81741571699742e-16,4189.215001937895
QSO,0.9005143,0.000303005,21.14923,0.03379216,0.2469567,20.86866,0.04533074,0.17084349999999998,169785.77592763392,9.866568268774645e-17,9256.70982984895
QSO,1.289711,0.000185729,20.19743,0.02037944,0.1015572,19.69203,0.019322400000000003,0.07025678,203747.8663822141,2.3707519977887147e-16,5971.681686489461
QSO,0.5972997,0.00014997399999999998,21.59793,0.05506777,0.09158029,20.98208,0.05803449,0.06335482,130960.27905481168,6.526586904290938e-17,11381.425242103527
QSO,0.8531389000000001,8.170000000000001e-05,19.53184,0.01307449,0.09657318,19.48563,0.01543022,0.06680888,164571.84951355343,4.3764515528136174e-16,4395.200081305199
QSO,2.0504830000000003,0.0005378819999999999,21.52775,0.04840606,0.108477,21.22338,0.04948655,0.07504389,241611.0959344941,6.962386448395328e-17,11019.468559256446
QSO,2.547109,0.001320645,21.95538,0.09119617,0.2172241,21.97929,0.1205763,0.1502746,255646.84621700062,4.6957625210208375e-17,13417.964857925244
QSO,0.9942504,0.000453741,21.94588,0.1302198,0.2484846,21.70317,0.126208,0.1719005,179322.1464163213,4.737029891406311e-17,13359.390668668228
QSO,1.369699,0.000883485,22.29871,0.13989129999999994,0.2597766,21.98501,0.1387507,0.17971220000000002,209158.74454916595,3.422741693828224e-17,15716.384675995325
QSO,0.9802417,0.000310268,20.56002,0.02804434,0.14476229999999998,20.21538,0.03145295,0.1001459,177959.21306356305,1.697657690586283e-16,7056.911160139604
QSO,0.9145402,0.000131069,20.7768,0.02619298,0.3844924000000001,20.47307,0.0269986,0.26599,171276.86058047824,1.3903947690515818e-16,7797.774109028914
QSO,2.24143,0.00080809,21.73258,0.04914325,0.2230984,21.77239,0.0708409,0.1543385,247685.76025933502,5.765355945158406e-17,12109.512228755792
QSO,1.595941,0.000178702,19.35438,0.01124306,0.2255255,19.09989,0.01254748,0.1560175,222315.79253384907,5.153545624283014e-16,4050.294946394371
QSO,1.29315,0.000537321,21.1495,0.05064578,0.20202,20.73347,0.05595116,0.1397565,203989.72911548408,9.86411496362465e-17,9257.86087695932
QSO,1.315509,0.000306819,19.99128,0.01513833,0.1488031,19.67439,0.01565717,0.1029413,205541.5432614679,2.866461580172398e-16,5430.835523731433
QSO,2.100663,0.000555407,21.60483,0.05431503,0.15572360000000002,21.46959,0.06910881,0.1077289,243303.04369438643,6.485241082651855e-17,11417.648007902957
QSO,1.326723,0.000498651,20.89961,0.03513828,0.1126164,20.40435,0.03126991,0.0779075,206306.55551752629,1.2416926923480737e-16,8251.495176050012
QSO,1.700155,0.000271508,19.52633,0.01283873,0.07851025,19.3782,0.01418452,0.05431303,227473.47328681164,4.398718048357723e-16,4384.061623863057
QSO,0.6464496,8.39e-05,21.84722,0.06908102,0.4035923,21.5315,0.07360402,0.2792033,138213.95303902568,5.187643522848831e-17,12765.994415475583
QSO,1.857037,0.000208875,20.30822,0.02137318,0.371984,20.10867,0.03007738,0.2573368,234354.59513513447,2.1407705674790458e-16,6284.267310479879
QSO,2.963487,0.000871962,20.7114,0.03451074,0.3057446,20.33819,0.03385893,0.2115127,263909.00048959494,1.4767198925639356e-16,7566.423580029605
QSO,2.639123,0.000707572,20.5575,0.02154253,0.0854716,20.37173,0.02697893,0.05912885,257696.28342843772,1.7016025401263084e-16,7048.726344535548
QSO,2.283363,0.000399452,20.59564,0.03037145,0.09743959,20.48994,0.03610561,0.06740826,248895.95011960116,1.6428659374188482e-16,7173.624667091675
QSO,1.4353479999999998,0.000540335,20.52779,0.03122701,0.274059,20.30038,0.03220764,0.1895927,213283.7511781727,1.7488079754114136e-16,6952.942696489438
QSO,1.505767,0.000568956,20.77213,0.04173916,0.172244,20.57771,0.05454749,0.1191576,217419.08693133047,1.3963880552975444e-16,7781.0221231311825
QSO,1.629563,0.0007937510000000001,21.63674,0.05940827,0.2045495,21.63567,0.089192,0.14150639999999998,224035.65449907634,6.29741225838767e-17,11586.670323153432
QSO,2.138117,0.000607508,20.9166,0.02632152,0.2413795,20.76699,0.03368184,0.1669852,244519.85755557954,1.2224134654237694e-16,8316.309623222423
QSO,2.274407,0.000666128,21.29029,0.03846557,0.532406,20.92567,0.03908325,0.368316,248640.93488706427,8.664472450985243e-17,9877.991545365618
QSO,2.795278,0.000345492,20.7145,0.03242052,0.1812076,20.32786,0.02853412,0.1253586,260868.82403980987,1.4725095673143383e-16,7577.233141241874
QSO,2.68321,0.000379626,19.74917,0.01330326,0.1363551,19.61854,0.01415904,0.09432985,258629.23967845028,3.5825323868689464e-16,4857.856146691915
QSO,2.743065,0.000342697,20.13073,0.01895485,0.1008654,19.99574,0.02162433,0.0697782,259848.18604273032,2.5209609891851356e-16,5791.041138729652
QSO,0.6112586,8.46e-05,19.96004,0.01567349,0.1697443,19.56854,0.01586696,0.1174283,133062.98257421638,2.950136597608658e-16,5353.263860210274
QSO,2.338517,0.0006043530000000001,21.49791,0.04644126,0.07294835,21.45771,0.05528712,0.05046533,250426.41690338857,7.156392060187934e-17,10869.076616209912
QSO,2.346315,0.000503555,20.40227,0.02035554,0.1848899,20.21898,0.02071085,0.127906,250637.3863982381,1.963134815596845e-16,6562.429489195457
QSO,2.748525,0.000312314,20.1397,0.0174578,0.3313206,19.9264,0.02070506,0.229206,259956.7393629984,2.500219426020886e-16,5815.01246628219
QSO,3.055132,0.000939123,21.96754,0.05946148,0.08339854,21.882620000000006,0.08493599,0.05769472,265420.6606939333,4.643464452470694e-17,13493.314722632786
QSO,1.050145,0.000421359,21.92862,0.07232435,0.08178031,21.47812,0.07270335,0.05657525,184556.24355546923,4.812936426852562e-17,13253.624135524293
QSO,2.35378,0.0002267,20.39114,0.02253214,0.1619141,20.10864,0.02293873,0.1120114,250838.11977533597,1.9833626258528828e-16,6528.879454455417
QSO,1.674639,0.001723124,21.32975,0.04727675,0.2589378,21.16029,0.05499473,0.179132,226257.08468893665,8.355224530362326e-17,10059.13531069821
QSO,2.00125,0.001033442,21.7459,0.1283565,0.1794353,21.29428,0.1140579,0.1241325,239878.9109218004,5.695057656352264e-17,12184.021315482238
QSO,0.5979683000000001,5.27e-05,18.71195,0.008057975,0.08989682,18.81044,0.0100183,0.0621902,131061.78050320534,9.312753874634541e-16,3013.010534461816
QSO,1.80746,0.00075612,20.98371,0.02561667,0.1882306,21.052,0.03678995,0.130217,232285.55857661483,1.1491431304557863e-16,8577.340484858802
QSO,1.247164,0.000667607,20.86368,0.02375294,0.2782973,20.55196,0.02640589,0.1925248,200683.35296507523,1.283471191975234e-16,8116.08618381177
QSO,0.7751371,0.000369545,20.39817,0.02388876,0.1043396,19.87078,0.02144245,0.07218166,155352.85822655715,1.9705620977065798e-16,6550.050526456372
QSO,1.7399830000000005,0.000329331,19.97303,0.01821313,0.1193497,19.87818,0.02087045,0.08256559,229315.29856234364,2.9150507844302516e-16,5385.383682450515
QSO,1.471978,0.001117702,21.97184,0.1014096,0.2013199,21.42325,0.0831648,0.1392722,215470.66064650947,4.625110629238707e-17,13520.060970251065
QSO,1.395348,0.000516704,19.92488,0.02121037,0.2569273,19.68913,0.02426209,0.1777411,210802.7991758553,3.0472362439763196e-16,5267.282968466072
QSO,2.498067,0.000419761,20.35923,0.02574982,0.2951125,20.11639,0.03134881,0.2041574,254494.52040465228,2.0425190943859993e-16,6433.638432608282
QSO,1.287174,0.0006920889999999999,22.15727,0.12533319999999998,0.1183332,21.57951,0.0994488,0.08186234,203568.89065449437,3.898972079344211e-17,14725.316906904627
QSO,2.017722,0.000287165,19.76203,0.01791854,0.14116099999999998,19.73141,0.0228247,0.09765454,240466.6527932409,3.5403494014843538e-16,4886.710938006838
QSO,1.852687,0.000643822,21.14873,0.04773569,0.1872264,21.18514,0.07456365,0.1295223,234176.73003852088,9.871113037768985e-17,9254.578639014346
QSO,1.125415,0.000412097,20.2303,0.01829859,0.2444423,20.01162,0.02112151,0.169104,191120.59809453494,2.300054491614621e-16,6062.763817879384
QSO,2.513408,0.000466738,22.04753,0.06720041,0.21021020000000004,22.01024,0.1099742,0.14542239999999998,254859.65610003777,4.313662124666235e-17,13999.632977466199
QSO,1.730947,0.00137294,20.85796,0.02652513,0.2381491,20.88306,0.03709513,0.1647504,228903.37710154397,1.290250764894828e-16,8094.735268947157
QSO,1.264316,0.00034663699999999995,20.06515,0.01999254,0.6355274999999999,19.70585,0.01908376,0.439655,201935.02480126295,2.6779232459645163e-16,5618.762174769261
QSO,2.623798,0.000305019,19.09962,0.01025304,0.2154081,18.91354,0.01122302,0.1490184,257364.73000807356,6.516435863950153e-16,3601.9248714380437
QSO,1.631719,0.000549772,20.56254,0.02247427,0.17905870000000002,20.48506,0.02818959,0.123872,224144.07488025457,1.6937219864474463e-16,7065.105479759448
QSO,0.5061477,0.000105396,18.91329,0.009203792,0.08326025,18.78703,0.009821958,0.05759905,116347.93578750263,7.736457163449675e-16,3305.739674666052
QSO,2.778661,0.000359406,20.6248,0.02531981,0.0773105,19.97757,0.01919648,0.05348305,260548.18723837944,1.5993301526414748e-16,7270.606662898799
QSO,1.428198,0.000309697,20.63441,0.03047794,0.09682989,20.36269,0.03610472,0.06698647,212847.52424900097,1.5852367256331932e-16,7302.854536029932
QSO,1.882022,0.000377521,19.99162,0.01807372,0.16143329999999995,19.99981,0.02883734,0.1116788,235362.881121548,2.8655640837541677e-16,5431.685927648557
QSO,1.960223,0.000985639,21.88931,0.06307098,0.1477331,21.90386,0.08593899,0.1022011,238377.95259387177,4.990385840919029e-17,13015.853450777204
QSO,2.238858,0.001498507,21.27596,0.04050793,0.4175413,20.88399,0.03754307,0.2888531,247610.17602971997,8.7795877770154e-17,9813.019234595024
QSO,1.672809,0.001038643,21.17549,0.04265554,0.08260635,21.12415,0.05450095,0.05714669,226168.72359069996,9.630794702565487e-17,9369.332469626985
QSO,2.631277,0.000590322,22.04358,0.1334662,0.2003595,21.70899,0.15510420000000005,0.1386078,257527.01186719906,4.3293841734809675e-17,13974.190201724505
QSO,0.8487287,0.000198538,20.34878,0.0192128,0.09217768,20.15728,0.02123192,0.06376810000000001,164072.14161113463,2.062272854341898e-16,6402.7515523804
QSO,0.8971680000000001,0.000492031,20.98861,0.03689708,0.1075914,20.72437,0.04348171,0.07443124,169426.55428075592,1.1439686559229251e-16,8596.717394169278
QSO,2.583475,0.0007053480000000001,22.15502,0.1054279,0.2213788,21.73511,0.1071273,0.15314879999999995,256473.89572955068,3.9070604007604435e-17,14710.066976138483
QSO,0.1978479,3.64e-05,21.13637,0.05366683,0.3233417,20.17333,0.04122071,0.2236863,53540.13070719957,9.984127655682338e-17,9202.051301077481
QSO,0.7953076,0.000125122,20.17491,0.01873509,0.06222089,20.18108,0.02447491,0.04304412,157816.008252622,2.4204389063430523e-16,5910.070344724582
QSO,1.73787,0.001015084,21.64252,0.04796342,0.08138984,21.52639,0.06070983,0.05630511,229219.28176241566,6.263976578666743e-17,11617.552670340168
QSO,0.7559621,0.000279197,20.20332,0.01772636,0.2195068,20.17709,0.02140322,0.15185379999999998,152957.83717581155,2.357925749798662e-16,5987.9015338313375
QSO,1.336006,0.000426057,20.35971,0.0229468,0.1782445,20.18389,0.02513556,0.1233087,206933.24004650358,2.0416163037493013e-16,6435.060733796085
QSO,1.795693,0.000230236,19.00732,0.009677975,0.1672712,18.92819,0.01143737,0.1157174,231780.6883348818,7.094636112888853e-16,3452.030705817665
QSO,3.09181,0.0005152080000000001,21.38814,0.05018463,0.2030047,21.0836,0.05009041,0.14043770000000005,265999.5262192893,7.917756203323537e-17,10333.290766963868
QSO,1.7783799999999998,0.00143268,21.87013,0.07777823,0.24099450000000006,21.77574,0.1079069,0.1667188,231027.95234148312,5.079326440958875e-17,12901.39434488091
QSO,1.715962,0.000978514,21.4959,0.0630694,0.12980519999999998,21.01211,0.05489276,0.08979865,228212.6186081512,7.169652805214821e-17,10859.02042766508
QSO,0.7652641,0.000174335,21.1728,0.06454513,0.14634470000000002,20.79958,0.05124022,0.1012406,154126.27809649042,9.654685365241092e-17,9357.733013081845
QSO,1.128003,0.000519631,21.58041,0.07101110000000001,0.1310398,21.0242,0.07419048,0.09065273,191336.97964692677,6.632757589177342e-17,11289.966417797055
QSO,0.7852916999999999,0.000260863,19.82829,0.01436436,0.3050528,19.60784,0.01777504,0.2110341,156600.01429618412,3.3307506797943054e-16,5038.121654511756
QSO,2.450924,0.001711289,21.5566,0.07121621,0.1470944,21.31547,0.09012705,0.1017592,253344.9675350483,6.779819397900082e-17,11166.849168036702
QSO,2.076801,0.000691231,21.35916,0.04626792,0.384429,21.1575,0.05965384,0.2659462,242507.4814254665,8.131939243272649e-17,10196.301059387599
QSO,1.944257,0.000579105,21.32948,0.04547132,0.1275474,21.24386,0.06162216,0.08823668,237779.1510209992,8.357302559201671e-17,10057.88463964302
QSO,1.798187,0.000307552,21.53658,0.04765923,0.1424674,21.39007,0.06293652,0.09855831,231888.14672260504,6.905992863181303e-17,11064.368972416496
QSO,2.248436,0.000636296,22.16016,0.09652285,0.35773130000000003,22.188270000000006,0.1629909,0.2474768,247890.84322296293,3.8886076409084555e-17,14744.927792642127
QSO,1.552308,0.002299582,21.69554,0.05490275,0.141648,21.35047,0.05707794,0.09799141,219999.68676333394,5.965435099636574e-17,11904.705331812092
QSO,0.5703388,0.000364763,20.40865,0.02018124,0.1180173,20.142570000000006,0.0218968,0.08164385,126800.20383760631,1.9516328753049502e-16,6581.738906545454
QSO,0.7232813,0.00013220299999999998,19.98272,0.01722019,0.1234406,19.84981,0.02053274,0.08539561,148752.0388789798,2.889150232212512e-16,5409.469171660283
QSO,0.9307487,0.00028823900000000003,20.34178,0.02565791,0.1198341,20.09277,0.02277882,0.08290068,172971.0790485562,2.0756117721777227e-16,6382.144752073151
QSO,1.705543,0.000320333,20.15032,0.01976564,0.1899944,19.96731,0.02484699,0.1314372,227726.64215252345,2.475883041805073e-16,5843.521551624015
QSO,1.669727,0.000429063,20.23,0.0203705,0.07145467,20.23785,0.02788013,0.04943201,226019.56645273828,2.300690107966472e-16,6061.926273960844
QSO,2.07413,0.00037498,21.76561,0.07945905,0.08987021,22.01069,0.1331491,0.06217180000000001,242417.42229420724,5.592604724026195e-17,12295.11655499854
QSO,1.229969,0.000457532,20.64782,0.0292655,0.1107702,20.33496,0.02881964,0.07663029,199405.91287999853,1.5657777782589262e-16,7348.093099165803
QSO,1.125069,0.000476073,21.58139,0.06148273,0.1914323,20.99545,0.05403797,0.132432,191091.62374045028,6.626773474664381e-17,11295.062804968618
QSO,1.541754,0.000194843,18.39486,0.007319246,0.20583,18.17411,0.007882725,0.1423922,219424.6757666752,1.247136888461835e-15,2603.65028208077
QSO,2.14396,0.000633676,21.73453,0.0637269,0.1545651,21.6173,0.0957948,0.1069274,244706.25552402734,5.755010564504842e-17,12120.391553999363
QSO,1.327313,0.00074853,20.97617,0.05191567,0.1362473,20.69793,0.06320801,0.09425528,206346.5626483058,1.157151240341287e-16,8547.609047982613
QSO,0.7510369,0.00040339,20.50665,0.02764049,0.2499361,20.3344,0.03562498,0.1729046,152334.09272440942,1.783192074392152e-16,6885.581928110186
QSO,1.614279,0.000469941,20.28563,0.0207593,0.256446,20.16166,0.02533579,0.1774081,223260.65843806154,2.1857783762547342e-16,6219.230456686589
QSO,2.37545,0.0005582569999999999,20.90193,0.026679,0.16671979999999995,20.70613,0.03328636,0.115336,251414.11090499198,1.2390422773970256e-16,8260.315780356827
QSO,0.9979376,0.000288155,22.09319,0.08973104,0.2817737,21.68707,0.08424713,0.1949298,179677.39673985838,4.1360151911160804e-17,14297.122888941029
QSO,0.4993621,8.47e-05,20.24836,0.01999781,0.14235,20.10138,0.02336712,0.09847708,115196.11864635648,2.262112112599268e-16,6113.39771235251
QSO,2.630544,0.000367495,22.11831,0.07735871,0.2085318,22.25495,0.1227086,0.14426129999999998,257511.14713605514,4.0414212921239915e-17,14463.475028564986
QSO,1.47243,0.000216682,21.08459,0.03494802,0.1379872,20.93919,0.04493067,0.09545888,215497.15450854253,1.0471818955447465e-16,8985.218654893282
QSO,2.595111,0.000609553,20.066270000000006,0.01694642,0.06655376,19.95433,0.01890083,0.04604158,256733.7482703187,2.675162236806488e-16,5621.660962149462
QSO,0.8278334,0.00020893,20.22138,0.01825551,0.1865308,20.0617,0.01987971,0.12904110000000002,161670.27933228394,2.3190287093959044e-16,6037.910207018508
QSO,2.375746,0.000650533,20.37255,0.02338852,0.1948008,20.22056,0.03256179,0.13476229999999995,251421.91017150658,2.0176141971766968e-16,6473.224215659353
QSO,0.8748235999999999,0.000154616,19.61086,0.01321835,0.3431416,19.37278,0.01385158,0.2373837,166992.95433453665,4.0692476861153844e-16,4558.087418007826
QSO,1.1088129999999998,0.00051133,20.29832,0.02388071,0.07258771,19.95051,0.02248578,0.05021584,189718.1492874937,2.16037988615183e-16,6255.681803096816
QSO,3.625892,0.000525828,22.09426,0.08528245,0.1623271,20.78924,0.04229751,0.1122971,273023.93199444294,4.1319411294295526e-17,14304.169578133668
QSO,0.8306786,0.000260687,20.48663,0.03187638,0.1378836,20.37711,0.0329244,0.09538724,162000.68940598378,1.81637754882496e-16,6822.391696708883
QSO,2.981694,0.000962869,21.9593,0.1233573,0.1290365,21.56442,0.1191303,0.08926682,264216.9903289727,4.67883925785018e-17,13442.20920320543
QSO,0.8213377000000001,0.000107311,20.39056,0.01939631,0.2235305,20.40941,0.02337835,0.1546374,160911.92129573837,1.9844224207009284e-16,6527.135824468781
QSO,2.901991,0.00019783,19.76625,0.01569662,0.1822192,19.6177,0.02012942,0.1260584,262839.28747766436,3.5266156074636878e-16,4896.2169170776215
QSO,1.067947,0.000760272,20.87703,0.03010462,0.08816008,20.49722,0.03452231,0.06098873,186157.33345650783,1.2677865067699925e-16,8166.136783352716
QSO,1.532297,0.000657325,21.29461,0.04300458,0.09126215,20.93608,0.05519483,0.06313473,218904.4116792519,8.630066161542132e-17,9897.662713612464
QSO,2.479359,0.0005512000000000001,21.87839,0.118077,0.3688135,21.56658,0.09837291,0.2551435,254043.35801775224,5.0408308580781526e-17,12950.563035569074
QSO,1.398035,0.000957275,20.24594,0.02793436,0.182541,19.99114,0.0320801,0.126281,210972.58787255338,2.267159762918439e-16,6106.588424042019
QSO,1.054352,0.000379519,20.43519,0.02326913,0.1988378,20.05807,0.02482982,0.1375551,184937.41539350638,1.9045050352054065e-16,6662.675320109709
QSO,1.691252,0.000959442,20.60041,0.02467043,0.2078698,20.69006,0.03787785,0.1438034,227052.34532067346,1.6356641129251038e-16,7189.400046053928
QSO,3.27947,0.0007549360000000001,21.01723,0.03229578,0.1330228,20.68316,0.04039508,0.09202458,268748.18161309557,1.1142076224513438e-16,8710.772073370974
QSO,2.012723,0.00034931400000000004,20.40548,0.01852904,0.1770371,20.36433,0.02411347,0.1224735,240289.16583962317,1.957339341143176e-16,6572.137637596123
QSO,0.4580442,8.06e-05,19.13597,0.01235377,0.09330724,18.90823,0.01235257,0.06454952,107980.09037842666,6.301879943330938e-16,3662.727845211263
QSO,1.6899830000000002,0.000223062,18.64336,0.008069028,0.0798973,18.51105,0.008631381,0.05527258,226992.0337329605,9.920056031834027e-16,2919.3263691602847
QSO,1.755309,0.00173078,21.97738,0.09150901,0.08190727,22.03873,0.1403218,0.05666307,230006.15448234687,4.601570977078363e-17,13554.598257048576
QSO,2.333393,0.000427474,20.5891,0.02276398,0.1567333,20.70118,0.03417711,0.1084274,250287.07255840444,1.6527917074787157e-16,7152.051781168588
QSO,2.362334,0.000857169,19.76054,0.01516433,0.1007608,19.58489,0.01567111,0.06970587,251066.67262396327,3.5452113024441305e-16,4883.3589719558495
QSO,2.441837,0.000366347,21.31404,0.04809216,0.103633,21.39585,0.06580998,0.07169285,253118.50315360026,8.476998868795664e-17,9986.622879457616
QSO,1.2973629999999998,0.000380811,19.48613,0.01238745,0.2326551,19.13748,0.0122653,0.1609497,204284.8621173583,4.564635727878077e-16,4303.647082501132
QSO,2.287101,0.000427835,20.28697,0.01813578,0.202786,20.339270000000006,0.02248236,0.1402864,249001.8404047386,2.1830823840560516e-16,6223.069483449638
QSO,0.9247909,0.000238968,20.3087,0.02064937,0.05917044,20.00691,0.02137379,0.04093383,172351.8938788731,2.1398243498260397e-16,6285.656589805119
QSO,1.720811,0.0008491810000000001,20.78683,0.02973015,0.3065504000000001,20.75335,0.04621877,0.2120701,228437.19258587604,1.3776094879053722e-16,7833.875227192781
QSO,1.094023,0.000924263,20.55725,0.02449916,0.1478616,20.28344,0.02747735,0.10229,188447.5273926421,1.70199439370271e-16,7047.9148766379885
QSO,0.5396103,0.000171405,22.027420000000006,0.1368404,0.4429293,20.49268,0.053471000000000005,0.3064165,121895.19414909717,4.394304272026823e-17,13870.580912808266
QSO,2.564569,0.000598468,22.01214,0.09425285,0.214383,21.8416,0.103326,0.1483092,256046.78020610646,4.4565842920454024e-17,13773.320393358923
QSO,2.546048,0.000454336,20.93312,0.03430361,0.2404286,20.76925,0.03616359,0.1663274,255622.37136643796,1.2039546410585846e-16,8379.81923014555
QSO,3.132792,0.000239137,19.4946,0.01351348,0.2472596,19.28479,0.01452979,0.1710531,266629.51992860483,4.52916481898394e-16,4320.466580135292
QSO,1.594702,0.000482034,20.68959,0.02946701,0.1385783,20.50621,0.03806471,0.09586782,222251.35414578658,1.5066838224850344e-16,7490.807732277889
QSO,2.456131,0.000832909,21.4127,0.03976002,0.1776606,21.29907,0.05353442,0.1229048,253474.0139694535,7.740662374744421e-17,10450.8267954122
QSO,0.6226219,0.000105212,20.69042,0.024342,0.2021748,20.72041,0.03562442,0.1398636,134749.48574312264,1.505532465743628e-16,7493.67148443609
QSO,0.9784812,0.000155529,21.23924,0.03735305,0.1004929,20.854,0.03754854,0.06952049,177786.43543260585,9.081594892701802e-17,9648.474427252333
QSO,2.2322040000000003,0.000707077,21.32013,0.03636292,0.2721253,21.21702,0.04457979,0.188255,247413.8922881503,8.429583660016818e-17,10014.670160703487
QSO,1.6991189999999998,0.001053809,21.5686,0.05791673,0.1037899,21.41107,0.08272358,0.07180135,227424.6482956796,6.705298640240824e-17,11228.730283427525
QSO,3.025822,0.000524124,20.87815,0.03130781,0.1720632,20.46383,0.03407498,0.1190325,264947.5427619068,1.2664793856040428e-16,8170.3497921108865
QSO,1.556454,0.000207042,18.72811,0.008498967,0.1048108,18.60275,0.009233967,0.0725076,220223.9710861908,9.175170115784804e-16,3035.516865013886
QSO,0.8040967,0.000185306,20.08056,0.01616652,0.2701816,19.89945,0.0185304,0.1869104,158871.64811361633,2.640183576756321e-16,5658.777917710116
QSO,2.204996,0.000336256,21.15992,0.03781602,0.1111006,21.13729,0.05071033,0.07685886,246600.03872726246,9.769900150529058e-17,9302.392289387431
QSO,2.242776,0.0005514280000000001,20.88944,0.03441596,0.08726158,20.45811,0.04041279,0.06036716,247725.25224648658,1.2533781666815382e-16,8212.940000551676
QSO,1.797145,0.000531778,20.10174,0.02208339,0.2011175,20.01542,0.02509128,0.1391322,231843.27999066008,2.5891792937162945e-16,5714.242278441339
QSO,1.53304,0.00081976,21.34551,0.05675913,0.3082218,21.12742,0.07007805,0.2132264,218945.4599347183,8.234820276397482e-17,10132.407556145377
QSO,1.916501,0.000851408,21.30401,0.03956979,0.131496,21.17304,0.04885407,0.09096834,236717.94733263337,8.555671972287677e-17,9940.601179829633
QSO,0.5781065,0.000100711,20.04706,0.01668673,0.6690385,19.99875,0.02184877,0.4628377,128012.3013229558,2.722915255963722e-16,5572.148090474134
QSO,1.7666970000000002,0.000470898,21.07587,0.03613312,0.2443237,20.80944,0.04574646,0.169022,230513.2233073004,1.0556261139464394e-16,8949.208987398259
QSO,1.9249080000000005,0.000558065,21.16842,0.04117608,0.2606426,21.0751,0.06939327,0.1803114,237042.12113556865,9.693712279136054e-17,9338.876885039406
QSO,1.31789,0.000239254,19.94572,0.01463583,0.1152907,19.51555,0.01356108,0.07975756,205704.70827939425,2.989304288707502e-16,5318.077354565148
QSO,1.00548,0.000365532,21.64168,0.04869442,0.2661719,21.25749,0.05063234,0.1841365,180399.61012806627,6.268824695778111e-17,11613.059471653769
QSO,1.532184,0.000502601,21.28554,0.03819229,0.09224088,21.09931,0.05373152,0.06381182,218898.16621230397,8.702461792096886e-17,9856.407490778289
QSO,2.581501,0.000916785,20.48799,0.02971481,0.1228375,20.24355,0.03276048,0.08497839,256429.58557481022,1.8141037672550763e-16,6826.665920427109
QSO,1.831926,0.0003817680000000001,19.7501,0.01474473,0.1875258,19.76411,0.01785929,0.1297295,233318.19113098376,3.579465040873018e-16,4859.937118929769
QSO,1.063812,0.000509555,20.28686,0.02735901,0.1902333,19.94722,0.0266576,0.1316025,185788.19142810354,2.1833035715105115e-16,6222.754250199521
QSO,2.008305,0.0003973,21.0716,0.04431605,0.1338486,20.42974,0.03298383,0.09259583,240131.66761699715,1.0597858709358902e-16,8931.6284850925
QSO,1.514235,0.000772149,20.92613,0.04522753,0.1281443,20.73842,0.04667555,0.08864962,217897.36313216455,1.2117307391617295e-16,8352.887844569848
QSO,1.2472219999999998,0.000521357,21.15125,0.06666936,0.2408794,20.84055,0.06214263,0.1666393,200687.62324220178,9.848228695034229e-17,9265.324838533395
QSO,1.006215,0.000202052,19.95011,0.01490377,0.3895105,19.69619,0.01747519,0.2694616,180469.66950218636,2.977241919388998e-16,5328.839625690278
QSO,1.817146,0.00026039,20.01237,0.01703406,0.2525094,19.87611,0.02280522,0.1746848,232697.11219925282,2.8113189835684464e-16,5483.8384223786825
QSO,1.5869799999999998,0.00049257,20.58613,0.02433235,0.190743,20.44442,0.03837037,0.13195510000000002,221848.01815689198,1.657319060812073e-16,7142.276352350744
QSO,1.350185,0.000951834,21.35394,0.05419192,0.2679006,21.07872,0.06151067,0.1853324,207879.0821205155,8.171130097210087e-17,10171.819620369048
QSO,1.7536310000000002,0.00035956800000000005,20.86629,0.03727164,0.09449711,20.73199,0.03906818,0.06537267,229930.98921485853,1.2803895625161497e-16,8125.847173814218
QSO,2.211531,0.0004649880000000001,21.64435,0.05328662,0.271425,21.63593,0.0781411,0.1877705,246797.18193619986,6.253427587070112e-17,11627.34744473069
QSO,2.18047,0.00046762,20.23816,0.02396969,0.11585919999999998,20.01828,0.02889631,0.08015086,245850.5857636018,2.28346376910162e-16,6084.74874942014
QSO,2.555096,0.00088388,20.4867,0.02359695,0.08902064,20.40434,0.03188264,0.06158407,255830.45405225598,1.8162604464116537e-16,6822.611628177614
QSO,1.541793,0.000510311,21.10201,0.03429341,0.0865205,20.89997,0.05052791,0.05985448,219426.8114319133,1.0305145432883035e-16,9057.58983421323
QSO,2.659112,0.001696254,20.59059,0.02323447,0.157881,20.35626,0.02919101,0.1092213,258123.07702349967,1.6505250697797682e-16,7156.96099118221
QSO,2.183456,0.000231581,19.48558,0.01294478,0.141871,19.25879,0.01326401,0.09814572,245942.64649677055,4.566948615326853e-16,4302.557174037404
QSO,2.266184,0.0008539289999999999,21.9714,0.08030894,0.2508794,21.68337,0.08514421,0.17355720000000002,248405.15269639762,4.6269853581834484e-17,13517.321711790426
QSO,1.0806870000000002,0.000410853,19.12762,0.01091066,0.1099993,18.94307,0.01107706,0.07609703,187284.32424098527,6.350532240526614e-16,3648.670539895781
QSO,1.957895,0.000673322,21.58812,0.06696394,0.1713119,21.71122,0.13018519999999995,0.1185127,238291.16230742665,6.585824072593269e-17,11330.123665607594
QSO,0.9467127,0.000590214,20.45547,0.02543338,0.330485,20.17961,0.03399954,0.22862800000000005,174610.06124864632,1.869261775577732e-16,6725.191418134369
QSO,1.478006,0.000428512,19.28167,0.01090073,0.09512744,19.22588,0.01309312,0.06580873,215823.02132290523,5.510488814898392e-16,3916.9195363668673
QSO,0.7129025999999999,7.75e-05,22.18224,0.167953,0.3400511,21.20059,0.12804970000000002,0.23524570000000006,147382.8155659799,3.810325921144094e-17,14895.622248442638
QSO,0.5966871,0.00019275,21.79243,0.0879706,0.4365725,20.70908,0.04997285,0.30201880000000003,130867.2091641539,5.45614778641569e-17,12447.916032246347
QSO,2.314648,0.01328842,20.10481,0.01864355,0.07191178,19.44422,0.01401191,0.04974824,249772.4071129515,2.5818685371098292e-16,5722.326714791349
QSO,1.264196,0.000253819,18.83824,0.008547385,0.1050089,18.47688,0.008736934,0.07264464,201926.34495106028,8.290144971274064e-16,3193.439185921431
QSO,2.5246880000000003,0.001908909,21.33625,0.03971967,0.14364960000000002,21.24217,0.04986901,0.09937611,255125.40068898533,8.305353560933848e-17,10089.291041188768
QSO,1.496437,0.000616779,19.66667,0.01353283,0.15750999999999998,19.62838,0.015631299999999997,0.1089647,216887.51799578872,3.865361576094434e-16,4676.755332565774
QSO,0.33822640000000004,2.49e-05,19.03055,0.009960935,0.1695939,18.62934,0.009196823,0.1173243,84952.91521291649,6.944454315163386e-16,3489.1581125002763
QSO,2.356851,0.000344489,21.80633,0.05356656,0.2674008,21.89337,0.07960304,0.1849866,250920.352505685,5.386741378018419e-17,12527.853037924073
QSO,1.1178290000000002,0.0004131130000000001,21.95372,0.06366625,0.5532794,21.30463,0.05363969,0.3827561,190482.87006922418,4.702947440999266e-17,13407.711303686074
QSO,3.319299,0.000287225,19.7592,0.01382143,0.03583712,19.37184,0.01401612,0.02479196,269289.0785041603,3.549589452386559e-16,4880.3464158793395
QSO,1.065914,0.000254243,19.1213,0.01048975,0.4815710999999999,18.72607,0.01004045,0.3331486,185976.04922908486,6.387606074153094e-16,3638.06664129799
QSO,2.379335,0.000441114,20.7949,0.0301802,0.06610661,20.88952,0.04280071,0.04573224,251516.33077023935,1.3674080277028044e-16,7863.042989965597
QSO,1.180825,0.000674775,22.16375,0.07695373,0.09078997,21.57279,0.06357905,0.06280808,195625.47439987882,3.8757711460364643e-17,14769.325096350254
QSO,3.4371080000000003,-1.0,21.31908,0.04696056,0.2337516,20.63153,0.03450305,0.1617083,270810.1001107409,8.43773973333594e-17,10009.828808951546
QSO,0.7937896,7.269999999999999e-05,19.49781,0.01369767,0.1137008,19.36657,0.0188239,0.07865769,157632.60815557372,4.515794031202845e-16,4326.858074442295
QSO,0.8304574,6.8e-05,20.55469,0.04028414,0.1330124,20.18537,0.03864532,0.09201735,161975.03997886096,1.7060121710991546e-16,7039.610819573463
QSO,2.625478,0.000526655,20.63496,0.02407783,0.09741089,20.5612,0.02949054,0.06738841,257401.26244633115,1.5844338976544084e-16,7304.704469138601
QSO,1.744444,0.001216672,21.99414,0.06470195,0.2265062,22.08837,0.1296001,0.15669589999999994,229517.396745531,4.531084122417083e-17,13659.621016899697
QSO,0.407297,9.61e-05,21.13364,0.06409541,0.2888159,19.54769,0.02741381,0.1998015,98622.19646935123,1.0009263563019132e-16,9190.48964596463
QSO,0.4259366,5.920000000000001e-05,20.17614,0.021988,0.1162201,19.82609,0.019804,0.08040053,102124.6152769172,2.4176984118109676e-16,5913.418969234736
QSO,1.607116,0.000553944,20.9714,0.03064079,0.09180487,20.99675,0.04138372,0.06351018,222893.5512463138,1.162246174001446e-16,8528.853411755761
QSO,1.727212,0.001150644,21.26527,0.03677368,0.2352391,21.36074,0.04989291,0.16273729999999995,228732.1025608842,8.86645726557717e-17,9764.82917335173
QSO,2.2779540000000003,0.0005370269999999999,20.18867,0.01891424,0.25066350000000004,19.9294,0.02169816,0.1734079,248742.15462391573,2.3899572090724415e-16,5947.639678610977
QSO,2.392102,0.000977257,21.5589,0.04829032,0.111656,21.40404,0.06842452,0.07724313,251850.04239665682,6.765472377281267e-17,11178.683239588208
QSO,1.6825849999999998,0.000291373,19.74727,0.01478022,0.1073609,19.72281,0.02066213,0.07427177,226639.00153969336,3.5888071807099394e-16,4853.607467406695
QSO,1.4785549999999998,0.000243592,19.71037,0.01409122,0.1070268,19.5463,0.01596072,0.07404063,215855.00873522068,3.712873264202828e-16,4771.826559812236
QSO,2.586526,0.000257489,20.82822,0.03698865,0.26581740000000004,20.46757,0.03844328,0.1838912,256542.25114831876,1.3260812218119347e-16,7984.62731490431
QSO,1.245955,0.000295558,19.23569,0.01090864,0.07238154,18.856720000000006,0.01111477,0.05007321,200594.28105438323,5.748865197630157e-16,3834.8523744407057
QSO,0.9893792,0.000542288,21.28791,0.04729122,0.1010189,20.90099,0.04668341,0.06988441,178850.60388658024,8.68348633538812e-17,9867.170896275009
QSO,0.7476834,4.23e-05,19.37518,0.01230545,0.08320248,19.28579,0.01416772,0.05755909,151907.3652060345,5.055756224287876e-16,4089.2781323674385
QSO,3.060643,0.0004843130000000001,20.3525,0.02239595,0.1467763,20.01358,0.02255974,0.1015391,265508.5633715436,2.0552190898174156e-16,6413.729656045477
QSO,2.1048400000000003,0.0006346559999999999,21.04951,0.05190182,0.2019101,20.87416,0.05479474,0.1396805,243440.65864747236,1.0815687365243378e-16,8841.229215185513
QSO,2.103716,0.000379239,21.69961,0.07641216,0.15430370000000002,21.50299,0.1029042,0.1067466,243403.6752569911,5.943114879749035e-17,11927.039295580858
QSO,0.9553565,0.000196301,20.76975,0.04545846,0.3411784,20.40788,0.03772357,0.2360256,175485.42376398665,1.399452380473172e-16,7772.498557427131
QSO,2.604117,0.000465808,21.55306,0.05592019,0.13947920000000005,21.41494,0.07233092,0.09649105,256933.3074651209,6.801960807168008e-17,11148.659463503987
QSO,1.004788,0.000266318,21.54216,0.06459494,0.13653900000000002,21.20553,0.07598235,0.09445705,180333.59773589202,6.870591459516835e-17,11092.837476877057
QSO,1.001653,0.000667733,20.80739,0.03134781,0.1453033,20.54679,0.03814102,0.1005201,180033.90895112968,1.3517678876293667e-16,7908.400412918371
QSO,1.131165,0.000323185,21.5195,0.05206831,0.2837768,21.04485,0.06254682,0.1963155,191600.5413145068,7.015491862359873e-17,10977.682102777775
QSO,1.630988,0.000565796,21.458,0.06046332,0.117534,21.55886,0.08739677,0.08130949,224107.339375141,7.424344664998759e-17,10671.135882896664
QSO,0.6293482,9.47e-05,19.92646,0.01662786,0.1198382,19.97953,0.02429903,0.08290353,135737.26318035342,3.0428050278718934e-16,5271.116927172483
QSO,2.507298,0.000472314,20.49054,0.02862802,0.2952993,20.23026,0.03213122,0.2042866,254714.74666689138,1.8098480958670441e-16,6834.687308720673
QSO,1.24232,0.001199668,21.50402,0.04600123,0.1305833,20.64627,0.03527053,0.09033696,200325.7995366172,7.11623244076266e-17,10899.702645108478
QSO,3.0322310000000003,0.0008530419999999999,20.89906,0.02854723,0.08808679,20.56677,0.03458827,0.06093803,265051.8097965449,1.2423218543698817e-16,8249.405466030028
QSO,2.243007,0.0007099469999999999,21.47979,0.04935889,0.2609851,21.25661,0.06256901,0.1805483,247732.02547516732,7.276828258654672e-17,10778.756229609035
QSO,2.649117,0.0005304859999999999,20.59144,0.02539986,0.3814801,20.45029,0.03169924,0.2639062,257910.46459896426,1.6492334141474876e-16,7159.763056553132
QSO,2.520898,0.000773472,21.93387,0.08205217,0.0710684,21.982,0.1022086,0.04916479,255036.36889932313,4.7897199918894404e-17,13285.70637997878
QSO,1.099476,0.00035293,21.15727,0.07541484,0.116467,20.6137,0.06819629,0.08057136,188918.3549902891,9.793775062939385e-17,9291.046852209853
QSO,1.078462,0.000366098,21.41088,0.07939762,0.2444044,20.8226,0.06703377,0.16907779999999994,187088.61720789442,7.753648788751266e-17,10442.071198988939
QSO,0.9300215,0.000417356,22.04901,0.06257944,0.3311616,21.7512,0.07096823,0.229096,172895.72266564867,4.307786046636477e-17,14009.177892313146
QSO,2.021242,0.000878628,21.988000000000003,0.06447157,0.1159556,22.04381,0.09315172,0.08021753,240591.16995212625,4.556780668624183e-17,13621.051975028602
QSO,1.609694,0.000273182,21.19108,0.05709879,0.3113462,21.33833,0.100569,0.2153879,223025.9637835365,9.493494982637134e-17,9436.841268713093
QSO,2.267552,0.0007422269999999999,20.53946,0.03363867,0.1881479,20.36073,0.04413924,0.1301599,248444.4874205928,1.7301116287565065e-16,6990.410023702542
QSO,1.2232040000000002,6.21e-06,21.00989,0.03053316,0.05793013,20.65084,0.03133499,0.04007579,198897.01136395126,1.121765619050581e-16,8681.377673278177
QSO,3.020776,0.000395108,20.8974,0.03561276,0.1112289,20.534370000000006,0.03663158,0.07694764,264865.12635572726,1.2442227135106804e-16,8243.101549804094
QSO,2.586195,0.000304818,19.57412,0.01231792,0.07106896,19.46004,0.01439861,0.04916517,256534.84296034084,4.209302382898983e-16,4481.6160839541635
QSO,3.044128,0.000315956,20.80181,0.0347647,0.08005992,20.53455,0.03899896,0.05538508,265244.14868198347,1.3587330056883692e-16,7888.104403633034
QSO,0.7947489999999999,0.000354326,21.27495,0.04879767,0.1713961,21.16398,0.05840535,0.1185711,157748.55693596034,8.787758739088873e-17,9808.456042913163
QSO,1.269378,0.000671348,21.71401,0.04873656,0.1967282,21.15944,0.04287272,0.1360957,202300.1885414228,5.864812406394252e-17,12006.395634276985
QSO,1.341966,0.000458151,21.47274,0.05412195,0.3006613,20.99853,0.04777664,0.2079961,207332.47816053356,7.324232552899405e-17,10743.818181202538
QSO,2.5153950000000003,0.000129988,20.75908,0.02677494,0.1875342,20.78532,0.03167733,0.1297353,254906.6348260281,1.4132732056116366e-16,7734.400380808465
QSO,2.488487,0.000776392,21.83713,0.05753898,0.05979992,21.7334,0.07528014,0.041369300000000005,254264.30398177344,5.236078213946545e-17,12706.813334788265
QSO,2.238837,0.000817105,21.20236,0.04179135,0.1033588,21.05949,0.06113509,0.07150318,247609.5582404405,9.395375136602775e-17,9485.989729625288
QSO,2.413624,0.000513612,21.10638,0.03447026,0.5683465999999999,20.80842,0.04255372,0.3931795,252405.03777614096,1.0263751419537294e-16,9075.836219652841
QSO,2.943755,0.000938302,22.26305,0.09726617,0.08465805,21.85817,0.09275689,0.05856605,263570.7734179736,3.537024965359073e-17,15460.39729719723
QSO,1.600699,0.000527259,21.631120000000006,0.06743349,0.15143579999999998,21.55498,0.07380687,0.1047626,222562.54009281239,6.330093504359018e-17,11556.721568276742
QSO,2.54438,0.000369099,21.65322,0.07790312,0.09405402,21.73903,0.1182702,0.06506614,255583.85433145665,6.202547876425082e-17,11674.939806396695
QSO,1.738173,0.00075469,21.64503,0.08144725,0.1162322,21.7347,0.1206278,0.08040887,229233.0618919079,6.249512271918555e-17,11630.989137039785
QSO,2.13446,0.000316173,18.82628,0.009736159,0.2403908,18.62104,0.01077047,0.1663013,244402.72991532274,8.381970445657635e-16,3175.898762897749
QSO,2.241808,0.001571977,21.97583,0.06091938,0.24888520000000006,22.06454,0.094538,0.1721776,247696.8552689727,4.6081448838420226e-17,13544.926418419744
QSO,2.21078,0.00024525400000000003,20.27654,0.02196932,0.1136793,20.18447,0.02901184,0.07864283,246774.58029018642,2.2041549675640197e-16,6193.250553114784
QSO,1.5758370000000002,0.000413281,19.48208,0.01239488,0.2243305,19.368170000000006,0.01450528,0.1551908,221260.7065455834,4.581694472994695e-16,4295.627857099734
QSO,0.4676663,4.93e-05,19.26513,0.01207779,0.3502229,19.25311,0.01648984,0.2422826,109692.11507089782,5.595077740709267e-16,3887.1978881527025
QSO,0.7170375,7.329999999999999e-05,20.86934,0.028985900000000005,0.09274606,20.40005,0.02425392,0.06416129,147930.2887997603,1.2767977985645798e-16,8137.268570339366
QSO,2.660678,0.000255128,20.105320000000006,0.01620758,0.1216268,19.91256,0.01824616,0.08414087,258156.24568483233,2.5806560476127e-16,5723.670839335666
QSO,1.177211,0.001785183,21.80849,0.05532866,0.04055846,21.55096,0.06484727,0.02805816,195339.66374577745,5.376035467035666e-17,12540.320903279162
QSO,1.71259,0.00052947,19.32085,0.01179312,0.07340973,19.24534,0.01310031,0.05078451,228055.8524150004,5.31518181861002e-16,3988.234170285777
QSO,0.1889315,4.84e-05,18.56114,0.01155259,0.06108816,17.91805,0.009480968,0.04226051,51368.80783165784,1.0700452049471252e-15,2810.856341835662
QSO,2.650682,0.000472342,20.51418,0.02164831,0.05523898,20.33385,0.02573602,0.03821407,257943.85970335256,1.7708677349360657e-16,6909.500460493712
QSO,2.290791,0.000311019,20.60604,0.02515002,0.04480299,20.5846,0.03314397,0.0309945,249106.05711360046,1.6272044572519108e-16,7208.064266312156
QSO,0.13788570000000006,2.57e-05,16.6094,0.003898526,0.04463914,16.194020000000002,0.00369952,0.03088115,38510.80755157662,6.458001256853105e-15,1144.1702468060641
QSO,3.172002,0.000378827,21.05526,0.03336675,0.13763979999999998,20.61403,0.03386212,0.09521857,267216.2369809933,1.0758559478713919e-16,8864.671573836342
QSO,2.893488,0.000256362,21.51406,0.04444581,0.16594820000000002,21.31443,0.05245142,0.1148022,262687.70621401176,7.050730666287656e-17,10950.215095173704
QSO,2.344493,0.00042877,21.33369,0.03979439,0.1252602,21.39602,0.05381278,0.08665442,250588.21108173355,8.324959419760449e-17,10077.40354680027
QSO,3.171676,0.000430227,20.80529,0.0245924,0.05662807,20.44178,0.0284661,0.03917503,267211.42205042636,1.3543849686485043e-16,7900.756008653243
QSO,2.4392080000000003,0.00030705,20.06791,0.01692228,0.056388,20.06534,0.02102078,0.03900896,253052.68351400967,2.6711244657131835e-16,5625.908313544413
QSO,1.248716,0.000233862,18.96622,0.008960429,0.05813996,18.73386,0.00907894,0.04022096,200797.5309104919,7.368347935848047e-16,3387.307705862885
QSO,3.14594,0.001271591,21.44556,0.03941303,0.04116315,21.01433,0.04015125,0.02847648,266827.9794913702,7.509899500606032e-17,10610.177518079689
QSO,0.7386313,0.000120411,19.23812,0.01028369,0.1051953,19.09133,0.01105133,0.07277359,150747.23242533705,5.736012977085027e-16,3839.1461924256078
QSO,0.6417623,6.04e-05,19.0659,0.009838475,0.05423516,19.14071,0.01218717,0.03751963,137540.03571119354,6.72199407301894e-16,3546.423940986258
QSO,2.051689,0.000440897,18.82887,0.008325823000000001,0.06408975,18.80573,0.009855865,0.04433699,241652.61416149838,8.361999268126817e-16,3179.689041417877
QSO,1.020417,0.000277434,18.18088,0.006720836,0.122079,18.02336,0.007138435,0.08445372,181812.3507727121,1.518819363008152e-15,2359.3189182189913
QSO,0.4846587000000001,0.000199552,20.5338,0.02655204,0.07822323,20.27542,0.02854183,0.05411446,112668.44189504054,1.7391543413582998e-16,6972.213061684114
QSO,2.429309,0.000250535,20.86087,0.0285837,0.2139308,20.8628,0.03976179,0.1479964,252803.63452280036,1.2867972532541812e-16,8105.590332137787
QSO,1.732148,0.000671448,21.59823,0.04803855,0.1454955,21.54755,0.0765595,0.1006531,228958.32524054724,6.524783790806031e-17,11382.997752732215
QSO,2.639991,0.00051582,20.39573,0.02271699,0.107602,20.22577,0.02841944,0.07443858,257714.9489530805,1.9749955671848591e-16,6542.69462023888
QSO,0.5879093000000001,6.54e-05,21.28418,0.07663342,0.09805341,20.36484,0.05480102,0.06783289,129526.25976832239,8.713369380512048e-17,9850.23632447765
QSO,2.980561,0.000289413,20.94149,0.03384922,0.07829005,20.76626,0.04392029,0.05416069,264197.9379569646,1.1947089721174217e-16,8412.181804504897
QSO,1.0941459999999998,0.000729543,21.069370000000006,0.03925417,0.10854460000000002,20.8645,0.04833706,0.07509067,188458.17808803704,1.0619648082922179e-16,8922.460831038688
QSO,1.294294,2.43e-05,25.03323,0.7847739,0.2177447,22.50575,0.2263415,0.1506348,204069.99626502531,2.7578213232426833e-18,55367.72129298634
QSO,1.453661,0.000327904,20.35096,0.02392706,0.2539909,19.79162,0.02175377,0.17570970000000002,214387.00403081192,2.0581362653510128e-16,6409.182675831316
QSO,0.5625859999999999,6.7705350000000015,23.44531,0.6243331,0.186782,22.06767,0.2792218,0.1292149,125579.34528264006,1.1905129536383057e-17,26648.492745848638
QSO,2.102952,0.000886042,20.93125,0.0384509,0.17676960000000005,20.45675,0.042764599999999986,0.1222884,243378.51701241874,1.2060300394005836e-16,8372.60591420686
QSO,0.405937,4.52e-05,21.14603,0.06753536,0.1308869,19.59,0.02530672,0.09054694,98363.62566702976,9.895690989178751e-17,9243.078684393724
QSO,1.489345,0.000344261,19.24832,0.01101655,0.1430448,18.95602,0.01094791,0.09895776,216480.1933741005,5.682378064879771e-16,3857.222133025314
QSO,0.9941301,0.000318638,20.23237,0.02027317,0.2056299,19.90587,0.02083005,0.1422538,179310.53157049036,2.2956735222477632e-16,6068.546025694796
QSO,1.578696,0.000417797,20.90218,0.02791681,0.06316858,20.60116,0.02932532,0.04369973,221411.99503582282,1.2387570102131222e-16,8261.266839102114
QSO,1.319331,0.000518925,20.7224,0.02415284,0.2415739,20.50833,0.02546879,0.1671197,205803.26405565668,1.461834223903926e-16,7604.849960984402
QSO,2.357442,0.000913774,21.72015,0.06072616,0.1122867,21.61684,0.08992256,0.07767942,250936.15474824165,5.831739622348632e-17,12040.392654241934
QSO,2.44426,0.000558828,20.09101,0.01585208,0.11154669999999997,19.94668,0.01906735,0.0771675,253179.0457927673,2.614894220643745e-16,5686.075868341281
QSO,1.770312,0.0006478030000000001,22.17314,0.1024225,0.08145944,21.98491,0.13786489999999998,0.05635326,230673.08180377085,3.842396032560209e-17,14833.329707747527
QSO,1.323744,0.00026527,19.8711,0.01545125,0.1036256,19.51583,0.01514908,0.07168771,206104.18477227664,3.201976389332092e-16,5138.432431760841
QSO,1.546295,0.001967537,22.072370000000006,0.1113819,0.2660231,21.93652,0.1166652,0.1840335,219672.80226518892,4.21609244741753e-17,14160.697649980924
QSO,1.847325,0.000420783,20.71435,0.02397609,0.1334856,20.71434,0.03126447,0.0923447,233956.5272510976,1.4727130160825015e-16,7576.709742597304
QSO,1.399756,0.000370881,20.83856,0.02808395,0.1906488,20.28564,0.02377824,0.13189,211081.09565294953,1.3135122432582375e-16,8022.738748331527
QSO,2.539145,0.000116658,18.1604,0.006402721,0.1374195,18.08854,0.007034751,0.09506616,255462.65002064616,1.5477404223125963e-15,2337.1718676954024
QSO,0.7690116,0.000183538,20.37791,0.01975746,0.09488107,19.97182,0.0188561,0.06563828,154593.48970959277,2.0076783012021814e-16,6489.222272460562
GALAXY,0.1857025,5.08e-05,20.27926,0.03302702,0.4045242,19.03009,0.01711092,0.279848,50577.06922420303,2.1986400017736266e-16,1.3865886862157086
GALAXY,0.35303759999999995,6.74e-05,20.41617,0.05136408,0.06821281,18.74046,0.01779921,0.0471893,87978.19310821325,1.938162226494811e-16,1.476827097123687
GALAXY,0.5270418,9.89e-05,22.38628,0.1918816,0.09434251,20.59653,0.05853208,0.06526572,119837.26263170657,3.1575201098500823e-17,3.65890936993403
GALAXY,0.3979424,0.000153168,20.557920000000006,0.06915754,0.2840845,18.78533,0.02308629,0.1965283,96835.24513927242,1.7009444292044039e-16,1.5764480087093196
GALAXY,0.6132970999999999,0.000307251,21.39559,0.2192976,0.1733137,19.90453,0.08991052,0.1198976,133367.18422343326,7.863612877422477e-17,2.318534978649506
GALAXY,0.4252467,5.85e-05,21.29196,0.08026472,0.1449923,19.38555,0.02311297,0.100305,101996.34844955795,8.651155637435187e-17,2.210485407592647
GALAXY,0.3796506,0.000111894,22.41358,0.2183558,0.1669442,20.700470000000006,0.06947809,0.1154912,93283.70015985845,3.0791165299765144e-17,3.7051999735437855
GALAXY,0.5207018,0.000129176,22.35098,0.2147507,0.1702912,20.59695,0.05327788,0.1178066,118787.54682883379,3.261866069765258e-17,3.5999100746750825
GALAXY,0.08594754,2.18e-05,17.73551,0.0070906469999999985,0.2267572,16.72074,0.004775353,0.15686960000000005,24662.897165991453,2.289043917991525e-15,0.42973195808997555
GALAXY,0.3704939,8.68e-05,21.075570000000006,0.07943416,0.2997744,19.16266,0.02322286,0.2073825,91476.92576365802,1.055917834521709e-16,2.000827520434525
GALAXY,0.1191471,1.4300000000000004e-05,17.57384,0.006398648000000001,0.03936741,16.632189999999998,0.004714395,0.02723419,33604.88140966195,2.6565752682436784e-15,0.39889964726677485
GALAXY,0.4475621,9.92e-05,21.20506,0.1053447,0.1194686,19.53099,0.03576816,0.08264784,106092.79516126757,9.372039820874375e-17,2.123770833954627
GALAXY,0.07138645,3.78e-05,18.07831,0.009790926,0.1172912,17.220679999999998,0.007305414,0.08114152,20639.056713188485,1.6692989692016632e-15,0.5032197206094883
GALAXY,0.0668576,8.62e-06,17.0965,0.005732131,0.1064384,16.45397,0.004839721,0.07363362,19374.777999296497,4.123425242222197e-15,0.32018107047183814
GALAXY,0.3437624,9.32e-05,21.44626,0.08824751,0.1370887,19.46261,0.02236731,0.09483733,86089.8261201601,7.505059249946963e-17,2.3732727478210385
GALAXY,0.5799395,0.00019851,21.94168,0.1560869,0.1129799,20.66096,0.07979874,0.078159,128296.71897481135,4.755389836006409e-17,2.9814782965468276
GALAXY,0.1098884,2.7e-05,17.0571,0.0073391440000000014,0.09268127,16.01001,0.004857689,0.06411647,31143.440937426654,4.275807307853334e-15,0.31442397388267024
GALAXY,0.6136358000000001,0.000158364,22.23128,0.2701571,0.1953532,20.41953,0.07982648,0.1351444,133417.6574723527,3.64205185734217e-17,3.4068393299686215
GALAXY,0.05607055,1.6899999999999994e-05,16.8722,0.005193904,0.1216733,15.90314,0.003743742,0.08417303,16338.968689745998,5.069651725153995e-15,0.28875908187331656
GALAXY,0.2865797,4.06e-05,19.90904,0.02574253,0.1157832,18.41264,0.01123052,0.08009829,73984.53488805484,3.0920187954771146e-16,1.1692399677285203
GALAXY,0.7482846,0.000167318,20.86066,0.03032933,0.1515944,20.54747,0.03081737,0.1048723,151983.98825705686,1.2870461659799394e-16,1.8122898256029412
GALAXY,0.5470278000000001,0.00013156,21.64387,0.1516174,0.1228364,19.83308,0.04742622,0.08497766,123095.4972196842,6.256192815709113e-17,2.599379276902622
GALAXY,0.3344652,7.190000000000001e-05,20.45814,0.03680781,0.07779897,18.76411,0.01292527,0.05382097,84176.274503099,1.8646706076700129e-16,1.5056486957452215
GALAXY,0.1736871,1.6e-05,18.14779,0.01055731,0.02553719,17.28676,0.006786044000000001,0.01766651,47605.50815157379,1.5658210428954935e-15,0.5195814675881851
GALAXY,0.5045422,0.000208862,23.35986,0.3320143,0.1921293,21.14204,0.06824971,0.1329142,116076.2431474609,1.2879948461047379e-17,5.728852653107298
GALAXY,0.09975446,2.57e-05,18.66142,0.009027457,0.1390222,17.70534,0.006224759,0.09617494,28420.742441939998,9.756411854191532e-16,0.6582330011485388
GALAXY,0.1913374,4.44e-05,19.14845,0.01397356,0.1446849,17.839489999999994,0.007781296999999999,0.1000924,51956.85144318103,6.22985767729867e-16,0.823731458819713
GALAXY,0.5198545,0.000159264,21.79262,0.1452706,0.07083096,20.02121,0.04667002,0.04900052,118646.66396522605,5.4551930633682866e-17,2.783682199250841
GALAXY,0.2756119,2.92e-05,20.97746,0.07927071,0.2014001,19.88781,0.04268292,0.1393276,71569.18791766942,1.1557772061459257e-16,1.912439267210342
GALAXY,0.5672034,0.000167917,21.86858,0.09851046,0.09534751,20.6677,0.04478934,0.06596097,126307.80212140645,5.086582879816688e-17,2.88278100832878
GALAXY,0.3953621,6.69e-05,21.34838,0.07962209,0.10960839999999998,19.42845,0.02249527,0.07582662,96338.87274247245,8.213081363201126e-17,2.2686716932103845
GALAXY,0.7887887,4.16e-05,22.66113,0.15902049999999998,0.0452621,22.16405,0.1411975,0.03131211,157026.15700252124,2.4513545247181823e-17,4.152614846060902
GALAXY,0.5716331,0.000170075,21.69141,0.09620689,0.09114787,20.60656,0.05373508,0.06305567,127002.9397103016,5.988170055672553e-17,2.6569149485548067
GALAXY,0.06479508,8.75e-06,17.48443,0.00627513,0.06655209,17.04786,0.00608435,0.04604042,18796.989860550988,2.8846034938853626e-15,0.3828085703886497
GALAXY,0.4609471,0.00017329599999999998,21.0791,0.07696715,0.04261195,19.85156,0.03828546,0.02947875,108498.64166353612,1.0524903563161886e-16,2.0040827610072753
GALAXY,0.4755262,0.000140896,21.76911,0.1048157,0.03710541,20.20493,0.0410084,0.02566935,111076.2457715537,5.574605323642982e-17,2.7537065162809222
GALAXY,0.08571646,1.44e-05,16.99835,0.005214114000000001,0.315349,16.19741,0.004001598,0.218157,24599.527879139885,4.5135486216316195e-15,0.30603116268675157
GALAXY,0.6247898000000001,0.000169811,22.24197,0.1617121,0.10623230000000003,20.66067,0.05922534,0.07349101,135068.69772293986,3.60636870084732e-17,3.4236523016082225
GALAXY,0.3163164,6.25e-05,20.14088,0.03687811,0.1314259,18.58401,0.014264,0.09091981,80380.38965244767,2.497503613201926e-16,1.3009830917382608
GALAXY,0.06367195,1.27e-05,18.24016,0.01301275,0.132714,17.77393,0.01195653,0.09181091,18481.82940940807,1.4381166857168136e-15,0.5421602242651166
GALAXY,0.2482069,2.05e-05,20.09954,0.02476628,0.186094,19.10196,0.01530308,0.1287389,65398.353591872255,2.5944310015887177e-16,1.276449543300556
GALAXY,0.8092545,6.96e-05,22.69302,0.1457392,0.1299133,22.39128,0.1468991,0.08987344,159486.22478360817,2.3804010063832836e-17,4.214049689896034
GALAXY,0.5008039000000001,0.000186185,22.04833,0.2410998,0.1670887,19.99026,0.05526361,0.1155912,115441.6278568433,4.31048487163984e-17,3.1315665990417365
GALAXY,0.5222359000000001,0.000133565,22.46181,0.2018826,0.09679644,20.53592,0.05602367,0.06696333,119042.26806470157,2.9453311137846694e-17,3.788415913945066
GALAXY,0.1696964,1.58e-05,18.79372,0.01637646,0.06992685,18.01737,0.01344505,0.04837507,46609.64749370509,8.637143302147195e-16,0.6995836520431822
GALAXY,0.6434751,0.000332162,24.55509,1.093122,0.07124864,21.9602,0.222701,0.04928948,137786.72159349496,4.283730349242964e-18,9.933759749828688
GALAXY,0.04393075,1.33e-05,17.58986,0.006949842,0.06627929,17.12835,0.0073927390000000015,0.04585171,12881.088328065087,2.6176653555306614e-15,0.40185340473894415
GALAXY,0.7907708999999999,0.000191941,23.10806,0.2619712,0.112227,21.57948,0.1011849,0.07763810000000003,157266.95045553424,1.6241798761289e-17,5.10161466362658
GALAXY,0.6712314,0.000190683,22.06469,0.1616477,0.04086445,20.54731,0.07029662,0.02826984,141716.35968360002,4.246020877118935e-17,3.1552491054296476
GALAXY,0.13583,1.21e-05,18.12953,0.008239208,0.1457631,17.34396,0.0061672490000000005,0.1008382,37977.535891834836,1.5923778400711667e-15,0.5152306047787889
GALAXY,0.15579500000000002,2.68e-05,18.32806,0.01243859,0.03105748,17.55568,0.008868055,0.02148542,43105.67815373043,1.3262766547622497e-15,0.5645568123458379
GALAXY,0.1950325,3.2899999999999987e-05,19.14075,0.01169384,0.05821745,17.89689,0.007206055,0.04027456,52856.88895979276,6.274196631000279e-16,0.8208156953582507
GALAXY,0.14783139999999995,2.94e-05,18.54116,0.009698376,0.05297851,17.423579999999998,0.006035558000000001,0.03665029,41073.779359728636,1.0899187533574295e-15,0.6227699550574106
GALAXY,0.4290839,0.000103285,21.73002,0.07154322,0.03120416,20.23232,0.03033906,0.02158689,102708.44217462197,5.778965811844585e-17,2.7045788797715944
GALAXY,0.7188011,0.000217835,22.8637,0.209032,0.03210654,21.58801,0.1148476,0.02221115,148162.99895220957,2.0341272845270928e-17,4.558643730067431
GALAXY,0.214697,3.83e-05,18.95533,0.01187773,0.04025183,17.66553,0.006956191,0.02784603,57583.76145415235,7.442624790626023e-16,0.7536360285239495
GALAXY,0.304617,6.23e-05,20.55776,0.04001368,0.0387574,18.9143,0.01722737,0.02681219,77890.43957098173,1.7011951081090242e-16,1.5763318560066744
GALAXY,0.06240694,7.18e-06,19.05551,0.01043173,0.02363591,18.8149,0.01103772,0.01635121,18126.408249697855,6.786629260061077e-16,0.7892192183944036
GALAXY,0.6222496,0.000116531,22.36414,0.1611588,0.02338134,20.86223,0.06407057,0.0161751,134694.58498330225,3.222568259363093e-17,3.6217932273591695
GALAXY,0.6062819,6.74e-05,22.18966,0.1104876,0.04668702,21.20775,0.06932892,0.03229786,132317.25934619716,3.784374654759103e-17,3.3421631947787973
GALAXY,0.5377008000000001,0.000137014,20.28877,0.06283076,0.07560288,19.45614,0.0431466,0.05230172,121584.49738065251,2.1794661347770244e-16,1.3926745916620078
GALAXY,0.2898868,2.37e-05,20.04212,0.02698451,0.08316966,18.49798,0.01127928,0.05753639,74706.81904986007,2.7353324974943094e-16,1.2431388879033665
GALAXY,0.5502670000000001,0.000196006,22.20616,0.1848156,0.2043084,20.51732,0.05672463,0.1413396,123616.38672699739,3.727298076584093e-17,3.3676554539792036
GALAXY,0.2282178,3.84e-05,19.47934,0.02059774,0.09693772,17.99571,0.00917734,0.06706106,60772.97098471639,4.59327159161924e-16,0.9593203390661933
GALAXY,0.04311106,1.42e-05,16.41901,0.003549364,0.06424601,15.59407,0.002932245,0.04444509,12646.02695471229,7.695806247437081e-15,0.23436764292790452
GALAXY,0.1816143,4.6e-05,19.4585,0.02024741,0.06665702,18.25799,0.01120418,0.04611302,49570.512934072285,4.682288024435543e-16,0.95015761268099
GALAXY,0.4559106,1.76e-05,21.45386,0.05575658,0.05327762,21.08557,0.05394012,0.03685721,107597.82675422811,7.45270833405606e-17,2.3815935874276586
GALAXY,0.4954625,0.000131017,21.37373,0.0936944,0.06824032,19.54714,0.030785900000000005,0.04720834,114530.00050730759,8.023541905603937e-17,2.29531160401877
GALAXY,0.5844988,0.000167505,21.68606,0.1629092,0.03500126,20.16125,0.05938538,0.02421371,129001.51310510244,6.0177497734897e-17,2.6503769890167037
GALAXY,0.3092647,9.19e-05,21.59299,0.09251011,0.0494765,19.980320000000006,0.03772471,0.03422762,78883.66441352395,6.556349933376566e-17,2.539180956516892
GALAXY,0.1785558,3.64e-05,18.83203,0.01196759,0.05106866,17.64134,0.006991092,0.03532907,48814.44265425133,8.337697322707391e-16,0.7120355089413309
GALAXY,0.4900109,7.120000000000001e-05,21.45351,0.08368164,0.05454735,20.33337,0.04580441,0.0377356,113593.62322240723,7.455111190645746e-17,2.381209750829621
GALAXY,0.5002572,9.72e-05,22.44683,0.1917396,0.2884409,20.50818,0.04902118,0.199542,115348.58510573131,2.986249741771023e-17,3.762371294792742
GALAXY,0.07580969,9.72e-06,18.11051,0.007994507,0.06311017,17.36802,0.006555322,0.04365933,21867.998233909566,1.6205189920122557e-15,0.5107373893908065
GALAXY,0.5258025,9.08e-05,21.65091,0.08682504,0.1291393,20.47662,0.0536541,0.08933798,119632.68760557183,6.215758395030045e-17,2.607820243583624
GALAXY,0.5831683000000001,0.000218566,22.65681,0.17524779999999998,0.04593536,21.33574,0.08924724,0.03177787,128796.22911136683,2.461127568368897e-17,4.144361707146697
GALAXY,0.4827755,0.000117347,21.37716,0.1223632,0.182181,19.401020000000006,0.03605985,0.126032,112341.52001154337,7.998234355468946e-17,2.2989400820822694
GALAXY,0.6760005,0.000193225,22.30535,0.1998541,0.2035573,20.96093,0.0942236,0.14082,142378.85072740103,3.401873226132232e-17,3.5250530095962604
GALAXY,0.1388517,1.6899999999999994e-05,18.31975,0.008729490999999999,0.07085268,17.53884,0.006708963,0.04901556,38760.98096898562,1.3364666478419195e-15,0.5624004406365036
GALAXY,0.5201534999999999,0.000118967,22.02695,0.1037405,0.1100231,20.26122,0.03471719,0.07611347,118696.39557056631,4.396206916599298e-17,3.1008849433694183
GALAXY,0.3364381,7.070000000000001e-05,19.59651,0.03083067,0.12721780000000002,17.79514,0.01034312,0.08800866,84584.07999279707,4.123387264247107e-16,1.0125061091141023
GALAXY,0.5246605,0.000178245,22.52008,0.1491409,0.1821239,20.87798,0.05567327,0.1259924,119443.90949370543,2.791426037932423e-17,3.891451770296692
GALAXY,0.1245562,3.17e-05,18.54434,0.01092286,0.07394665,17.48005,0.007031179,0.05115595,35031.413699259916,1.0867311734513777e-15,0.6236826349769313
GALAXY,0.2835333,5.23e-05,19.39381,0.02302833,0.09090568,17.8967,0.009587326,0.06288813,73316.73047261845,4.969745226079103e-16,0.9222690875526416
GALAXY,0.4784285,9.51e-05,21.3822,0.0845102,0.1849878,19.63837,0.02898442,0.1279737,111584.10522277483,7.961192500107222e-17,2.304282132352858
GALAXY,0.08931669,6.53e-06,17.59751,0.005222584000000001,0.357675,17.021160000000002,0.0046873290000000005,0.2474379,25585.039841927264,2.599286344486433e-15,0.40327161295289277
GALAXY,0.5091523,0.000146024,22.59491,0.2269695,0.3050629,20.7357,0.06406898,0.2110411,116855.0127146227,2.6055182843945382e-17,4.027890469630562
GALAXY,0.1812152,3.35e-05,18.69715,0.01101584,0.07879702,17.54113,0.007198541,0.05451141,49472.00183808525,9.440568008982848e-16,0.6691533434605084
GALAXY,0.3093842,4.72e-05,20.22203,0.034894199999999986,0.09219471,18.59347,0.01357996,0.06377988,78909.13098141029,2.3176407870490787e-16,1.3505219659216157
GALAXY,0.4904093,0.000114789,21.912,0.1402501,0.13942449999999998,20.23067,0.04835629,0.09645322,113662.25732093112,4.8871776408482224e-17,2.941004251209146
GALAXY,0.4886892,0.000134879,21.99587,0.1366403,0.03969071,20.14574,0.04144572,0.02745785,113365.69705688221,4.523870092246433e-17,3.056818494515114
GALAXY,0.21635170000000006,1.21e-05,18.61943,0.01004013,0.06261694,17.830170000000006,0.007823948,0.04331812,57976.710771645114,1.0141124750598045e-15,0.6456269525337165
GALAXY,0.1566558,3.46e-05,18.49998,0.01125806,0.06246814,17.34684,0.006619101,0.04321517,43324.23334589992,1.13205134543509e-15,0.6110709699870865
GALAXY,0.05350872,2.84e-05,18.23133,0.008286599,0.17178020000000002,17.420939999999998,0.006468392,0.1188368,15612.912754219386,1.4498601898689799e-15,0.5399600790847532
GALAXY,0.6518145000000001,0.000176272,23.07745,0.3018389,0.09278278,21.33858,0.09290753,0.06418669,138980.78027333555,1.670621726808802e-17,5.030204625985526
GALAXY,0.5143766,0.000173025,22.81944,0.2544993,0.13011889999999998,20.644170000000006,0.05233901,0.09001566,117732.43515247537,2.1187617557864386e-17,4.466667783946318
GALAXY,0.1002389,1.3800000000000003e-05,17.11954,0.007206781,0.1431596,16.220679999999998,0.005286615,0.09903713,28551.579385325735,4.036845472042776e-15,0.32359637826072174
GALAXY,0.1804832,2.59e-05,18.78006,0.009914413,0.08439714,17.43531,0.005739714,0.05838555,49291.20490376382,8.746496470071649e-16,0.6951966205501182
GALAXY,0.3619696,6.57e-05,21.00205,0.04126654,0.04689557,19.66528,0.02109589,0.03244214,89777.37344401472,1.1298950998834552e-16,1.934219032029651
GALAXY,0.5509166,0.00017036,22.4354,0.17276789999999995,0.06260405,20.86841,0.06958669,0.0433092,123720.6087845451,3.017853304273422e-17,3.74261929518019
GALAXY,0.04102581,1.15e-05,15.89675,0.003768113,0.08960672,15.143820000000002,0.003170003,0.06198951,12047.1393043752,1.2449678179799044e-14,0.1842661883366255
GALAXY,0.126151,2.55e-05,17.50155,0.009367543,0.07300954,16.64911,0.006907966999999999,0.05050766,35450.395239244725,2.8394754961703e-15,0.3858385815046588
GALAXY,0.4183567,7.509999999999998e-05,21.03759,0.06639911,0.1296718,19.23726,0.02295357,0.08970632,100709.61340008996,1.0935084042762032e-16,1.9661364394538192
GALAXY,0.276793,3.88e-05,20.0399,0.03004658,0.08206034,18.48594,0.01196979,0.05676897,71830.7696004844,2.7409311415248567e-16,1.2418686170594138
GALAXY,0.13552999999999998,3.61e-05,18.553420000000006,0.01171428,0.2079139,17.45833,0.0072159009999999985,0.1438339,37899.61129548921,1.0776807495854592e-15,0.6262960206238432
GALAXY,0.07787939,8.42e-06,16.9386,0.004435545999999999,0.1309066,16.49329,0.004159856,0.09056057,22441.053946243715,4.76889900602057e-15,0.2977252388045476
GALAXY,0.4360028,6.15e-05,21.81254,0.132069,0.1143259,20.09209,0.0451539,0.07909015,103984.31175387447,5.356019200278727e-17,2.809335791852201
GALAXY,0.06730211,7.58e-06,18.98861,0.01212096,0.05837638,18.73779,0.01314428,0.04038451,19499.136619715,7.21795425309706e-16,0.7652752224615864
GALAXY,0.4880393,8.53e-05,20.99319,0.1452246,0.15267879999999998,19.35651,0.05308363,0.1056225,113253.49188294362,1.139153175681454e-16,1.9263431471450791
GALAXY,0.08435689,1.47e-05,17.57231,0.006005796,0.0913552,16.6943,0.004428884,0.06319911,24226.37368660991,2.660321505442856e-15,0.39861868514338966
GALAXY,0.08463183,9.38e-06,17.90318,0.01001256,0.1745884,17.21666,0.00810839,0.12077939999999998,24301.87891754725,1.961490121209871e-15,0.46422834292636705
GALAXY,0.03012149,8.48e-06,18.30365,0.009391125,0.34749990000000003,17.73405,0.008211923000000001,0.2403988,8894.253920520725,1.3564323073426802e-15,0.5582460416137383
GALAXY,0.08107009,1.6100000000000002e-05,17.444029999999998,0.006161229,0.12885080000000002,16.60592,0.0049154540000000005,0.08913838,23322.015245849285,2.9939609060760943e-15,0.37575230404172966
GALAXY,0.4751515000000001,0.000183762,21.21729,0.1312489,0.1932092,19.70019,0.04963737,0.1336612,111010.5519771915,9.267063207425918e-17,2.1357659200002304
GALAXY,0.3608707,0.000100458,21.67308,0.09746157,0.1920809,19.69619,0.02690215,0.1328807,89557.03715899747,6.090123858126975e-17,2.634581587296606
GALAXY,0.1960061,2.71e-05,18.88102,0.01547858,0.1913643,17.3261,0.006576487,0.1323849,53093.408801980535,7.969849588141798e-16,0.7282821275874862
GALAXY,0.5768622,0.00016546,22.47869,0.1613191,0.04313492,20.55302,0.0457231,0.02984054,127818.88007592212,2.899894012063096e-17,3.817980028227322
GALAXY,0.1509013,3.4e-05,18.50882,0.01029122,0.1467308,17.45523,0.006247048000000001,0.1015077,41859.190664714566,1.1228716711908902e-15,0.613563692302164
GALAXY,0.2827401,5.14e-05,19.95368,0.03650413,0.14000479999999998,18.32092,0.01294511,0.09685465,73142.46461676867,2.967468552170645e-16,1.1935253626332014
GALAXY,0.6896840999999999,0.000348108,22.85921,0.3008119,0.1201938,21.39384,0.1156643,0.08314953,144259.4143439693,2.0425567193246932e-17,4.549227463273377
GALAXY,0.08709119,2.25e-05,17.98741,0.006947945,0.1100404,17.0975,0.00493364,0.07612541,24976.290270516565,1.8150731199096375e-15,0.4825892597779264
GALAXY,0.1034185,3.81e-05,18.3947,0.009735448,0.06974825,17.4996,0.006855101999999999,0.04825152,29408.620655882027,1.247320686887997e-15,0.5821510059852779
GALAXY,0.3503986,6.6e-05,20.89826,0.06360332,0.09616107,19.19687,0.02275654,0.06652378,87442.9991773507,1.2432375682603462e-16,1.8439436804898717
GALAXY,0.5772026,0.000182104,22.66629,0.1486988,0.06504018,21.39996,0.07408103,0.04499449,127871.8219365751,2.4397320150646568e-17,4.162494304542498
GALAXY,0.1495905,7.57e-06,19.67768,0.01549841,0.1241489,19.16723,0.01340199,0.08588563,41524.1597491358,3.826362619748115e-16,1.051070028548145
GALAXY,0.09207308,1.76e-05,17.83756,0.006322151999999999,0.135923,16.859170000000002,0.004420715,0.09403091,26336.9899926597,2.0836948829328693e-15,0.45040961432550936
GALAXY,0.1927191,7.400000000000001e-06,18.75768,0.009552757,0.03383924,18.38235,0.009563113,0.02340983,52293.84071967426,8.92865670426194e-16,0.6880684621655375
GALAXY,0.6188596,0.00017670099999999995,22.31571,0.2019983,0.0682205,20.55011,0.06331258,0.04719462,134193.58059508493,3.3695672246837384e-17,3.5419110660534305
GALAXY,0.04343932,1.1e-05,18.02203,0.007233263,0.02389159,17.26784,0.005568121,0.01652809,12740.185676380277,1.758110328028415e-15,0.4903448883111139
GALAXY,0.6117812,0.000284299,22.87252,0.2452726,0.08858148,21.42176,0.1109428,0.06128026,133141.0384815371,2.0176699466873787e-17,4.577197502276467
GALAXY,0.6310420999999999,0.000338221,23.6111,0.4382547000000001,0.09429646,21.62145,0.1162038,0.06523386,135984.79490252121,1.0219228857692255e-17,6.431550029760668
GALAXY,0.4978326,0.000146348,21.83594,0.1235552,0.02274608,19.95348,0.03484469,0.01573564,114935.21912336892,5.241820261546581e-17,2.839773173887588
GALAXY,0.07115060000000001,5.2e-06,17.05132,0.004112054,0.04636953,16.7491,0.004263502,0.03207823,20573.36636612251,4.298630593013862e-15,0.31358815668426254
GALAXY,0.4906289000000001,0.000220784,22.26014,0.15540510000000002,0.0371729,20.68356,0.06025283,0.02571604,113700.07497817511,3.546517647178371e-17,3.4524202261527455
GALAXY,0.0108324,1.11e-05,19.3348,0.01976063,0.03933958,18.91464,0.02026978,0.02721494,3229.883885990597,5.24732695215552e-16,0.8975438020804015
GALAXY,0.1309201,3.04e-05,18.4059,0.009093788,0.05059857,17.37602,0.005769776999999999,0.03500386,36698.94937556433,1.234519985885969e-15,0.5851613757312784
GALAXY,0.4164219,7.240000000000001e-05,20.71828,0.05115588,0.03916506,18.87113,0.01518121,0.02709421,100346.39835979929,1.4673919262279963e-16,1.6972728034321065
GALAXY,0.6151131,5.97e-05,21.09191,0.0534192,0.1771929,19.93941,0.02779523,0.1225812,133637.5715019129,1.0401455734937378e-16,2.0159402326888562
GALAXY,0.6605619,0.000151817,23.10133,0.2349615,0.1731734,21.28708,0.07012634,0.1198005,140220.8360272575,1.6342787178304552e-17,5.085827810275799
GALAXY,0.5860806,0.000244863,21.638070000000006,0.1129596,0.1414696,20.87247,0.0806375,0.09786803,129245.15345097307,6.289702807017153e-17,2.59244560225297
GALAXY,0.6509381,0.00025770700000000003,22.58902,0.2653028,0.1859298,20.83466,0.08501384,0.1286254,138855.84065781467,2.6196913446196384e-17,4.016979841231282
GALAXY,0.4840971,0.000128615,22.20833,0.13347520000000002,0.363356,20.63993,0.04676903,0.251368,112571.0246212526,3.7198559746992136e-17,3.3710225080335325
GALAXY,0.06968947,5.88e-05,18.37886,0.01582783,0.1289472,17.78422,0.01586447,0.08920504,20166.037021912092,1.2656514621959457e-15,0.5779199041635499
GALAXY,0.24228920000000004,4.85e-05,19.34758,0.01736767,0.3906957,17.89989,0.008103942,0.2702814,64040.0686094521,5.185923729329846e-16,0.9028417882136881
GALAXY,0.3589381,0.000102588,21.24667,0.06113674,0.3031448,19.25707,0.0172351,0.2097142,89168.84872598544,9.019659133368804e-17,2.1648591835183373
GALAXY,0.1527957,6.03e-05,20.30575,0.02111541,0.2202848,19.10842,0.0123787,0.152392,42342.52370929285,2.1456462660908782e-16,1.4036074099290885
GALAXY,0.200905,3.09e-05,18.92774,0.01380236,0.1959383,17.793979999999994,0.008037159,0.1355492,54279.56418301984,7.634175246816939e-16,0.7441211563465021
GALAXY,0.6079866999999999,0.00016680200000000002,24.13939,0.7507696,0.2329637,21.39581,0.1096015,0.1611632,132573.201425419,6.2820606534024115e-18,8.20301776857725
GALAXY,0.4931216,0.000140841,21.95765,0.1517859,0.07412846,20.0499,0.04580072,0.05128172,114128.66064807201,4.685955124341986e-17,3.003486279020983
GALAXY,0.1065077,3.84e-05,17.658360000000005,0.01034973,0.376783,16.62538,0.006959921,0.2606568,30238.470632670185,2.4576165626223647e-15,0.41473210143007583
GALAXY,0.460769,9.38e-05,21.8376,0.1054258,0.06754515,20.11804,0.03549365,0.04672742,108466.87839372217,5.233812079530302e-17,2.841944891909096
GALAXY,0.5131257,0.000108668,21.61049,0.16404870000000002,0.08053979,19.76664,0.04763802,0.05571706,117522.83805867168,6.451521147698841e-17,2.559727016922279
GALAXY,0.6386201,0.000269763,24.03334,0.7058343,0.1152329,21.45142,0.1248254,0.07971758,137086.1954115283,6.926632163792305e-18,7.812025500664298
GALAXY,0.4794321,0.000157901,22.09564,0.1210795,0.181487,20.45711,0.04290482,0.1255519,111759.31605528048,4.1266926569916576e-17,3.200542895834338
GALAXY,0.5188611,0.000128036,22.13288,0.1773576,0.09453811,20.40351,0.05288826,0.06540103,118481.30936697625,3.987549848258212e-17,3.255904457326297
GALAXY,0.3783287,0.00012678,20.67369,0.04151537,0.03967115,18.90351,0.01559878,0.02744432,93024.06617998176,1.5289107181209045e-16,1.6627756357873582
GALAXY,0.4297141,0.000127211,22.48377,0.1323105,0.04620348,20.5044,0.03797984,0.03196336,102825.08468720564,2.886357526835409e-17,3.826922367602284
GALAXY,0.05848105,1.1e-05,15.72376,0.0028438070000000003,0.1496731,14.85664,0.002413835,0.1035431,17020.35451478747,1.460004267505979e-14,0.17015615068145268
GALAXY,0.1067354,2.79e-05,18.51697,0.008451465,0.05361571,17.50444,0.005727956,0.0370911,30299.527509902528,1.1144744724188403e-15,0.6158708548876776
GALAXY,0.1130972,2.62e-05,17.74521,0.007164411,0.06782666,16.76546,0.004947887,0.04692217,31999.32176358318,2.2686846113364696e-15,0.4316558711023364
GALAXY,0.5532349,0.000133008,22.500020000000006,0.1806682,0.1989381,20.47191,0.04523044,0.13762439999999998,124091.90873423824,2.8434796547789667e-17,3.8556681884984996
GALAXY,0.6914537,0.000166163,21.54416,0.1023144,0.1491355,20.92385,0.08939432,0.1031713,144500.43767985195,6.857947011879119e-17,2.4827194825868815
GALAXY,0.1049191,2.33e-05,18.0879,0.008067061,0.21370100000000006,16.90445,0.005061203,0.1478374,29812.0733775775,1.654619450243418e-15,0.5054470338395788
GALAXY,0.5023979000000001,0.000130325,22.42571,0.14756979999999995,0.1588609,20.9304,0.05320924,0.1098992,115712.56813820028,3.0449076492573977e-17,3.725955401960763
GALAXY,0.2341886,5.01e-05,19.06196,0.01606823,0.17701129999999998,17.634970000000006,0.007851709,0.1224556,62165.711433324155,6.746431656894987e-16,0.7915669487262955
GALAXY,0.5568658000000001,0.000138702,21.61056,0.1142739,0.3055682,20.37814,0.0637918,0.2113907,124671.4035075668,6.451105216167217e-17,2.559809534102091
GALAXY,0.1189394,3.18e-05,18.50082,0.009149533,0.1149497,17.477220000000006,0.006408417,0.07952166,33549.93644913687,1.1311758515801654e-15,0.6113073989217996
GALAXY,0.4490378,0.000103313,21.96908,0.1574874,0.07487401,20.78014,0.08357356,0.05179749,106359.90772305941,4.6368828664406537e-17,3.019337439703015
GALAXY,0.29358,8.39e-05,20.18068,0.0395532,0.1117982,18.50959,0.01843037,0.07734146,75510.156113748,2.407609926302648e-16,1.3250481261857106
GALAXY,0.313648,5.98e-05,20.44148,0.03797345,0.06424421,18.7444,0.0147333,0.04444385,79815.46845772487,1.8935035566130542e-16,1.4941412377348036
GALAXY,0.5375177,0.000144303,21.4404,0.1371084,0.08058639999999999,19.85102,0.05072192,0.05574929,121554.66825575293,7.545675511620355e-17,2.366876797461257
GALAXY,0.09454934,1.7100000000000002e-05,16.95996,0.005849464,0.05760682,16.112370000000002,0.004374457,0.03985213,27010.619967337127,4.6759959378006615e-15,0.30066830707065956
GALAXY,0.1355119,3.06e-05,19.15321,0.01064074,0.03244454,18.11789,0.007142975,0.02244499,37894.90901973739,6.202605004265288e-16,0.8255391089479398
GALAXY,0.6685206,0.000235787,23.83849,0.5157956,0.1685054,21.61877,0.1182181,0.1165713,141338.15121176883,8.288236314601829e-18,7.14156925794955
GALAXY,0.27656590000000003,5.11e-05,20.06586,0.0257129,0.04664421,18.52701,0.01118503,0.03226825,71780.5008851712,2.6761726329141795e-16,1.2568042836760922
GALAXY,0.4023837,0.000189266,22.58184,0.1841359,0.13164520000000002,21.02561,0.06830622,0.09107155,97686.0941500598,2.637072836137839e-17,4.003719583088891
GALAXY,0.3987811,8.57e-05,20.63224,0.05983454,0.05919846,18.85571,0.01904218,0.04095322,96996.26141302151,1.58840821756838e-16,1.6313368716898218
GALAXY,0.6371349000000001,0.000127734,22.00781,0.2472402,0.2351042,20.14383,0.07592636,0.162644,136871.10158733203,4.474392982671889e-17,3.073672929981079
GALAXY,0.5715799,0.000156179,22.00023,0.1762238,0.1417072,20.44204,0.07205868,0.09803239,126994.61267391471,4.505739976100224e-17,3.0629623062463374
GALAXY,0.02303184,6.84e-06,21.23136,0.04272215,0.03438659,21.3594,0.08668961,0.02378848,6825.27773453401,9.147746587601671e-17,2.149649491262824
GALAXY,0.03264933,4.18e-06,17.59583,0.007003514000000001,0.0603427,17.40084,0.01002732,0.041744800000000006,9628.319127170116,2.603311430174495e-15,0.4029597350328413
GALAXY,0.3316969,9.71e-05,20.21006,0.035333800000000005,0.1343665,18.39204,0.0124389,0.09295413,83602.46737103886,2.3433336295757284e-16,1.3430978450000692
GALAXY,0.09971502,4.52e-05,17.99953,0.009893208,0.14285499999999998,17.16829,0.007388832,0.09882645,28410.087517860386,1.794924250598486e-15,0.48529034645131125
GALAXY,0.5561181,0.000218805,22.84675,0.241063,0.1703176,20.97066,0.06919522,0.1178249,124552.27227776262,2.066132290900552e-17,4.523198553692121
GALAXY,0.07420015,3.13e-05,17.35858,0.01142137,0.20735100000000006,16.29926,0.006562708,0.1434445,21421.476858894228,3.239113194594143e-15,0.36125315798759333
GALAXY,0.6470658,0.000158766,22.09351,0.1627465,0.07185303,20.58653,0.06845032,0.04970759,138302.27331359006,4.134796359292394e-17,3.1974050185338387
GALAXY,0.3543333,7.170000000000001e-05,19.98451,0.03526354,0.09969734,18.32471,0.01377213,0.06897017,88240.35771685968,2.884390956275493e-16,1.2105915892818284
GALAXY,0.4770963,0.000153843,22.26581,0.197325,0.26748340000000004,20.4583,0.057148,0.1850438,111351.20590649935,3.528045075618322e-17,3.461446728905055
GALAXY,0.5178208,0.000192273,22.410020000000006,0.173629,0.1586274,20.66603,0.05538369,0.1097377,118307.94042798845,3.0892291571856866e-17,3.699130494961348
GALAXY,0.02526557,1.05e-05,18.011960000000006,0.007795624,0.03787897,17.37612,0.006498497,0.0262045,7478.770999762373,1.7744923246640535e-15,0.488076224223379
GALAXY,0.8261951999999999,0.000201251,22.84787,0.2408009,0.0645764,21.49226,0.1037251,0.04467366,161479.55140318727,2.0640020542757997e-17,4.525532126546363
GALAXY,0.15571120000000002,3.08e-05,18.96105,0.01166814,0.1651501,17.923379999999995,0.007362538,0.11425,43084.39032330301,7.403517805492586e-16,0.7556238413614639
GALAXY,0.3459107,7.6e-05,20.24622,0.04999299,0.106182,18.2749,0.01299653,0.07345621,86529.033853273,2.2665751615363425e-16,1.3656507648416707
GALAXY,0.3625147,6.759999999999999e-05,20.73392,0.04494363,0.0788708,19.01425,0.01545295,0.05456245,89886.56395944086,1.4464057019971292e-16,1.7095415169092185
GALAXY,0.2224205,4.68e-05,18.7368,0.016643400000000003,0.178789,17.26819,0.007822083,0.1236854,59411.56534130432,9.102027120550777e-16,0.6814839818437386
GALAXY,0.2707823,3.86e-05,19.95304,0.02679557,0.1133701,18.35648,0.01071183,0.07842893,70495.83216433473,2.969218277124107e-16,1.1931736456720408
GALAXY,0.1019221,1.4499999999999997e-05,17.823220000000006,0.008138004,0.07129885,17.1584,0.006577237,0.04932421,29005.643047411057,2.111398094147632e-15,0.44744499266674415
GALAXY,0.3357913,5.58e-05,20.19178,0.03330238,0.05882274,18.45571,0.01171931,0.0406933,84450.48785280115,2.3831211730474276e-16,1.3318387674512813
GALAXY,0.16404870000000002,2.29e-05,18.1306,0.008582445,0.07187853,16.92373,0.004989664,0.04972523,45192.65805117476,1.59080931450997e-15,0.5154845488738803
GALAXY,0.115944,2.13e-05,16.75366,0.005098656,0.08725335,15.70046,0.003496668,0.06036146,32756.144411364923,5.65449891671239e-15,0.2734183463138025
GALAXY,0.33505240000000003,6.64e-05,20.56597,0.04669806,0.08584862,18.85978,0.01597874,0.05938968,84297.74927780987,1.6883797130984633e-16,1.5823030028621943
GALAXY,0.5343625,0.000111008,21.706,0.09400774,0.04582577,20.24509,0.0367267,0.03170206,121039.63750448824,5.908239954116958e-17,2.6748267161417747
GALAXY,0.03892126,1.39e-05,17.6392,0.005373913,0.04480917,16.85502,0.004271527,0.03099878,11441.393158904322,2.5013710847756926e-15,0.41108880716472446
GALAXY,0.4432793,9.09e-05,21.4314,0.06774502,0.03165006,19.83198,0.02711096,0.02189536,105314.93839709095,7.608483886726331e-17,2.3570872152711635
GALAXY,0.2934953,6.31e-05,21.32788,0.06863043,0.1219219,19.79343,0.02902365,0.08434501,75491.77095475618,8.369627414446145e-17,2.2473548539474657
GALAXY,0.5040845,0.000131259,22.23657,0.1377204,0.04515722,20.3716,0.04040621,0.03123955,115998.69404423787,3.6243499563722285e-17,3.4151489681871814
GALAXY,0.5117378,9.71e-05,21.53185,0.09117261,0.06176401,19.92417,0.03306074,0.04272806,117289.92360142562,6.936144388645321e-17,2.468684852475238
GALAXY,0.450521,0.000185156,21.10915,0.08437322,0.1590738,19.40296,0.02588848,0.1100465,106627.90965153194,1.0237599251861604e-16,2.0320091175442343
GALAXY,0.4546225,0.000142558,22.22853,0.1257675,0.1478627,20.61578,0.04330439,0.1022907,107366.57972952195,3.6512882973794524e-17,3.402527565200855
GALAXY,0.07843291,6.15e-06,18.31208,0.007100078,0.04557844,17.71464,0.006073028,0.03153095,22594.097592833747,1.3459413173986934e-15,0.5604174533658588
GALAXY,0.1802132,3.32e-05,18.87634,0.01255206,0.120901,17.814320000000006,0.007727115,0.08363877,49224.47988960843,8.004277286922049e-16,0.7267142098479905
GALAXY,0.15340279999999998,2.18e-05,18.75873,0.01346394,0.5259866,17.70761,0.008314423,0.363875,42497.20250526873,8.920026101633283e-16,0.6884012532170525
GALAXY,0.5143162,9.88e-05,21.25754,0.07959999,0.02726107,19.52406,0.02713706,0.01885908,117722.32180858415,8.92980808203478e-17,2.175723247988806
GALAXY,0.5746593000000001,0.000143414,22.403270000000006,0.1582237,0.03786641,20.70857,0.05271817,0.0261958,127475.7542050844,3.108494656860768e-17,3.6876496385770614
GALAXY,0.4362715999999999,0.00015837,21.89662,0.1136437,0.1332549,20.27082,0.04156977,0.09218515,104033.66963610989,4.9568996304571875e-17,2.9202474426474754
GALAXY,0.0861365,5.5500000000000014e-05,18.5973,0.01364799,0.07903601,17.78216,0.00989895,0.05467675,24714.704176287225,1.0349946984259847e-15,0.6390806265172371
GALAXY,0.29049,3.5e-05,19.940620000000006,0.02357648,0.18902420000000006,18.35648,0.009692872,0.1307661,74838.2615008884,3.003378899063232e-16,1.186368623814817
GALAXY,0.6572488000000001,0.000145587,22.34672,0.1509966,0.1103708,20.74019,0.0527176,0.07635402,139752.64926242802,3.274689484336609e-17,3.592854684996966
GALAXY,0.09812191,7.11e-06,17.79267,0.006960773000000001,0.201137,17.117160000000002,0.005644056,0.1391457,27979.32033788508,2.171651464731999e-15,0.44119405550838053
GALAXY,0.07622059,1.2e-05,17.05491,0.005344596,0.1229252,16.41795,0.004371669,0.08503906,21981.868251299973,4.284440591177905e-15,0.3141070270107565
GALAXY,0.3060927,5.6299999999999986e-05,19.75086,0.02970491,0.2842108,18.0291,0.01031753,0.1966157,78206.38325536986,3.57696034265739e-16,1.0870953855596839
GALAXY,0.9444553,0.000159592,22.95841,0.1655394,0.1175524,22.61213,0.14762999999999998,0.08132222,174380.06459232108,1.8642069605456808e-17,4.761871286955605
GALAXY,0.07746737,1.46e-05,17.6571,0.0067359640000000005,0.1275366,16.671879999999998,0.004748782,0.0882292,22327.075186667666,2.460470289296868e-15,0.41449152233451486
GALAXY,0.17560810000000002,7.92e-06,19.75143,0.01769545,0.07846545,19.17702,0.01577017,0.05428203,48083.296867736135,3.575082969232668e-16,1.0873807797930397
GALAXY,0.7518645,0.00036417,23.5954,0.7682838000000001,0.1785808,21.53798,0.2100007,0.1235414,152439.15020959874,1.0368074882790359e-17,6.385216868250196
GALAXY,0.06550667,2.9e-05,18.48515,0.00897231,0.09591026,17.59972,0.006639371999999999,0.06635027,18996.474963039156,1.1476200447960058e-15,0.6069118990123987
GALAXY,0.2345362,1.49e-05,20.39261,0.02715494,0.08410682,19.78516,0.02347631,0.05818471,62246.49903542035,1.980679128488035e-16,1.4608904574666657
GALAXY,0.6933687,0.00019579900000000005,22.77104,0.29104240000000003,0.05562672,20.97073,0.0962294,0.03848231,144760.7074670962,2.2153488556104896e-17,4.368211443762452
GALAXY,0.5027034,0.000121282,21.660870000000006,0.09197035,0.1480421,20.06434,0.03264603,0.1024148,115764.43738398528,6.158998881255607e-17,2.6198091357995854
GALAXY,0.06706515,1.92e-05,17.58418,0.007284911999999998,0.1197798,16.81421,0.005652221999999999,0.08286311,19432.850639026885,2.6313954851175637e-15,0.40080363561230115
GALAXY,0.3929572,0.000127849,22.79831,0.2258478,0.03781847,21.16434,0.08916172,0.02616264,95874.88251364039,2.1603997840775327e-17,4.423414653290876
GALAXY,0.09465453,2.69e-05,18.59935,0.009008489,0.08193614,17.69505,0.006493724,0.05668304,27039.195568062063,1.0330423481831187e-15,0.6396842417816633
GALAXY,0.903276,2.55e-05,22.02246,0.06849528,0.03144765,21.9102,0.09444006,0.02175534,170081.22703596202,4.414424822549489e-17,3.0944798014777977
GALAXY,0.5838748,0.000194698,21.69059,0.1637031,0.145781,20.25817,0.06644434,0.1008506,128905.27554417487,5.992694316849174e-17,2.655911823237164
GALAXY,0.1702496,3.13e-05,18.44198,0.009929928,0.1235527,17.246,0.005779652,0.08547321,46747.96221929851,1.1941699136292677e-15,0.5949653206186957
GALAXY,0.5519636,0.000166723,22.28638,0.1236087,0.04807085,21.02858,0.0606226,0.03325519,123888.42221691072,3.4618330930393966e-17,3.4943922402156615
GALAXY,0.052635400000000006,1.4800000000000002e-05,17.08791,0.00497658,0.054612699999999986,16.24094,0.003858702,0.03778081,15364.956427021973,4.156177866389216e-15,0.3189169869104287
GALAXY,0.1785216,4.11e-05,18.44022,0.01238737,0.06217076,17.43914,0.007917753000000001,0.04300944,48805.97359312607,1.196107256641341e-15,0.5944832906762221
GALAXY,0.6081057,0.000177505,22.49993,0.142413,0.053693499999999984,20.86971,0.0558442,0.03714491,132591.04784111533,2.843715369287565e-17,3.855508387736396
GALAXY,0.047512300000000014,2.43e-05,18.18167,0.007946827,0.02906232,17.42008,0.006245108,0.02010518,13905.814874351978,1.5177146463416987e-15,0.5277517137825952
GALAXY,0.028485700000000006,1.03e-05,14.69898,0.002102738,0.08400095,13.89193,0.001934833,0.05811147,8418.214920771361,3.752028470886846e-14,0.10614307185890418
GALAXY,0.4031716,8.51e-05,20.69842,0.05732616,0.08921888,18.92144,0.01885362,0.06172121,97836.57309474082,1.494480061150672e-16,1.681820540320257
GALAXY,0.1284655,2.19e-05,18.52632,0.008251078,0.1455519,17.70355,0.006100468,0.1006921,36057.15073196461,1.1049181947963963e-15,0.618528410020389
GALAXY,0.1307944,7.36e-06,18.39297,0.009098832,0.1798471,17.68897,0.007381191,0.1244174,36666.124974716426,1.249309738050894e-15,0.581687394217281
GALAXY,0.4956925,0.000209314,22.52736,0.14964660000000002,0.1460933,20.90857,0.05709789,0.1010666,114569.37351473203,2.7727717791133993e-17,3.904520004807851
GALAXY,0.3341605,8.6e-05,19.68666,0.03413196,0.1075208,17.93346,0.01161997,0.07438239,84113.2079436367,3.794845728019064e-16,1.0554256686011312
GALAXY,0.1014597,2.13e-05,17.5659,0.005758777,0.14979160000000002,16.51739,0.004065170999999999,0.1036251,28880.987447710362,2.6760740408869575e-15,0.3974437320639542
GALAXY,0.5554185,0.000129593,22.48834,0.29436690000000004,0.1806088,20.36932,0.06686771,0.1249444,124440.70988492848,2.8742340182068114e-17,3.834984846981093
GALAXY,0.4931866,8.77e-05,22.26695,0.25652620000000004,0.20845500000000006,20.24678,0.07085288,0.1442082,114139.81965735948,3.524342647150845e-17,3.4632644288454104
GALAXY,0.2491096,2e-05,20.20896,0.03506104,0.2355573,19.13618,0.02059062,0.16295739999999995,65604.73811801549,2.3457089516731155e-16,1.3424176459416037
GALAXY,0.09307037,2.57e-05,18.06666,0.009053942,0.1547116,17.05574,0.005900586,0.1070288,26608.504173237616,1.687307065898834e-15,0.5005271643720237
GALAXY,0.09027796,6.55e-06,18.24946,0.007815902,0.07309577,17.77749,0.007188171,0.05056731,25847.52991704467,1.4258509364854518e-15,0.5444871719374205
GALAXY,0.1181954,3.5600000000000005e-05,18.23432,0.01079732,0.07021946,17.13028,0.006816773000000001,0.0485775,33353.01622410305,1.4458729245911222e-15,0.5407040870058138
GALAXY,0.5989665,0.000209831,23.212770000000006,0.2855384,0.09194554,21.47425,0.09395634,0.06360750000000001,131213.1711027136,1.4748577179527448e-17,5.353646017286401
GALAXY,0.199106,1.9e-05,18.60371,0.01151448,0.07276224,17.62838,0.008048027,0.05033658,53844.742898666635,1.0289022695834755e-15,0.6409699247739576
GALAXY,0.1181009,1.3e-05,16.921329999999998,0.004520119,0.1132383,16.05711,0.003512051,0.07833774,33327.99271155138,4.845360841855344e-15,0.295366782584851
GALAXY,0.2614605,5.99e-05,19.16962,0.01871192,0.09663496,17.64101,0.008426081,0.06685162,68407.0747130684,6.1095626866089565e-16,0.8318014101325826
GALAXY,0.4918683,0.000140949,22.43489,0.1929991,0.04854409,20.3981,0.0513607,0.03358258,113913.33038977027,3.019271205523259e-17,3.741740393056728
GALAXY,0.2147919,2.7300000000000006e-05,19.16902,0.01769799,0.1455452,17.75403,0.008314054,0.1006875,57606.317836687835,6.112939888790485e-16,0.8315716066592933
GALAXY,0.0448122,6.45e-06,17.97936,0.006303234,0.06996759,17.68337,0.00683788,0.04840326,13133.636977093933,1.82858067291225e-15,0.48080353524278246
GALAXY,0.05732014,7.000000000000001e-06,17.591639999999998,0.006572721,0.17845170000000002,17.206310000000002,0.006667471,0.123452,16692.41087327396,2.6133773646192984e-15,0.4021829471775201
GALAXY,0.08557041,2.47e-05,18.04898,0.007260941,0.1845842,17.24016,0.005538192,0.1276945,24559.468351055242,1.7150079011411368e-15,0.4964684471258177
GALAXY,0.2378798,3.26e-05,19.32517,0.02064722,0.06719701,17.91454,0.009729844,0.04648658,63021.96081286875,5.29407543445002e-16,0.8935722068574128
GALAXY,0.2854056,3.01e-05,19.62884,0.021539,0.15175239999999998,18.15157,0.009446698,0.1049816,73727.43883252979,4.0024150709928725e-16,1.0276936007742556
GALAXY,0.5659193,0.00011882,22.2587,0.161116,0.15771429999999995,20.43918,0.04734653,0.109106,126105.61497590602,3.5512244751874057e-17,3.4501315315961576
GALAXY,0.5213691,8.94e-05,22.10815,0.16127260000000002,0.12618310000000002,20.68862,0.06827068,0.08729289,118898.40160622484,4.079417223772993e-17,3.219034655780044
GALAXY,0.05979968,2.8300000000000007e-05,18.47082,0.01122889,0.12529020000000002,17.650660000000006,0.00775984,0.0866752,17392.366699023463,1.1628672114715043e-15,0.6029199469711455
GALAXY,0.0790453,2.39e-05,18.11462,0.008777075,0.1404167,17.157629999999994,0.005823602,0.09713963,22763.31300987514,1.6143961946502929e-15,0.5117049902010202
GALAXY,0.5838895000000001,0.000166953,22.06297,0.2028699,0.1968397,20.48087,0.07425932,0.13617279999999998,128907.5434901816,4.2527526630573297e-17,3.1527508560116795
GALAXY,0.0584075,2.19e-05,17.28431,0.0077414569999999985,0.1530278,16.27317,0.005263061,0.105864,16999.58936882474,3.4684395135895318e-15,0.34910627273412537
GALAXY,0.4451890000000001,0.0001669,21.74625,0.1402121,0.240109,19.89353,0.03958388,0.16610629999999998,105662.27018882903,5.693222082546821e-17,2.724869151695513
GALAXY,0.6638106,0.000201158,23.20958,0.335003,0.2677309,21.50348,0.1101071,0.185215,140678.16996461907,1.4791973673546653e-17,5.345787021448858
GALAXY,0.08292533,1.2e-05,18.09239,0.00979633,0.1559387,17.38123,0.007692971,0.1078776,23832.872928898832,1.6477909951808437e-15,0.5064932387522415
GALAXY,0.2547616,4.31e-05,19.77534,0.0256084,0.1539353,18.2833,0.01064848,0.1064917,66892.09135649021,3.497213331000826e-16,1.0994200484727878
GALAXY,0.3152957,8.78e-05,20.38798,0.04444694,0.2602987,18.69794,0.01555935,0.1800734,80164.50716584324,1.9891435469411316e-16,1.4577788743244284
GALAXY,0.1035016,2.39e-05,18.64197,0.01107413,0.2365673,17.61342,0.0069683240000000006,0.16365610000000005,29430.980175788398,9.93276419069401e-16,0.6523634972678946
GALAXY,0.04545651,2.33e-05,16.93321,0.006168304,0.0299025,16.42126,0.005635153,0.02068641,13318.09492196034,4.792632463813253e-15,0.2969871455890846
GALAXY,0.8249553,0.000359704,24.51754,1.439062,0.2139949,21.62574,0.2072873,0.14804070000000005,161334.95919634769,4.434474125563604e-18,9.763457773053197
GALAXY,0.2630861,0.000177813,21.76103,0.08969585,0.2849523,20.09695,0.02883716,0.1971287,68772.948219462,5.616246037698341e-17,2.7434790761018597
GALAXY,0.03206927,5.74e-06,18.04011,0.007886003,0.1353588,17.6479,0.007684751999999999,0.09364057,9460.043059915006,1.729076169133982e-15,0.49444461605831835
GALAXY,0.7533283000000001,0.000294091,23.1152,0.5806924,0.05992635,21.175320000000006,0.1565451,0.04145677,152624.72349173095,1.6135340149288922e-17,5.1184168479252765
GALAXY,0.430988,7.780000000000001e-05,21.64676,0.09568404,0.13169260000000002,20.29095,0.04343126,0.09110435,103060.60385183369,6.239562297726092e-17,2.6028410787986487
GALAXY,0.13766579999999998,2.56e-05,18.26115,0.01057175,0.11846389999999997,17.30092,0.0069193430000000005,0.08195275,38453.82082219699,1.4105813099876919e-15,0.5474262923041774
GALAXY,0.5073158,0.000144903,22.07217,0.09343121,0.1029625,20.70216,0.04128055,0.071229,116545.28585994872,4.216869151882072e-17,3.166136630027979
GALAXY,0.4353928,0.000101301,21.46964,0.09226047,0.02581884,19.60051,0.02631873,0.01786136,103872.2436122702,7.345174624812544e-17,2.398963566336744
GALAXY,0.6853913,0.000355475,23.62988,0.5607300000000001,0.08901013,22.15066,0.2287969,0.0615768,143672.66301839726,1.0043986613137538e-17,6.48741457632292
GALAXY,0.04001913,6.95e-06,17.9686,0.006466411,0.04820296,17.51974,0.005833648,0.03334659,11757.554622515212,1.846792597940571e-15,0.4784269682981373
GALAXY,0.5915684,0.000129355,21.68396,0.1078988,0.05485732,20.76134,0.07231193,0.03795004,130086.92523056474,6.029400396983751e-17,2.6478150862169993
GALAXY,0.03652616,7.78e-06,16.3062,0.00334552,0.1756703,15.71848,0.003100515,0.1215279,10750.410302750817,8.53843202261475e-15,0.22250288797602463
GALAXY,0.4608152,0.000108866,21.75226,0.09791193,0.04375123,20.00332,0.03191258,0.030266900000000006,108475.11858047439,5.661794799883037e-17,2.7324212380498727
GALAXY,0.5650946,0.000121377,22.45562,0.2040238,0.02839076,20.65509,0.06373298,0.01964059,125975.6012797675,2.9621709957237146e-17,3.777632031804774
GALAXY,0.5745793,0.000193493,21.97903,0.145758,0.04906955,20.65882,0.06680061,0.03394608,127463.27660512154,4.5945832523015366e-17,3.033204225191963
GALAXY,0.06646837,1.52e-05,17.00849,0.004369928,0.05143607,16.119,0.003407383,0.03558324,19265.836762670937,4.4715915336433126e-15,0.30746356062168234
GALAXY,0.4900101,0.000129703,21.98607,0.1304085,0.04449408,20.12898,0.036700300000000005,0.0307808,113593.4853704768,4.564887985940488e-17,3.0430539520206037
GALAXY,0.1181639,2.54e-05,17.80264,0.006947916,0.15778499999999998,16.79266,0.004632979000000001,0.1091549,33344.67534050171,2.151801100069873e-15,0.443224391327123
GALAXY,0.05595934,2.87e-05,18.32645,0.008295405,0.08668409,17.48345,0.00590945,0.05996765,16307.490841044944,1.3282448026164453e-15,0.5641383867698647
GALAXY,0.6005768,0.000214792,22.20711,0.1706376,0.03118451,20.48109,0.05608841,0.0215733,131457.02171342238,3.724038182991179e-17,3.3691290958252123
GALAXY,0.1134681,1.98e-05,18.14207,0.01341661,0.4171192,17.28577,0.00818459,0.2885611,32098.058847674016,1.5740920489030309e-15,0.5182146092985559
GALAXY,0.03802143,2.17e-05,17.6535,0.006361724,0.15440879999999998,16.757579999999994,0.004562185,0.1068193,11181.994387552744,2.4686420662649213e-15,0.41380492219530235
GALAXY,0.4722615,0.00018293,21.50242,0.14592629999999998,0.2012454,19.92872,0.04903425,0.1392207,110502.88935692358,7.126727039240656e-17,2.4354524359446303
GALAXY,0.12080430000000003,1.05e-05,18.60073,0.01230763,0.2072253,17.967579999999995,0.009910741,0.1433575,34042.83013741055,1.0317301575875254e-15,0.640090898948253
GALAXY,0.09218622,6.7e-06,18.11046,0.008105257,0.14337550000000002,17.34323,0.006059235,0.09918653,26367.80724732771,1.6205936213881228e-15,0.5107256293632074
GALAXY,0.354372,6.57e-05,21.49059,0.07554251,0.1633362,19.59676,0.02184187,0.1129953,88248.18192948545,7.204803244681686e-17,2.4222203711658055
GALAXY,0.05073065,1.49e-05,18.38838,0.01375065,0.1959829,17.841479999999994,0.01206891,0.13558,14823.36536380891,1.254602432397375e-15,0.5804591376270417
GALAXY,0.6852905,0.000119163,21.51567,0.082233,0.1159247,20.47261,0.04797475,0.08019619,143658.8502109737,7.040283134022439e-17,2.450358634046435
GALAXY,0.1197879,2.52e-05,19.08654,0.0137952,0.1550204,17.97985,0.008681554000000001,0.1072424,33774.31999687862,6.595414963046072e-16,0.8005780015132109
GALAXY,0.502367,0.000103697,20.72748,0.06786336,0.10003739999999997,19.16369,0.02646347,0.06920541,115707.32074812279,1.4550104926589366e-16,1.7044789897843935
GALAXY,0.5234492000000001,0.000171142,22.64527,0.192041,0.07861896,21.11316,0.07628898,0.05438823,119243.39789720772,2.4874257462311586e-17,4.122395470576185
GALAXY,0.4645701,0.000125365,21.46055,0.09211197,0.03396155,19.6569,0.03290384,0.02349444,109143.33922116838,7.406928036613971e-17,2.388942255410938
GALAXY,0.6241732,0.0002424,22.57417,0.3162566,0.04358149,20.5444,0.08076867,0.03014947,134977.98897535857,2.6557679481781552e-17,3.9896027289848806
GALAXY,0.1320303,2.79e-05,18.3741,0.009607635,0.02203279,17.39033,0.006824948000000001,0.01524218,36988.66193729725,1.2712124136751595e-15,0.5766544559521412
GALAXY,0.5948573,0.000320577,23.22096,0.7828693,0.05069751,20.29543,0.0859779,0.0350723,130588.81630678305,1.463774324857635e-17,5.3738761390057865
GALAXY,0.6837882,0.000182142,23.99435,1.045922,0.1308948,21.19925,0.1252258,0.09055244,143452.7954326793,7.179895530863041e-18,7.6730080225274175
GALAXY,0.4441984000000001,0.000195951,21.87952,0.13386389999999998,0.06411002,20.50469,0.04928518,0.04435101,105482.19984114441,5.035587249463148e-17,2.8973412679189527
GALAXY,0.1331527,3.34e-05,18.555770000000006,0.0108986,0.06353068,17.44189,0.0066174630000000005,0.04395023,37281.19827707814,1.0753507075702422e-15,0.6269741744557966
GALAXY,0.03173061,1.7899999999999998e-05,21.78138,0.08131039999999999,0.09609821,21.49762,0.1154143,0.06648029,9361.750907136946,5.511960862331849e-17,2.7693104995915543
GALAXY,0.477116,0.000123988,21.38999,0.0967653,0.1207739,19.64659,0.03070321,0.08355086,111354.65258875671,7.904276523206968e-17,2.312563422998549
GALAXY,0.2340168,3.94e-05,18.94911,0.01267648,0.06308898,17.65776,0.007226648,0.04364466,62125.77057495364,7.4853847007604e-16,0.7514803903304365
GALAXY,0.0866202,1.39e-05,17.05836,0.004396797,0.08134563,16.240370000000002,0.003690561,0.05627453,24847.271984522147,4.270848099273391e-15,0.3146064717895824
GALAXY,0.5911734000000001,0.000252836,22.10679,0.163937,0.0889231,20.56848,0.07658207,0.06151659,130026.51724258106,4.0845303291348297e-17,3.2170191954607756
GALAXY,0.4834937,0.000192248,22.36022,0.1665615,0.08097626,20.73208,0.05482107,0.056019000000000006,112466.28460164876,3.234224220966627e-17,3.615260967355613
GALAXY,0.05977195,2.0600000000000006e-05,17.78174,0.01039971,0.1327171,17.27654,0.009648577,0.09181305,17384.548819793123,2.1936236777616183e-15,0.4389789064416314
GALAXY,0.2505201,1.94e-05,19.19861,0.01856997,0.06626289,17.79939,0.008859663,0.04584036,65926.79208534872,5.948591212397499e-16,0.8429807401594884
GALAXY,0.1612066,2.12e-05,18.67782,0.009830451,0.08303455,17.68487,0.0066171680000000005,0.05744292,44476.191628497516,9.610149088266756e-16,0.6632231122713274
GALAXY,0.5828465,0.000135537,22.2801,0.1545643,0.2103913,20.69399,0.06056351,0.1455477,128746.53012240633,3.481914681115926e-17,3.484300893408654
GALAXY,0.08981428,1.82e-05,16.69471,0.004630675,0.1106511,15.90171,0.003724676,0.07654793,25720.948576692328,5.969997169252206e-15,0.2660955748208755
GALAXY,0.5170555,0.000116269,21.75011,0.08931527,0.1032353,20.1605,0.03401015,0.07141772,118180.26521461149,5.673017525269252e-17,2.7297171749963307
GALAXY,0.5213599,0.000154024,22.07144,0.158373,0.1740202,20.44096,0.05522606,0.1203863,118896.87385491254,4.219705337650953e-17,3.165072425263827
GALAXY,0.15993870000000002,2.68e-05,18.5359,0.01223472,0.4201294,17.27769,0.006764759,0.29064359999999995,44155.831696349276,1.0952118274597481e-15,0.6212632328581941
GALAXY,0.5053264000000001,0.000104898,21.59693,0.1116518,0.14001429999999998,19.82516,0.038011800000000005,0.09686125,116209.01459070531,6.532600882090491e-17,2.5437923227811643
GALAXY,0.709596,7.509999999999998e-05,21.64797,0.1036587,0.06407717,20.67861,0.06469012,0.04432829,146943.1218660349,6.232612483463127e-17,2.6042918526275924
GALAXY,0.8677690999999998,0.00041531,24.02195,0.8632519000000001,0.03565129,21.66937,0.1789554,0.02466339,166211.81576082003,6.999679018532089e-18,7.771156449166078
GALAXY,0.04410031,3.16e-05,17.63273,0.007455881,0.05720381,16.68369,0.005142376,0.03957333,12929.68780674573,2.516321481886215e-15,0.4098657724677594
GALAXY,0.3852144,6.91e-05,21.39639,0.07230882,0.1275894,19.53552,0.02341778,0.08826572,94372.07065688261,7.857820887440091e-17,2.319389315867287
GALAXY,0.5343607,0.000197963,22.54675,0.1993033,0.2055669,21.26318,0.111487,0.1422102,121039.34313957402,2.7236928152286457e-17,3.9395412504078373
GALAXY,0.8317972,0.000411772,23.8569,0.6878061,0.17995970000000006,21.51037,0.14209129999999998,0.1244953,162130.2988750141,8.148883804318389e-18,7.202373716541006
GALAXY,0.44788,0.000172833,22.6059,0.1791679,0.1326078,20.80273,0.05930913,0.09173749,106150.37670723037,2.5792778299735403e-17,4.048327627164308
GALAXY,0.5281098000000001,0.000229603,22.62756,0.3281972,0.1662634,20.56443,0.07836889,0.1150202,120013.32113268427,2.5283321387216673e-17,4.088910948743362
GALAXY,0.6499647,0.000226785,23.06215,0.410181,0.13324029999999998,21.34421,0.1480036,0.09217501,138716.92287887933,1.6943304862120962e-17,4.994886824120406
GALAXY,0.3660764,6.850000000000001e-05,21.63137,0.07782389,0.1489934,19.8443,0.02532367,0.103073,90598.30052854453,6.328636114259657e-17,2.5844590320849976
GALAXY,0.1888304,4.02e-05,18.9203,0.01369853,0.0388273,17.65493,0.008217315,0.02686055,51344.0622334847,7.686668028873937e-16,0.7415759764477758
GALAXY,0.6135647,9.84e-05,22.42869,0.1420681,0.02338384,21.26174,0.07933605,0.01617683,133407.06377410845,3.036561806353125e-17,3.7310721924496577
GALAXY,0.05770930000000001,1.11e-05,16.69021,0.0044590590000000005,0.04779394,16.25834,0.004503029,0.03306363,16802.388678953033,5.9947920845970816e-15,0.265544708871588
GALAXY,0.4908494000000001,0.000141877,22.46612,0.1719987,0.04969305,20.6581,0.05314014,0.03437742,113738.03776949493,2.933662336237874e-17,3.795942736507646
GALAXY,0.2184411,4.46e-05,19.86604,0.0368604,0.1248386,18.36599,0.01422704,0.08636277,58471.83242747699,3.216933810241695e-16,1.1463141472145562
GALAXY,0.5365781,0.000189255,21.88644,0.1329075,0.10786289999999997,20.53459,0.06319217,0.07461905,121401.49521127193,5.003594715860672e-17,2.9065891783511093
GALAXY,0.5932497,6.86e-05,20.91395,0.05246555,0.2102485,19.87426,0.03293526,0.145449,130343.73612652606,1.2254007031607502e-16,1.8573153681901922
GALAXY,0.3060221,0.000107302,21.0723,0.1147062,0.6221486999999999,19.31141,0.03767465,0.4303996,78191.28033993521,1.0591028219470378e-16,1.9978167604841899
GALAXY,0.2619482,5.14e-05,19.66581,0.02730753,0.08770496,18.12408,0.01199585,0.06067388,68516.91338831537,3.8684245004258487e-16,1.045340200403672
GALAXY,0.184827,2.22e-05,18.45811,0.01177257,0.377434,17.51547,0.007507631,0.2611071,50361.90239189438,1.1765601240542458e-15,0.5994012610190383
GALAXY,0.3415469,7.77e-05,21.22312,0.09176579,0.08190069,19.30888,0.02672427,0.05665852,85635.72038712322,9.217435880695126e-17,2.141507759146144
GALAXY,0.2442659,2.85e-05,19.66627,0.02254584,0.08370619,18.23068,0.01081022,0.05790756,64494.80723542075,3.866785890277765e-16,1.0455616664584442
GALAXY,0.3299072,7.7e-05,20.4171,0.04515503,0.2425179,18.81347,0.01786282,0.16777279999999994,83230.51209432408,1.936502781860985e-16,1.4774597293170708
GALAXY,0.6010914,0.000148579,22.33217,0.2167266,0.15147779999999994,20.5629,0.06934349,0.1047917,131534.85146808284,3.318869111683933e-17,3.5688611552716374
GALAXY,0.2152824,4.51e-05,18.80147,0.0197287,0.05144716,17.30986,0.008624784,0.03559091,57722.86384225185,8.575710768140933e-16,0.7020849318076458
GALAXY,0.4930952,0.00013099799999999998,21.71885,0.1181529,0.2128147,20.37159,0.05391118,0.14722420000000006,114124.1281291868,5.838726404200166e-17,2.6907023143160953
GALAXY,0.4560596,0.000125527,21.4786,0.0860081,0.4541742,19.552570000000006,0.02585256,0.3141956,107624.55340892059,7.284808256762263e-17,2.408882697986647
GALAXY,0.09999888,5.63e-06,18.02914,0.007293219,0.05480988,17.32626,0.005746495,0.03791722,28486.763657515603,1.7466348659548004e-15,0.49195304414802565
GALAXY,0.539021,0.000163373,22.32624,0.2032397,0.16078889999999998,20.5462,0.06366481,0.111233,121799.3830554986,3.3370454768178763e-17,3.559128369483585
GALAXY,0.08556279,1.3699999999999998e-05,18.42987,0.007877544,0.1203614,17.64819,0.006018853,0.08326544,24557.378116541273,1.2075639106982927e-15,0.591656516614977
GALAXY,0.33517129999999995,7.840000000000001e-05,20.15502,0.03758093,0.03900692,18.18694,0.0117826,0.02698481,84322.33610396717,2.465188455187533e-16,1.3094823595369602
GALAXY,0.4502542000000001,0.000126627,21.7792,0.09457147,0.084526,20.15822,0.03424411,0.0584747,106579.7356920487,5.523039194221319e-17,2.766531708816257
GALAXY,0.3825064,7.54e-05,20.902420000000006,0.05107402,0.09683469,19.03697,0.01578992,0.06698979,93843.23108028149,1.238483215506295e-16,1.8474796029577996
GALAXY,0.2416403,6.51e-05,19.23484,0.02018595,0.1197244,17.66934,0.008107033,0.08282479,63890.56424494469,5.753367625272068e-16,0.8571634660053972
GALAXY,0.3296106,5.600000000000001e-05,20.26352,0.02855959,0.07842118,18.62329,0.01133114,0.05425141,83168.79415863914,2.230746011750447e-16,1.376574284342817
GALAXY,0.5295491999999999,8.75e-05,22.02241,0.1138684,0.1823368,20.63051,0.05183939,0.1261397,120250.25420843055,4.414628119006367e-17,3.0944085492674973
GALAXY,0.32669970000000004,5.78e-05,20.78706,0.06786937,0.07100105,19.09693,0.02144452,0.04911819,82561.94308815643,1.3773176890109635e-16,1.7518933023352472
GALAXY,0.5561359,0.000184402,22.10067,0.1680314,0.055313699999999986,20.34774,0.04877674,0.03826576,124555.10957421729,4.1076187272464254e-17,3.2079652285591056
GALAXY,0.1512552,2.32e-05,18.34477,0.01018345,0.04845053,17.175060000000002,0.0059758,0.03351785,41949.56127990137,1.3060208948216377e-15,0.5689179707186237
GALAXY,0.5331014000000001,0.000120295,21.87833,0.1528879,0.07065927,20.22433,0.05395724,0.04888176,120833.24912465394,5.041109432383176e-17,2.895753915699819
GALAXY,0.4983885,0.00012374899999999998,21.2296,0.0895555,0.04539515,19.46693,0.02929385,0.03140415,115030.09805728862,9.162587292199357e-17,2.147907884845279
GALAXY,0.02756233,1.03e-05,17.85941,0.009628524,0.02830583,17.50839,0.01085289,0.01958184,8149.147264680423,2.04218050112445e-15,0.4549646481903268
GALAXY,0.1342817,2.79e-05,17.8822,0.007296261,0.06705353,16.842879999999994,0.005060214,0.04638733,37575.090006427556,1.999761141965526e-15,0.459764730173978
GALAXY,0.5636315,0.000113732,21.63653,0.1074443,0.201916,20.05937,0.04008239,0.1396845,125744.63352749738,6.298630403706595e-17,2.59060770145391
GALAXY,0.4327708,9.86e-05,22.12881,0.14549979999999998,0.03383845,20.289620000000006,0.04251044,0.02340928,103389.61515499593,4.0025256633360464e-17,3.24980761716486
GALAXY,0.06322698,9.54e-06,19.5447,0.01442087,0.07282482,18.81659,0.01106313,0.05037987,18356.863356953036,4.324920464758351e-16,0.9886342506887142
GALAXY,0.09936125,8.98e-06,18.38148,0.009216038,0.08570874,17.713620000000006,0.007273495,0.05929291,28314.494359741126,1.2626009890796581e-15,0.5786176169054492
GALAXY,0.5366820999999999,0.000112448,22.19941,0.1933708,0.09386623,20.23962,0.04613495,0.06493622,121418.45757510133,3.750542794353387e-17,3.3572033845884066
GALAXY,0.2958675,5.5e-05,19.94084,0.03270306,0.1246392,18.23522,0.01095216,0.0862248,76006.00154812296,3.0027703935929147e-16,1.1864888253508972
GALAXY,0.0835261,1.13e-05,18.8927,0.01518376,0.173406,18.36019,0.01295386,0.1199614,23998.083329013574,7.884572032749182e-16,0.7322099939460127
GALAXY,0.5065804,9.86e-05,21.75349,0.1056244,0.1939116,20.16202,0.03762259,0.1341471,116421.0719973932,5.655384343642924e-17,2.733969418053861
GALAXY,0.34363140000000003,6.52e-05,21.06778,0.06676727,0.1208838,19.35318,0.02120564,0.08362687,86063.00813496776,1.0635211357095941e-16,1.9936625561944743
GALAXY,0.1315811,2.68e-05,18.69217,0.01092699,0.2814177,17.57099,0.007042569,0.1946835,36871.48347653533,9.483968988247282e-16,0.6676204824611887
GALAXY,0.40267,0.000103463,20.88456,0.0646596,0.07792806,19.04119,0.02039947,0.05391027,97740.78998520768,1.2590243372361318e-16,1.8323467080761848
GALAXY,0.3414139,5.6100000000000015e-05,20.50674,0.04541169,0.0723364,18.80562,0.01697143,0.05004198,85608.4221809382,1.7830442662647812e-16,1.539726740600506
GALAXY,0.5708293000000001,0.000112087,21.58588,0.12702449999999998,0.08643153,19.89803,0.04780947,0.05979293,126877.07081267393,6.599425418967982e-17,2.530880573533645
GALAXY,0.2590435,8.25e-05,20.16463,0.0409423,0.1046327,18.69675,0.01831395,0.07238442,67861.80998492418,2.4434650145974446e-16,1.3152904059567028
GALAXY,0.6086090999999999,0.000218275,22.80562,0.260872,0.08897534,21.45469,0.12631810000000002,0.06155273,132666.5151521778,2.1459031891933956e-17,4.438330637628679
GALAXY,0.363134,7.35e-05,20.70837,0.05036476,0.0543895,18.99948,0.01760156,0.0376264,90010.5329205289,1.4808467795375432e-16,1.6895445675710241
GALAXY,0.1810756,4.98e-05,19.72057,0.01785479,0.03796355,18.5274,0.01100061,0.02626301,49437.53348300049,3.678155833759333e-16,1.0720366977095237
GALAXY,0.1058171,3.74e-05,18.85306,0.01255787,0.12697,17.81721,0.007884107,0.08783723,30053.196543129143,8.177755564119616e-16,0.7189648399313735
GALAXY,0.1294452,2.27e-05,17.99701,0.007467475,0.1755859,17.13245,0.005480690999999999,0.1214695,36313.51845862025,1.7990951185794793e-15,0.48472749226340994
GALAXY,0.1629451,1.13e-05,18.30441,0.01052045,0.13959820000000006,17.52959,0.00780815,0.09657341,44914.72117013144,1.3554831561312487e-15,0.5584414579789906
GALAXY,0.4450583,9.51e-05,21.91037,0.09283476,0.05766812,20.10051,0.02956849,0.03989454,105638.52371314481,4.8945201999412714e-17,2.9387974360872384
GALAXY,0.5281231,0.000107243,21.66191,0.08771358,0.03639472,19.87556,0.029693200000000006,0.0251777,120015.51222501062,6.153102152363439e-17,2.6210641616753976
GALAXY,0.32490630000000004,0.000117132,21.78779,0.08156003,0.03579456,20.32924,0.03513027,0.02476251,82187.03396577669,5.4795150639258065e-17,2.777497343758165
GALAXY,0.5256430000000001,0.000296869,21.61505,0.1355654,0.06057394,19.93938,0.05249247,0.04190477,119606.33674744329,6.424482126449484e-17,2.565107983060658
GALAXY,0.09698931,1.17e-05,18.33521,0.008948809,0.27840590000000004,17.447229999999998,0.00659863,0.1925999,27672.620861517495,1.317571296842398e-15,0.56641879047153
GALAXY,0.08679748,1.86e-05,17.41899,0.006971486,0.1831128,16.782220000000002,0.006053741999999999,0.1266766,24895.841945422966,3.063812087279636e-15,0.3714442606657669
GALAXY,0.1156469,1.98e-05,18.85265,0.01272771,0.2312657,17.953789999999994,0.008790828,0.1599886,32677.270125306302,8.18084426366761e-16,0.7188291035728299
GALAXY,0.35067950000000003,7.829999999999999e-05,20.6738,0.06694541,0.1693688,18.93244,0.02105232,0.1171686,87500.04499565081,1.5287558262981282e-16,1.6628598689334622
GALAXY,0.5462899,0.000217142,22.89411,0.1833973,0.2033515,21.10565,0.06087508,0.14067770000000002,122976.55891833911,1.9779446085213026e-17,4.622933564262686
GALAXY,0.6889879,0.000200278,22.93296,0.3675855,0.1978348,20.9704,0.09861106,0.13686120000000002,144164.45454864652,1.9084207291963775e-17,4.706387178885796
GALAXY,0.06953221,9.88e-06,16.65855,0.0050889870000000005,0.04612459,16.05826,0.004538196,0.03190878,20122.15891166832,6.172173494435606e-15,0.2617011627767117
GALAXY,0.4691885,0.00013247200000000002,22.12171,0.1322866,0.04044698,20.4835,0.05066664,0.02798103,109961.17818865928,4.028785313000206e-17,3.239199168507806
GALAXY,0.4007802,3.99e-05,21.08341,0.07608045,0.1357597,19.60968,0.03131939,0.09391793,97379.41430067587,1.0483206126223396e-16,2.0080644714861333
GALAXY,0.5118393,0.000112316,21.61788,0.09602303,0.0729224,19.85851,0.0318717,0.05044738,117306.97003867467,6.407758349611353e-17,2.5684531731611995
GALAXY,0.11021,1.9e-05,17.6287,0.005984791999999999,0.04522675,16.72261,0.004447684,0.03128765,31229.35597132678,2.525678836769736e-15,0.40910581472328217
GALAXY,0.05097676,1.15e-05,16.2168,0.003316042,0.05998706,15.372420000000002,0.0027327370000000003,0.04149877,14893.404306852837,9.27124643882809e-15,0.21352840316607213
GALAXY,0.5294066999999999,0.000148229,22.47082,0.2317189,0.05433148,20.70559,0.07356595,0.03758626,120226.8158508167,2.9209903701426435e-17,3.8041676867505347
GALAXY,0.1217509,2.23e-05,17.70799,0.00718181,0.05975336,16.67249,0.004897515,0.0413371,34292.63210172397,2.3478055515402645e-15,0.4243201464471853
GALAXY,0.507233,4.9e-05,22.32071,0.16652020000000006,0.1911253,20.78335,0.06093783,0.13221960000000002,116531.30578012952,3.354085469580379e-17,3.5500760143114123
GALAXY,0.6285092,0.00017342,20.97546,0.0875532,0.0274372,20.08751,0.06210917,0.01898093,135614.4773561999,1.157908188543223e-16,1.9106786564668439
GALAXY,0.14584760000000002,1.89e-05,17.11669,0.005514846,0.04458736,15.98627,0.003761226,0.03084533,40564.813180633144,4.0474558972879124e-15,0.32317194517809883
GALAXY,0.09326131,1.74e-05,17.23844,0.005644906999999999,0.0443736,16.28705,0.00411181,0.03069745,26660.454710559075,3.618112989095707e-15,0.3418091247895259
GALAXY,0.5515111,0.000138822,22.32344,0.1354273,0.07217769,20.68697,0.05362934,0.04993219,123815.92077139413,3.345662474118972e-17,3.55454201733009
GALAXY,0.7125130999999999,0.00014926,22.55926,0.2556257,0.1111955,21.03447,0.1130755,0.07692454,147331.10941041034,2.6924901625241023e-17,3.962302717280713
GALAXY,0.6385400999999999,0.00016696400000000002,22.59508,0.233843,0.14572020000000002,20.65863,0.06593548,0.1008086,137074.6189349442,2.6051103552571317e-17,4.028205817033092
GALAXY,0.6088541000000001,0.000213996,23.04514,0.3510398,0.1023843,20.86235,0.07765732,0.07082897,132703.22827281946,1.7210842297976857e-17,4.955912754138706
GALAXY,0.3605456,6.39e-05,20.58088,0.05412003,0.06925447,18.92595,0.0182806,0.04790992,89491.79808671332,1.66535231541853e-16,1.5932049691125982
GALAXY,0.25853960000000004,2.21e-05,21.23242,0.06239858,0.1475519,21.55875,0.1023902,0.1020757,67747.94061242559,9.138820036659907e-17,2.150699094608129
GALAXY,0.5919123000000001,0.00017470099999999998,22.90557,0.25015370000000003,0.1212725,21.18145,0.0832807,0.08389572,130139.49561433788,1.9571770980136784e-17,4.647395704877218
GALAXY,0.07273856,5.09e-06,17.86422,0.006358079,0.09060982,17.45908,0.0062264090000000005,0.06268346,21015.337012937318,2.0331532975434285e-15,0.4559735513956434
GALAXY,0.5883344,0.000195855,22.83824,0.2394994,0.07897845,21.06722,0.08345698,0.05463693,129591.51939917207,2.0823902668590633e-17,4.505506828913409
GALAXY,0.2285398,2.4100000000000006e-05,18.67136,0.01153842,0.1004506,17.7785,0.008290465,0.06949127,60848.3233979543,9.667498763626963e-16,0.6612529952882549
GALAXY,0.33687490000000003,9.91e-05,21.46722,0.06593306,0.06230045,19.98694,0.02524229,0.04309916,84674.24086525415,7.361564560940291e-17,2.396291527752285
GALAXY,0.0629528,1e-05,16.0745,0.004458988,0.08147522,15.460770000000002,0.003805068,0.05636418,18279.832991598843,1.0569589612606902e-14,0.19998418491176712
GALAXY,0.6514926,0.000115694,22.41984,0.2371256,0.1635325,20.75876,0.07709152,0.113131,138934.90504176365,3.0614144320054186e-17,3.7158968706970037
GALAXY,0.3462349,8.02e-05,21.20458,0.0756829,0.1583501,19.39862,0.02431738,0.1095459,86595.21873707481,9.376184081371073e-17,2.1233014301828974
GALAXY,0.6009204,0.000216041,22.295720000000006,0.14181729999999998,0.04432641,21.14054,0.07513846,0.03066481,131508.9940897733,3.4321805448356433e-17,3.509454791814305
GALAXY,0.07328404,2.93e-05,18.65375,0.009305634,0.1022807,17.81506,0.006845498,0.0707573,21166.98629894549,9.825578397574723e-16,0.6559121145202902
GALAXY,0.1560039,2.59e-05,18.43486,0.008138783,0.03963588,17.48506,0.005677724,0.02741992,43158.736659765535,1.2020267295316021e-15,0.5930176947924205
GALAXY,0.1024824,2.11e-05,17.47459,0.006888111,0.07229259,16.53593,0.004775223,0.05001168,29156.607276372968,2.9108654088030475e-15,0.3810778025891782
GALAXY,0.5098755,0.000208327,23.38463,0.373393,0.09453005,21.10154,0.07382169,0.06539545,116976.79688395644,1.2589431675539721e-17,5.794575852677367
GALAXY,0.1321655,1.83e-05,17.51885,0.006621846999999999,0.08640508,16.66305,0.004785369,0.05977464,37023.91890632255,2.7945901578889493e-15,0.38892481363505954
GALAXY,0.5465406,0.000188458,22.88328,0.2533651,0.1198,20.88104,0.06303831,0.08287707,123016.97954943095,1.997772935056558e-17,4.5999345488976235
GALAXY,0.17297279999999998,4.2100000000000014e-05,18.54751,0.01141221,0.09507237,17.32281,0.006391705,0.06577063,47427.585346544336,1.0835628958889236e-15,0.6245937760770816
GALAXY,0.3137535,6.78e-05,20.60806,0.04899705,0.044451300000000006,18.90727,0.01705437,0.03075121,79837.83704463058,1.6241798761289e-16,1.6132722081573756
GALAXY,0.09558899,7.65e-06,18.24076,0.007538493,0.08649609,17.61836,0.006337546,0.0598376,27292.90590855274,1.4373221726189175e-15,0.542310049369314
GALAXY,0.5512196,0.00016956,22.04202,0.1334153,0.07155871,20.38055,0.04650955,0.04950399,123769.19496787524,4.335609160368231e-17,3.1224799061816153
GALAXY,0.1124961,2.9100000000000006e-05,18.4106,0.009780248,0.04466726,17.442420000000002,0.006414051,0.0309006,31839.218461907178,1.2291874719112717e-15,0.5864292882193044
GALAXY,0.2314377,3.16e-05,18.97242,0.01391882,0.04406499,17.58111,0.006704585999999999,0.03048396,61525.223422289295,7.326391548638029e-16,0.7595907235023911
GALAXY,0.1156937,4.07e-05,18.47416,0.009147727,0.07218479,17.47995,0.006458675,0.0499371,32689.696315104098,1.1592954335921118e-15,0.6038480278953471
GALAXY,0.1247524,2.57e-05,16.63622,0.004262433,0.05165325,15.6566,0.003158931,0.03573348,35082.99839758129,6.300429048896211e-15,0.2590237891981731
GALAXY,0.1289463,4.07e-05,18.17963,0.01070926,0.0573389,17.06285,0.006477568,0.03966679,36183.00090364566,1.5205689753848558e-15,0.5272561477625457
GALAXY,0.5873036,0.000224509,22.32405,0.2478781,0.06485939,20.76268,0.08375833,0.04486943,129433.21887830505,3.343783305956088e-17,3.555540683120128
GALAXY,0.4767479,6.07e-05,21.96125,0.1046408,0.04576484,20.4779,0.04445767,0.0316599,111290.23712926687,4.670443527629924e-17,3.008469772417709
GALAXY,0.6487765999999999,0.000112823,21.1873,0.08839803,0.04157317,20.13592,0.05506687,0.02876013,138547.15042617262,9.526604269329973e-17,2.106471813645362
GALAXY,0.5225927,0.00017192,22.27689,0.146481,0.05871193,20.48676,0.04502568,0.04061664,119101.4449785545,3.492224261657302e-17,3.4791539972218826
GALAXY,0.4016288,8.39e-05,21.27593,0.07397460000000003,0.04281409,19.54441,0.02343347,0.02961859,97541.78673995627,8.779830369342211e-17,2.194227492724241
GALAXY,0.449532,7.75e-05,21.29187,0.07707517,0.05673228,19.585,0.02838259,0.03924713,106449.25766327287,8.651872787950493e-17,2.210393792537759
GALAXY,0.637646,0.000174789,22.01287,0.1975667,0.03840702,20.48691,0.07689709,0.0265698,136945.16368278922,4.4535888930932576e-17,3.0808436035368807
GALAXY,0.037173000000000005,8.35e-06,18.57281,0.0116147,0.6669889,17.858439999999995,0.009289111,0.4614199000000001,10937.1915353218,1.0586054491995447e-15,0.6319135271879134
GALAXY,0.03070261,5.79e-06,16.02346,0.003681961,0.09987697,15.17965,0.002840275,0.06909443,9063.175784301711,1.1078325599393707e-14,0.1953384117616972
GALAXY,0.5763921,0.000169035,22.17139,0.2205009,0.3829739,20.60367,0.07708132,0.2649396,127745.73136277992,3.848594237059135e-17,3.3141613808779624
GALAXY,0.1167989,1.62e-05,18.68091,0.01312,0.1654049,17.99609,0.0104165,0.11442639999999997,32982.96106746694,9.582837533042821e-16,0.6641675489662473
GALAXY,0.5303621999999999,0.000148661,22.09796,0.13592720000000005,0.1107636,20.58792,0.05570458,0.07662571,120383.90095885626,4.117884158734502e-17,3.2039641815345448
GALAXY,0.6356235,0.000197743,23.25643,0.3917588,0.09923722,20.97796,0.08185724,0.06865185,136651.8297715214,1.416726851347618e-17,5.4623767671810874
GALAXY,0.1335561,3.45e-05,18.58935,0.009985211,0.06725387,17.45147,0.006443197,0.04652592,37386.24994869945,1.0426009713432594e-15,0.636745159663868
GALAXY,0.6111984,0.000167821,22.49747,0.2201678,0.05646067,20.69085,0.07330293,0.03905923,133053.98798944108,2.850165804316583e-17,3.8511430638989093
GALAXY,0.7397283,0.000116792,22.09469,0.14377939999999995,0.1556386,21.27079,0.1022357,0.1076701,150888.47147961712,4.130305020316474e-17,3.1991429928305943
GALAXY,0.5187678,0.000106739,23.16405,0.4573649,0.1815403,20.81561,0.07884467,0.1255887,118465.7693352513,1.542546004559155e-17,5.234867000665925
GALAXY,0.06697313,3.01e-05,18.13314,0.007957418,0.04468637,17.32761,0.00616771,0.03091382,19407.104951034147,1.5870920829058996e-15,0.5160878707571376
GALAXY,0.89771,0.000102789,21.89234,0.14715350000000002,0.06791898,21.00147,0.09639944,0.04698604,169484.82901057941,4.976478420782966e-17,2.914497266140638
GALAXY,0.04467796,8.900000000000001e-06,17.6889,0.006397162,0.02336401,17.17655,0.0061262190000000005,0.01616311,13095.190155734219,2.3894509793481347e-15,0.4206061826709378
GALAXY,0.3314679,5.25e-05,20.1056,0.03155686,0.05762745,18.48926,0.01262316,0.0398664,83554.91748269484,2.5799906092449333e-16,1.280016748577078
GALAXY,0.4266934,8.66e-05,20.72814,0.04904833,0.05330533,18.95486,0.01800831,0.03687638,102265.20025808501,1.4541262860687882e-16,1.7049971299670257
GALAXY,0.6062556,0.000150393,22.334570000000006,0.17969229999999994,0.05732302,20.44262,0.05480663,0.039655800000000005,132313.30691327358,3.3115409146900355e-17,3.5728077869768065
GALAXY,0.03550356,9.57e-06,17.5838,0.006935441999999999,0.06910479,17.134120000000006,0.006785306,0.04780637,10454.869837636428,2.632316616129539e-15,0.4007335025287811
GALAXY,0.1863575,2.14e-05,18.45588,0.008695541999999999,0.08701079,17.32943,0.00567434,0.06019366,50737.90609357257,1.1789791512149058e-15,0.5987860200907312
GALAXY,0.3269796,5.6100000000000015e-05,20.55501,0.03919208,0.1934393,18.8158,0.01460307,0.1338204,82620.38513861106,1.705509430700557e-16,1.5743368185245115
GALAXY,0.5039093,0.000140376,21.96316,0.15302449999999998,0.1813683,20.73889,0.06990685,0.1254697,115968.99844816935,4.662234622652864e-17,3.0111171489692596
GALAXY,0.5693060999999999,0.000158466,22.63741,0.16525079999999998,0.150001,20.73175,0.04904751,0.10377,126638.22294584264,2.5054983738269322e-17,4.10750075824921
GALAXY,0.1429204,5.87e-06,18.31017,0.008235728000000001,0.1160714,17.788870000000006,0.007670257,0.08029764,39811.75957723077,1.3483111475924677e-15,0.5599247339027095
GALAXY,0.1932404,4.45e-05,18.95874,0.01501378,0.2361749,17.77931,0.008839709,0.16338470000000002,52420.84627844034,7.419286214162735e-16,0.7548204404187248
GALAXY,0.08590744,2.0600000000000006e-05,17.52423,0.006355089,0.06555147,16.6314,0.004678418,0.0453482,24651.901631046865,2.7807767598869886e-15,0.3898896012580618
GALAXY,0.05643735,1.32e-05,18.43193,0.009146338,0.1060858,17.55971,0.006858810999999999,0.07338966,16442.76490648474,1.2052749354802436e-15,0.5922180667982181
GALAXY,0.4517208,0.000211332,22.19849,0.1233066,0.17834239999999998,20.66169,0.04798566,0.12337639999999997,106844.36069064705,3.7537221685524624e-17,3.355781320506618
GALAXY,0.4954429,0.000129457,22.01506,0.1509605,0.0348626,20.20982,0.04530562,0.02411779,114526.64474835541,4.444614770589514e-17,3.0839523010795276
GALAXY,0.3924362,3.48e-05,22.40209,0.1385004,0.17963110000000002,21.41882,0.07960703,0.1242679,95774.18997689802,3.1118748680413283e-17,3.6856462769575122
GALAXY,0.005710164,8.59e-06,19.09563,0.028317900000000007,0.10153510000000003,18.703,0.02612396,0.07024153,1706.9766679888344,6.540427338729897e-16,0.803936325078945
GALAXY,0.5184574000000001,0.000217197,22.911620000000006,0.1734616,0.08780863,21.16124,0.06462029,0.0607456,118414.0568620924,1.9463015351831522e-17,4.660361998492515
GALAXY,0.09388811,1.09e-05,17.928539999999995,0.00868756,0.1159909,17.16293,0.006464667,0.08024194,26830.9179717673,1.9162056889995398e-15,0.4696817140473277
GALAXY,0.08187561,9.82e-06,18.4745,0.01126932,0.08891989,17.7784,0.009392411,0.06151437,23543.94723183198,1.158932455240513e-15,0.6039425832774815
GALAXY,0.5457501,0.000102419,21.97806,0.15863210000000005,0.1510463,20.30231,0.05153605,0.1044931,122889.48587413116,4.598689901009775e-17,3.0318495908715053
GALAXY,0.07435829,5.49e-06,17.998160000000006,0.006974666,0.09690376,17.61587,0.006834273,0.06703757,21465.382227093647,1.7971905453927196e-15,0.4849842692997784
GALAXY,0.07386193,9.85e-06,17.70014,0.008141921,0.07471101,17.13965,0.007442896,0.05168473,21327.549989226387,2.3648419742740953e-15,0.4227889735616965
GALAXY,0.07365531,5.45e-06,18.59875,0.0083186,0.1808198,18.41157,0.008947378,0.12509030000000002,21270.15304498338,1.0336133862509735e-15,0.6395075149105813
GALAXY,0.12784310000000002,3.15e-05,18.53848,0.01091659,0.06992522,17.49952,0.006732406999999999,0.04837394,35894.13771528963,1.0926124005329333e-15,0.6220018154515621
GALAXY,0.01052816,1.39e-05,17.69408,0.009501756,0.09825698,17.41985,0.01071545,0.06797373,3139.649055038337,2.378078164288605e-15,0.4216107272152926
GALAXY,0.6106077,0.000135155,22.90682,0.2375018,0.07300126,21.3264,0.09444749,0.05050193,132965.69683363332,1.954925111205126e-17,4.650071731043385
GALAXY,0.3060797,5.22e-05,19.58369,0.02906998,0.1306059,18.07565,0.01235813,0.09035258,78203.60235859068,4.172363381649035e-16,1.0065460578870142
GALAXY,0.08454782,9.34e-06,16.226770000000002,0.004310319,0.1943771,15.54204,0.003547691,0.1344692,24278.810081813277,9.18650096945959e-15,0.2145110418935323
GALAXY,0.1112935,2.67e-05,17.80723,0.007432905,0.1174346,16.90435,0.005607566,0.08124068,31518.590364333588,2.142723463024844e-15,0.44416225799906284
GALAXY,0.5256928000000001,0.000136467,22.1051,0.12802629999999998,0.08599474,20.70257,0.05852726,0.05949076,119614.56469452666,4.090893045351156e-17,3.214516447868637
GALAXY,0.6491314,0.00019984,22.13515,0.1711324,0.08760323,20.75565,0.07819878,0.06060351,138597.8738989526,3.979221598487596e-17,3.259309873651102
GALAXY,0.4623623,0.000120994,22.21441,0.1196693,0.3852045,20.32395,0.03179213,0.2664827,108750.79859893801,3.6990834180527004e-17,3.38047440671853
GALAXY,0.499278,0.000247441,22.62189,0.2627737,0.1403529,20.18991,0.04337202,0.09709547,115181.78523611794,2.541570290547696e-17,4.078248191571752
GALAXY,0.5970574000000001,0.000225442,22.96851,0.202634,0.07621495,21.29908,0.0740034,0.05272515,130923.47537085348,1.8469456905814448e-17,4.78407139570562
GALAXY,0.09109195,1.97e-05,17.20228,0.00545626,0.09944644,16.245260000000002,0.003855603,0.06879658,26069.59078541162,3.740641822442792e-15,0.33616434796153244
GALAXY,0.7186071999999999,0.00027838200000000003,23.95259,0.4712349,0.132125,21.80735,0.123825,0.09140349,148137.43672965516,7.461430966067587e-18,7.526856777597634
GALAXY,0.04683521,5.89e-06,17.99308,0.008910489,0.1235898,17.564529999999998,0.009823968,0.08549888,13712.383944017032,1.8056190380666003e-15,0.48385101037497585
GALAXY,0.1092989,8.24e-06,18.26323,0.008608736,0.07482394,17.63908,0.007011235,0.05176285,30985.87867092295,1.4078815745541873e-15,0.547950909701103
GALAXY,0.2344906,3.48e-05,18.92517,0.01330772,0.02946509,17.65288,0.007185216,0.02038382,62235.902726429405,7.652267182283149e-16,0.7432409885282545
GALAXY,0.1273882,1.6e-05,18.73873,0.01080034,0.06733874,17.88661,0.007913666,0.04658463,35774.924136779475,9.08586176834158e-16,0.6820899525916714
GALAXY,0.05353043,1.32e-05,16.33521,0.003654102,0.03700885,15.476120000000002,0.00288538,0.02560255,15619.073849769393,8.313312866190052e-15,0.22549538202295485
GALAXY,0.5026312,0.000148183,21.85835,0.1457901,0.1321527,20.2298,0.04759971,0.09142265,115752.1806103768,5.134736067858836e-17,2.869231910704522
GALAXY,0.6125956,0.000214237,21.09007,0.08803654,0.0524039,20.00526,0.05087498,0.03625277,133262.58262246722,1.0419098054331117e-16,2.0142327466057486
GALAXY,0.5970248,0.000247503,22.49589,0.179499,0.02411418,21.04968,0.06995279,0.01668208,130918.52285926424,2.8543164812402616e-17,3.8483419263632506
GALAXY,0.5452942,0.000186918,22.59832,0.2040948,0.07912452,20.86156,0.0602002,0.05473797,122815.90329797103,2.5973479023831295e-17,4.034220688997116
GALAXY,0.5604206,0.000133556,22.55337,0.3186986,0.04872844,20.38602,0.05215453,0.03371011,125236.35943298975,2.7071363177468476e-17,3.9515697510097425
GALAXY,0.5651104,0.000168178,21.63995,0.1531136,0.06037903,20.08856,0.0605364,0.04176993,125978.0933296227,6.278821333516973e-17,2.5946910409325836
GALAXY,0.07570489,2.0600000000000006e-05,18.30049,0.008382770999999999,0.1855779,17.32076,0.005490600000000001,0.1283819,21838.94772058546,1.360385910192775e-15,0.5574342539308036
GALAXY,0.4749475,0.000196772,21.94456,0.09161474,0.02695593,20.47891,0.03764644,0.01864799,110974.77372732204,4.742792508500455e-17,2.985435221888994
GALAXY,0.3884416,0.000167753,21.13027,0.07393472,0.1508392,19.37994,0.02422973,0.1043499,95000.10740185076,1.0040379428152179e-16,2.0518691046549558
GALAXY,0.02518537,8.45e-06,17.19724,0.00438471,0.17333579999999998,16.82974,0.004088835999999999,0.1199129,7455.333775614672,3.7580462895932636e-15,0.3353850133389297
GALAXY,0.6838835,0.000183688,23.14294,0.3508407,0.1077518,20.87516,0.06958015,0.07454219,143465.87742675393,1.5728312347668282e-17,5.184222734788597
GALAXY,0.4558617999999999,0.000199812,22.76951,0.209578,0.260939,21.21826,0.08148967,0.1805164,107589.0723048847,2.218472886158881e-17,4.365134725166555
GALAXY,0.5229302,0.00015790799999999998,22.06361,0.1859661,0.13950810000000002,20.2753,0.05858011,0.09651103,119157.39800065874,4.250246566583088e-17,3.153680206030774
GALAXY,0.3150732,6.15e-05,20.65066,0.06557754,0.2713285,18.73053,0.01747268,0.1877038,80117.41330342,1.5616874678337537e-16,1.6452339103153948
GALAXY,0.07141354,1.32e-05,17.21271,0.005705511999999999,0.5172198,16.1496,0.003895135,0.3578102,20646.600928116655,3.704879823700931e-15,0.33778289402017575
GALAXY,0.8368613000000001,0.00035811800000000004,23.50921,0.6602551,0.1263116,21.24961,0.1336485,0.08738176,162715.007441763,1.1224684044414505e-17,6.136738992422383
GALAXY,0.4977382000000001,0.00014367200000000002,22.42941,0.1485981,0.1753441,20.62213,0.04926779,0.12130230000000003,114919.1011040013,3.034548794604366e-17,3.7323095175840684
GALAXY,0.09916437,1.96e-05,18.14516,0.008856975,0.17140139999999998,17.357870000000002,0.007238631999999998,0.1185747,28261.279034451683,1.5696185593113309e-15,0.5189525523584526
GALAXY,1.008918,0.000281723,23.48534,0.2705528,0.06500149,22.24902,0.1448509,0.04496773,180726.8304880333,1.147419232913828e-17,6.069650050547815
GALAXY,0.4822663,9.46e-05,22.59444,0.16647779999999998,0.06991868,20.77139,0.05030886,0.04836942,112252.9985054025,2.6066464209356857e-17,4.027018755280344
GALAXY,0.05605697,7.2999999999999996e-06,19.39511,0.02089196,0.1082635,19.084570000000006,0.02538139,0.07489617,16335.125085091782,4.963798291191457e-16,0.922821389653793
GALAXY,0.1330412,7.77e-06,18.30759,0.0071192769999999985,0.03018189,17.558529999999998,0.005934129000000001,0.0208797,37252.153693425964,1.3515189057151716e-15,0.559259863396252
GALAXY,0.3255685,7.070000000000001e-05,20.34819,0.03968531,0.03213802,18.69866,0.01557273,0.02223293,82325.55797012807,2.0633938187467719e-16,1.4313098244849511
GALAXY,0.5749707,0.000139866,23.18819,0.4460335999999999,0.05104103,20.77821,0.08048684,0.03530995,127524.31209498699,1.5086278655038663e-17,5.293387070908812
GALAXY,0.1090935,6.38e-06,19.4816,0.04386752,0.09542102,19.28551,0.01903052,0.06601182,30930.95537069117,4.583720471152543e-16,0.9603192891677913
GALAXY,0.5680598000000001,9.43e-05,21.65836,0.1020524,0.0443325,20.43345,0.0543075,0.03066902,126442.4764545431,6.173253697504363e-17,2.616782653890102
GALAXY,0.01001837,9.45e-06,15.86156,0.004613315,0.05164785,15.40581,0.005541406,0.03572974,2988.3877695729357,1.2859797360455413e-14,0.18130411125599727
GALAXY,0.1860125,4.18e-05,18.80857,0.01744869,0.2074314,17.51091,0.008677011,0.1435001,50653.20530356503,8.519814227894593e-16,0.7043842754307131
GALAXY,0.08939677,7.32e-06,17.5168,0.005743003000000001,0.06470618,17.11701,0.005795164,0.04476343,25606.91731864219,2.7998716633209754e-15,0.3885578185789216
GALAXY,0.3616161,5.93e-05,20.41742,0.04579473,0.02738959,18.68942,0.01636622,0.01894799,89706.52550401782,1.9359321187690655e-16,1.477677471872428
GALAXY,0.5725492,0.000122444,21.54013,0.08574198,0.07027519,19.95471,0.03472782,0.04861606,127146.24899999252,6.883449414662104e-17,2.478116117229494
GALAXY,0.6669789,0.00023948,23.38984,0.4353696,0.01791424,21.85417,0.15856789999999998,0.01239299,141122.52142688166,1.2529164901495196e-17,5.808495433726907
GALAXY,0.1626277,3.5600000000000005e-05,18.25183,0.01417686,0.1198174,17.12738,0.008054169,0.08288913,44834.72185675593,1.4227419113193888e-15,0.5450817634480482
GALAXY,0.1867263,3.59e-05,19.12036,0.01297322,0.128726,17.95299,0.007796613000000002,0.08905204,50828.41355888762,6.393138679248649e-16,0.8131443566570646
GALAXY,0.09166419,9.91e-06,18.44738,0.00970038,0.03919476,17.61242,0.007786247,0.02711475,26225.584578897073,1.188245354848897e-15,0.5964467167575795
GALAXY,0.01772053,6.4e-06,16.758570000000002,0.004665694000000001,0.07959168,16.40827,0.004350809000000001,0.05506116,5265.418514709383,5.62898543861181e-15,0.2740372825666341
GALAXY,0.1817867,3.37e-05,18.83737,0.01307188,0.06826848,17.56212,0.006935237,0.04722781,49613.053271303936,8.29679052340961e-16,0.7137886735830377
GALAXY,0.6971202,0.000116274,24.1594,0.661095,0.09780588,21.2309,0.08680882,0.06766166,145268.90425705008,6.167343320811786e-18,8.27895748339533
GALAXY,0.1072874,1.7199999999999998e-05,16.91901,0.004850751,0.1062419,15.874479999999998,0.0033914540000000003,0.07349768,30447.48151468873,4.855725473516991e-15,0.29505138138424025
GALAXY,0.2240262,3.1e-05,20.23675,0.03425829,0.1637377,19.0599,0.02040554,0.113273,59789.54282337512,2.2864311339548156e-16,1.3597079984336167
GALAXY,0.6679764,0.000124752,22.66727,0.200922,0.11337089999999997,21.06488,0.08845066,0.07842947,141262.08091369292,2.4375308739008316e-17,4.164373289987672
GALAXY,0.4925587000000001,9.990000000000003e-05,21.23969,0.08533948,0.08437234,19.61971,0.03383592,0.0583684,114031.98782903896,9.077831666515336e-17,2.1579116132776424
GALAXY,0.0724771,9.79e-06,16.94353,0.004195514,0.1289384,16.24212,0.003534216,0.08919901,20942.617150856637,4.747293964881703e-15,0.29840194686450117
GALAXY,0.03152284,1.25e-05,15.35413,0.002469005,0.02893904,14.50045,0.0021507970000000003,0.0200199,9301.431095706444,2.052135934165834e-14,0.14352304911216707
GALAXY,-0.000265182,2.12e-05,20.71068,0.05341782,0.0941209,20.13237,0.04824789,0.0651124,-79.51010452363899,1.4776994960221765e-16,1.691342851806191
GALAXY,0.4446907,0.000111858,22.90365,0.337664,0.1679675,21.04334,0.09801032,0.1161991,105571.71598081388,1.960641203357774e-17,4.643288327757815
GALAXY,0.136511,3.83e-05,18.39605,0.008990505,0.04715671,17.34226,0.006122611,0.0326228,38154.329006919834,1.24577073719758e-15,0.5825130406133413
GALAXY,0.5335390999999999,0.000176947,22.170820000000006,0.2066339,0.1560322,20.74964,0.08021379,0.1079424,120904.91672465745,3.850615238698891e-17,3.3132915452471745
GALAXY,0.4839978,0.000159941,22.24243,0.2048249,0.07581954,20.64266,0.06875943,0.0524516,112553.79294864836,3.6048410938459974e-17,3.4243776375016055
GALAXY,0.5606678,0.000167306,21.950470000000006,0.1629422,0.15144760000000002,20.59795,0.08001509,0.1047707,125275.55855615235,4.717046149403278e-17,2.9935716155272423
GALAXY,0.1214029,1.57e-05,17.64692,0.006529094,0.17845260000000002,16.57921,0.004551306,0.1234527,34200.82712530669,2.4836484609075083e-15,0.41255290758633595
GALAXY,0.1334773,3.15e-05,18.44568,0.01060015,0.14519279999999998,17.35194,0.006995345,0.1004437,37365.732866246784,1.1901073166669933e-15,0.5959799539224302
GALAXY,0.5203014,0.00018295,22.63236,0.2491771,0.2041447,20.65639,0.06913321,0.1412264,118720.98877241295,2.5171791465778484e-17,4.0979594085676005
GALAXY,0.5225996,0.000120995,21.90764,0.1522674,0.05579877,19.98662,0.04310313,0.03860133,119102.58912988653,4.9068425790660785e-17,2.9351050677998995
GALAXY,0.1586654,3.47e-05,18.21752,0.009886518,0.09130786,17.114720000000002,0.006421125,0.06316635,43833.6507928689,1.4684194394199709e-15,0.5365369699366941
GALAXY,0.09668048,1.02e-05,18.19134,0.00979032,0.2122189,17.46152,0.00801713,0.146812,27588.926925183227,1.5042572911669077e-15,0.5301071381823308
GALAXY,0.10570530000000003,2.5e-05,18.77866,0.01121473,0.1144341,17.81737,0.007577299,0.07916496,30023.189784457765,8.757781893826797e-16,0.6947485551797986
GALAXY,0.1036967,2.47e-05,18.63227,0.01267066,0.1273012,17.65099,0.008380341,0.08806638,29483.467354147146,1.0021901389879993e-15,0.6494558787105958
GALAXY,0.02558804,1.3e-05,17.03416,0.0149778,0.1071891,16.55278,0.009877891,0.07415289,7572.988500411346,4.367109939788433e-15,0.3111198009458874
GALAXY,0.6453915,0.000103249,21.61489,0.13222910000000002,0.16045299999999998,20.70934,0.0894455,0.1110006,138062.14670697716,6.425428942885332e-17,2.5649189858827435
GALAXY,0.5290728,5.89e-05,20.57994,0.03623676,0.11360739999999997,19.52724,0.02018761,0.07859307,120171.88066152786,1.6667947551368246e-16,1.592515442244381
GALAXY,0.1438767,1.44e-05,18.26203,0.01002274,0.07813381,17.54589,0.008325828,0.05405261,40058.04669010807,1.4094384829956965e-15,0.5476481844917472
GALAXY,0.07982406,2.9100000000000006e-05,18.42691,0.008345716999999999,0.14220839999999998,17.64574,0.006574676999999999,0.09837914,22978.340011061573,1.2108605364801701e-15,0.5908505610816113
GALAXY,0.5332562,0.00021544,21.888070000000006,0.12931800000000002,0.1653596,20.26477,0.04444674,0.114395,120858.59980600637,4.9960885276382765e-17,2.9087718075018048
GALAXY,0.1887631,3.28e-05,17.57387,0.01279114,0.2821745,16.471510000000002,0.007631105999999999,0.195207,51327.58807800603,2.6565018653704378e-15,0.3989051583071329
GALAXY,0.2976401,7.56e-05,21.01343,0.06441884,0.1994316,19.20076,0.02080241,0.1379658,76389.32961697952,1.1181141026160879e-16,1.9443822700250264
GALAXY,0.6474348000000001,0.000107821,22.30836,0.1080119,0.08889966,20.74296,0.04468755,0.06150037,138355.1318757607,3.392455231471375e-17,3.5299426719074205
GALAXY,0.07478051,2.42e-05,17.92659,0.006943277,0.08889292,17.073439999999998,0.005170109,0.06149571,21582.569537443025,1.9196503181693637e-15,0.46926012534655914
GALAXY,0.3069415,0.000105711,20.52384,0.04330358,0.1314092,18.76675,0.01404943,0.09090825,78387.86329267574,1.7551818738676212e-16,1.5518997110906978
GALAXY,0.3726387,0.000131631,20.58042,0.06122779,0.1298076,18.63048,0.01688352,0.08980027,91901.87726592211,1.6660580341424413e-16,1.5928675037767266
GALAXY,0.4996890000000001,0.000181246,22.38766,0.1369374,0.07478063,20.77702,0.04745825,0.05173289,115251.81967181382,3.153509366049667e-17,3.6612353952133807
GALAXY,0.4024026,4.99e-05,20.10451,0.03532348,0.08327316,18.4256,0.01300028,0.05760799,97689.70544617013,2.5825820323189643e-16,1.2793743880598287
GALAXY,0.05866624,1.84e-05,17.5315,0.005633872,0.09861743,16.64604,0.004209954,0.06822308,17072.63152408003,2.7622191078442655e-15,0.39119712309371646
GALAXY,0.1409575,2.78e-05,18.7663,0.009600292,0.1814092,17.67605,0.006134662,0.125498,39305.413332824646,8.858049955869272e-16,0.6908052862787992
GALAXY,0.1036898,2.51e-05,18.32038,0.008248768,0.05577048,17.327370000000002,0.005498271999999999,0.03858176,29481.61125685097,1.3356913860855365e-15,0.5625636311419742
GALAXY,0.1800283,2.1e-05,18.66549,0.01214744,0.09765764,17.61186,0.007622778,0.06755911,49178.77391182365,9.719907348776292e-16,0.659467886984795
GALAXY,0.34786100000000003,7.62e-05,21.00655,0.05825989,0.1152988,19.14785,0.01810447,0.07976317,86926.80518298579,1.1252217679388526e-16,1.938231521706951
GALAXY,0.3305883,6.13e-05,20.95216,0.04761055,0.03028592,19.19263,0.01543811,0.02095166,83372.15761689328,1.18302555257093e-16,1.8902865851608588
GALAXY,0.05703569,1.41e-05,16.9645,0.0056627430000000005,0.04719884,16.22454,0.004131788,0.03265193,16611.9959698405,4.656484109102338e-15,0.3012975861136637
GALAXY,0.6235576,0.000140622,24.15225,0.4731641,0.03458691,21.39976,0.08013459,0.02392706,134887.36202859017,6.208091727483168e-18,8.251742217946978
GALAXY,0.08041353,7.32e-06,17.58659,0.006595616,0.02060668,17.24496,0.007229721999999998,0.01425561,23140.982403764247,2.625561075224477e-15,0.4012487128679371
GALAXY,0.5528396,0.000139275,22.15428,0.1057309,0.1162151,20.59561,0.04610046,0.08039708,124028.66893107253,3.909724224796866e-17,3.288150235903289
GALAXY,0.07560189,3.02e-05,18.73753,0.01195168,0.14482509999999998,17.855420000000006,0.008053248,0.1001893,21810.39300676697,9.095909385372299e-16,0.6817131198863229
GALAXY,0.1056365,2.7300000000000006e-05,18.88381,0.011846,0.2024452,17.84195,0.00735952,0.1400506,30004.722276621673,7.949395876544263e-16,0.7292184567927728
GALAXY,0.2965065,4.17e-05,20.54749,0.042203500000000005,0.3659605,18.81495,0.014843,0.2531698,76144.27760457886,1.717363092003679e-16,1.5688941812173913
GALAXY,0.03716421,1.29e-05,16.0205,0.004782392,0.4694562,15.213170000000002,0.00359227,0.3247676,10934.654176254931,1.1108569210905642e-14,0.19507232143831343
GALAXY,0.588214,0.000155675,22.28629,0.1903578,0.194445,20.80822,0.06560262,0.1345161,129573.03938419561,3.4621200668831955e-17,3.494247412778309
GALAXY,0.1109492,3.87e-05,18.34043,0.01167257,0.3212711,17.37869,0.007697887,0.2222538,31426.718346629303,1.3112518840277197e-15,0.5677820418459569
GALAXY,0.07106309,9.87e-06,17.24721,0.005723774,0.1579801,16.53577,0.004536557,0.1092899,20548.98837519744,3.589005511003968e-15,0.3431923924548394
GALAXY,0.3750875,6.68e-05,21.43492,0.09603841,0.7204569000000001,19.404870000000006,0.0235546,0.4984087,92385.7528156169,7.583856821598413e-17,2.360911199105634
GALAXY,0.5053769,0.000152985,22.25374,0.1421662,0.1092368,20.57767,0.05386972,0.07556955,116217.56044421774,3.5674847491800516e-17,3.4422598574555483
GALAXY,0.3820654000000001,4.42e-05,20.5965,0.04795276,0.09161928,19.2625,0.02368351,0.06338179,93756.94951715271,1.641565156169953e-16,1.60470664969599
GALAXY,0.7508944000000001,0.000457407,23.67327,0.6501865,0.02973657,21.40412,0.1494739,0.02057162,152315.99333513484,9.650506891602958e-18,6.61834881033103
GALAXY,0.4895657,0.000251641,21.80376,0.129599,0.04938724,20.57424,0.06688605,0.03416587,113516.88850984501,5.3995072072315445e-17,2.797999627116806
GALAXY,0.3446739,4.71e-05,20.27717,0.03090105,0.03841577,18.60959,0.01270699,0.02657585,86276.3121560811,2.2028763744511627e-16,1.3852547635884895
GALAXY,0.07077447,9.89e-06,16.35314,0.003610257,0.04006644,15.66796,0.003093421,0.02771778,20468.57035862917,8.177153027020429e-15,0.22736502145879853
GALAXY,0.2991261,5.13e-05,20.23605,0.03453131,0.1208106,18.59502,0.01412646,0.08357624,76710.0713659189,2.2879057258846884e-16,1.3592697510030236
GALAXY,0.05331442,1.24e-05,16.0811,0.00402787,0.047636000000000005,15.40824,0.003479903,0.03295437,15557.765984159936,1.0505533819992034e-14,0.20059294397399588
GALAXY,0.4848758,7.269999999999999e-05,20.84277,0.07074694,0.0541025,19.66148,0.03626458,0.03742786,112706.08359154302,1.308428891382366e-16,1.7974203413450316
GALAXY,0.1686355,3.07e-05,18.34774,0.01135391,0.02247994,17.40707,0.007904195,0.01555152,46344.154227260355,1.3024531943157934e-15,0.5696966324297629
GALAXY,0.4420616,0.000140279,22.18299,0.09265072,0.05930584,20.50213,0.03373957,0.0410275,105093.0570665773,3.8076947501233595e-17,3.3319129947329387
GALAXY,0.3826133,8.82e-05,21.27662,0.09091345,0.1132856,19.46693,0.02582517,0.07837044,93864.13930613323,8.774252441352604e-17,2.1949248340919563
GALAXY,0.02561533,5.89e-06,16.913710000000002,0.003793757,0.03497862,16.43695,0.003545123,0.02419805,7580.960513559608,4.879486549660371e-15,0.29433211574439905
GALAXY,0.4767921,0.000125454,21.77485,0.1062986,0.02435252,19.96091,0.03532929,0.01684696,111297.97336235303,5.5452116272939404e-17,2.7609952042018637
GALAXY,0.5845625,0.00019579900000000005,21.84164,0.1376262,0.0364625,20.51662,0.07009497,0.02522459,129011.3333899255,5.214373370417536e-17,2.8472372200551477
GALAXY,0.08701935,1.07e-05,17.47693,0.008186698000000001,0.14279920000000002,16.73399,0.00627498,0.09878786,24956.615354094123,2.9045986100737338e-15,0.3814886771142257
GALAXY,0.5821857,0.000192602,22.74099,0.2378918,0.08900014,20.49962,0.05286982,0.06156988,128644.41686259775,2.2775196108425136e-17,4.308178135272793
GALAXY,0.8591369000000001,0.000132836,22.3079,0.1269687,0.04219685,21.33612,0.08125576,0.02919158,165247.47556830724,3.39389283668843e-17,3.529194975714854
GALAXY,0.1786262,3.5e-05,18.56482,0.01077426,0.02506728,17.40326,0.006355377,0.01734143,48831.87501769651,1.0664245275420925e-15,0.629592654269242
GALAXY,0.5848111,0.000197363,21.89002,0.1161152,0.1013087,20.66536,0.05942459,0.07008489999999999,129049.65168223045,4.9871235239006103e-17,2.911385081592069
GALAXY,0.08935913,1.8e-05,16.90377,0.004603554,0.04465987,16.08578,0.003677444,0.03089549,25596.634483429527,4.924363744900494e-15,0.29298787795491027
GALAXY,0.2661672,5.19e-05,19.92432,0.02717757,0.02215975,18.40585,0.01175935,0.01533001,69464.52862822694,3.048808350019224e-16,1.1774965742238512
GALAXY,0.1645843,1.11e-05,18.62705,0.01514501,0.3622926,17.85379,0.009990716,0.2506323,45327.42304372154,1.00702006776385e-15,0.6478965274912409
GALAXY,0.1192615,2.9100000000000006e-05,18.86825,0.01032373,0.26640640000000004,17.75535,0.006723059,0.1842987,33635.139456196455,8.064141231687867e-16,0.7240118131011543
GALAXY,0.4488087000000001,0.00010359,21.49879,0.08397757,0.1869637,19.7511,0.02994963,0.1293406,106318.46942496095,7.150594083173937e-17,2.43138454770918
GALAXY,0.5854204000000001,0.000143723,22.0924,0.122147,0.1188606,20.87129,0.05838214,0.0822272,129143.51966011505,4.139025720747156e-17,3.195771006238347
GALAXY,0.13557360000000002,5.08e-05,19.10634,0.01565275,0.2100989,17.76725,0.007878403,0.1453454,37910.93793883938,6.476227928735316e-16,0.8079112437543821
GALAXY,0.5741088000000001,0.000160519,21.79143,0.208258,0.13790120000000006,20.51218,0.1002163,0.09539942,127389.86897891438,5.461175399184825e-17,2.7821571168709234
GALAXY,0.3892616,0.000195793,21.6205,0.15424620000000006,0.2098356,20.25006,0.06747344,0.14516329999999994,95159.3058089561,6.392314370629036e-17,2.5715540224189772
GALAXY,0.5655560000000001,0.000124857,21.96239,0.1487143,0.1423954,20.21871,0.05080569,0.0985085,126048.35638172948,4.665542234505315e-17,3.0100496018226277
GALAXY,0.13682950000000002,2.44e-05,18.7153,0.01070575,0.05257589,17.72045,0.007431839,0.03637175,38236.96858689063,9.284063991146844e-16,0.6747698236350554
GALAXY,0.09319,1.53e-05,16.85664,0.004456021,0.07634284,15.91862,0.003364609,0.05281363,26641.054092069724,5.142829485664528e-15,0.286697332560709
GALAXY,0.4860644,0.000107932,21.73479,0.118702,0.06390509,19.9649,0.03786355,0.04420924,112911.99717318187,5.753632583743428e-17,2.710526466764461
GALAXY,0.626325,0.000160589,22.175320000000006,0.2079148,0.04751185,20.22514,0.05593034,0.03286848,135294.25869847715,3.8346888016312627e-17,3.3201648868403377
GALAXY,0.3051325,5.600000000000001e-05,20.53712,0.04660743,0.05236773,18.87343,0.01624509,0.03622776,78000.86856603052,1.7338444203783907e-16,1.5614196922409596
GALAXY,0.5753005999999999,0.000137778,23.24117,0.3198132,0.1266037,21.26738,0.08923178,0.08758384,127575.7353866878,1.4367795078031837e-17,5.424124536694976
GALAXY,0.4235377,0.000103918,20.98323,0.06623656,0.04068996,19.27501,0.025406400000000003,0.02814913,101678.15992567879,1.1496512747415247e-16,1.9175277261869303
GALAXY,0.06260531,1.52e-05,16.16548,0.004490938,0.08571554,15.26005,0.003602035,0.05929761,18182.174281983866,9.719996872843644e-15,0.20854109629159562
GALAXY,0.5902476,0.000171283,23.30914,0.3830374,0.05116118,20.89152,0.07297132,0.03539307,129884.82336684973,1.349590850174503e-17,5.596592063666941
GALAXY,0.5458232,3.82e-05,21.970270000000006,0.1274941,0.1019914,20.79797,0.06246988,0.07055718,122901.28059122521,4.63180348546107e-17,3.0209925361389276
GALAXY,0.6854864,0.000215603,22.65273,0.3573168,0.09589692,20.59398,0.09112065,0.06634104,143685.69326124567,2.470393438818795e-17,4.136582137671355
GALAXY,0.4838922000000001,0.000137604,22.21469,0.1421701,0.08208026,20.60009,0.05104048,0.05678274,112535.46581278276,3.698129586163954e-17,3.380910329301564
GALAXY,0.167998,3.28e-05,19.63669,0.03282158,0.07315873,17.97993,0.01245039,0.05061087,46184.466178783696,3.973581501626489e-16,1.0314154967424534
GALAXY,0.4233929,0.000154158,21.89761,0.121811,0.08916242,20.2373,0.04362703,0.06168215,101651.17100335938,4.952381871923984e-17,2.9215791215979223
GALAXY,0.3274968,1.84e-05,20.64487,0.04974901,0.360053,19.47468,0.02693013,0.249083,82728.3242236142,1.570037860220819e-16,1.6408529125765965
GALAXY,0.08169993,1.6e-05,17.42323,0.005668252,0.2133523,16.42813,0.004173685999999999,0.1475961,23495.56124089874,3.051870668261117e-15,0.3721702483648806
GALAXY,0.5243960999999999,0.000159622,22.39293,0.2700166,0.1196148,20.22605,0.05524217,0.08274898,119400.16666491436,3.138239794659801e-17,3.6701317287818553
GALAXY,0.05477718,9.68e-06,16.32235,0.003786932,0.110836,15.5804,0.003134881,0.07667584,15972.654710412155,8.412365336826077e-15,0.22416388886256738
GALAXY,0.1360208,5.96e-06,18.3889,0.007964586,0.08534306,17.69889,0.006461688,0.05903993,38027.08251654953,1.2540016998630231e-15,0.58059815615365
GALAXY,0.1828496,3.52e-05,19.03117,0.01212061,0.15990810000000005,17.742070000000005,0.006698174,0.1106237,49875.1453876808,6.940489878347016e-16,0.7804222671679368
GALAXY,0.5588414,4.370000000000001e-05,21.45025,0.04755061,0.07800774,21.17335,0.05697893,0.05396539,124985.67255345159,7.477529330204723e-17,2.37763755731643
GALAXY,0.1519295,2.9100000000000006e-05,18.44566,0.01004182,0.1471726,17.27201,0.006017361999999999,0.1018133,42121.64968887714,1.1901292394558335e-15,0.5959744647694799
GALAXY,0.4795094,0.000170765,21.19649,0.10755610000000003,0.1800371,19.55456,0.037506,0.1245488,111772.80266622947,9.446308509328913e-17,2.115405612542729
GALAXY,0.5073525,3.950000000000001e-05,21.64531,0.0981117,0.39659,20.43458,0.05217086,0.2743591,116551.48190800959,6.247900795933729e-17,2.601103612669855
GALAXY,0.07064878,8.82e-06,18.17031,0.01081064,0.147125,17.75999,0.01000139,0.1017804,20433.541728271714,1.5336777788094015e-15,0.5249980040263446
GALAXY,0.209054,2.65e-05,19.31845,0.01670805,0.23722270000000004,17.869020000000006,0.007710735,0.1641096,56238.108792563784,5.326943925867208e-16,0.8908111663198146
GALAXY,0.5835208000000001,0.000243808,22.51642,0.3305721,0.2291614,20.26143,0.06597372,0.1585328,128850.64787630753,2.8008517701248456e-17,3.8848982828262315
GALAXY,0.08432519999999999,6.65e-06,17.78914,0.007555014,0.06008616,17.0202,0.005702375,0.04156733,24217.669410047158,2.1787235371939513e-15,0.4404774220350059
GALAXY,0.1065856,2.55e-05,17.39723,0.006689692,0.1220044,16.4091,0.004608982,0.08440210000000001,30259.36091668885,3.1258355436872317e-15,0.36774066092709945
GALAXY,0.4922128,0.00017951900000000005,22.15558,0.13457429999999998,0.1524876,20.78558,0.05837267,0.1054902,113972.55088213849,3.905045740420776e-17,3.2901193491574228
GALAXY,0.12609769999999998,1.88e-05,18.02835,0.008582835,0.0489579,17.07454,0.005966468000000001,0.03386885,35436.40425104873,1.7479062094522764e-15,0.4917741000288358
GALAXY,0.5079538,0.000131235,22.38508,0.1789314,0.04284108,20.81136,0.06323362,0.02963726,116652.96099563457,3.161011859299857e-17,3.6568879404858343
GALAXY,0.10355,1.23e-05,21.18521,0.04972524,0.05641714,20.90333,0.05397542,0.03902912,29444.002120738583,9.54496027395271e-17,2.1044453508278345
GALAXY,0.06563853,1.23e-05,17.54009,0.008074745,0.02918939,17.09486,0.007466547,0.02019309,19033.423737972676,2.74045153022498e-15,0.39274770168585765
GALAXY,0.6144719,0.000221187,23.74388,0.3809783,0.02605952,21.59665,0.08692633,0.01802786,133542.16783566072,9.042866621017743e-18,6.837095596749462
GALAXY,0.05232384,1.6100000000000002e-05,21.39057,0.05836668,0.08103291,21.40197,0.06356249,0.05605819,15276.442218136352,7.90005518834931e-17,2.31318119088921
GALAXY,0.3902211,0.000137813,21.32747,0.06882104,0.03245038,19.55232,0.02547678,0.02244902,95345.39242204283,8.372788583083265e-17,2.246930566489608
GALAXY,0.5088415,0.000164369,22.1413,0.1324039,0.05635604,20.71937,0.0523492,0.03898684,116802.64324420298,3.956745573740354e-17,3.2685539090006035
GALAXY,0.3707344,8.379999999999999e-05,20.66687,0.05079877,0.04646587,18.98679,0.01728482,0.03214487,91524.62961359373,1.5385447237088414e-16,1.657561505368471
GALAXY,0.7092134,0.00012225299999999998,21.29861,0.07425439,0.02705289,20.32272,0.04493015,0.01871506,146892.13702020497,8.598330318309082e-17,2.2172652586257797
GALAXY,0.077563,1.53e-05,16.9437,0.0044568870000000005,0.1104968,15.99844,0.003361911,0.07644117,22353.534163777742,4.7465507117854924e-15,0.29842530903871195
GALAXY,0.06706981,1.0800000000000003e-05,16.92269,0.005435409,0.05703431,16.345029999999998,0.00451335,0.03945608,19434.154363940903,4.839295312038129e-15,0.29555182967153726
GALAXY,0.4549871,9.83e-05,22.29028,0.1170929,0.04564147,20.62065,0.03856022,0.03157456,107432.07045592273,3.449420381989945e-17,3.500673865153232
GALAXY,0.09311441,4.16e-05,17.90532,0.009105869,0.1223571,17.24605,0.007559975,0.08464606,26620.487428209126,1.9576278065824674e-15,0.46468606844724775
GALAXY,0.6057471999999999,0.000177301,23.84774,0.4269171,0.1706219,21.5605,0.08842674,0.1180355,132236.87928167894,8.217924087952326e-18,7.172055675793919
GALAXY,0.4805385999999999,0.000139784,21.21836,0.08664505,0.1460539,19.56675,0.0313187,0.1010394,111952.25108784762,9.25793495585629e-17,2.1368185848436054
GALAXY,0.1480266,5.96e-05,20.28977,0.02402238,0.2422827,19.18607,0.013104,0.1676101,41123.7995953377,2.177459696424827e-16,1.3933160897118844
GALAXY,0.13697520000000002,8.67e-06,19.41118,0.02127147,0.1504868,18.8539,0.02339094,0.104106,38274.76294137327,4.890870065722293e-16,0.9296760699570732
GALAXY,0.1899535,3.47e-05,21.71756,0.07148107,0.06999403,21.25263,0.0629067,0.04842155,51618.79762071909,5.845667715807735e-17,2.689104331689458
GALAXY,0.3689078,9.940000000000003e-05,20.60334,0.04423168,0.06399824,18.85886,0.01690868,0.04427368,91161.9805649297,1.631256011715013e-16,1.6097693429896907
GALAXY,0.4172824000000001,9.25e-05,21.1329,0.07628480000000001,0.03396039,19.38373,0.02747823,0.02349364,100508.04009663856,1.0016087853951903e-16,2.0543557515044037
GALAXY,0.0247655,3.9e-05,20.75316,0.0405705,0.06492382,20.51678,0.04725482,0.044914,7332.601769852784,1.4210001546853834e-16,1.7247559517629543
GALAXY,0.4697852,0.000148829,22.05229,0.1270905,0.1180848,20.28269,0.0409114,0.08169054,110066.51872523945,4.294791898482961e-17,3.137282682784591
GALAXY,0.05755612,1.99e-05,17.72968,0.00758954,0.06240475,16.8688,0.005618372,0.04317132,16759.104912175924,2.30136829235004e-15,0.42857975503646206
GALAXY,0.04693225,1.6e-05,17.551679999999998,0.006182281,0.144472,16.75425,0.004784758,0.09994507,13740.114696508872,2.711353385257881e-15,0.39484955443983827
GALAXY,0.30229290000000003,6.24e-05,20.47371,0.03402889,0.03427177,18.81959,0.01406193,0.02370905,77391.75314696746,1.8381211203479496e-16,1.5164833705186729
GALAXY,0.1564634,1.53e-05,18.49551,0.01003718,0.05406058,17.82556,0.008421151,0.03739886,43275.40160633597,1.136721633137188e-15,0.6098143674377604
GALAXY,0.06489163,1.55e-05,16.37189,0.003899223,0.05481098,15.80426,0.003648095,0.03791798,18824.065210786666,8.037150951546636e-15,0.22933674925036038
GALAXY,0.8046367,0.00041095,23.4875,0.4039072,0.06406815,21.58581,0.1289575,0.04432204,158936.16141345564,1.1451387877791031e-17,6.075690637019732
GALAXY,0.4877758,0.000165853,21.21974,0.09074999,0.07077576,19.31893,0.02806318,0.04896234,113207.97411524516,9.24617534580242e-17,2.138176993468483
GALAXY,0.12733419999999998,7.53e-06,17.11107,0.005792846999999999,0.06832135,16.48411,0.004896151,0.0472644,35760.76864489162,4.068460699944951e-15,0.3223366234593285
GALAXY,0.4940004,0.000120263,21.35813,0.08854160000000001,0.09401599,19.66281,0.02739849,0.06503983,114279.4580597664,8.139657390278369e-17,2.2788810249793645
GALAXY,0.4883192,0.00011971,21.3985,0.08658439,0.0299361,19.59678,0.02720175,0.02070966,113301.82713901938,7.842564970032216e-17,2.321644140699496
GALAXY,0.5452640000000001,0.00017955,22.01379,0.1749124,0.1189089,20.24613,0.05319585,0.08226065,122811.0276021019,4.449816737088014e-17,3.0821491585214877
GALAXY,0.5808741,0.000219853,22.69336,0.208815,0.06362761,20.764570000000006,0.05830273,0.04401729,128441.5007283981,2.3796556967681268e-17,4.21470955969831
GALAXY,0.7110685999999999,7.190000000000001e-05,22.10513,0.1217173,0.1318432,20.8259,0.06422862,0.09120853,147139.1481795657,4.0907800113606506e-17,3.2145608583613434
GALAXY,0.1213335,2.29e-05,17.9015,0.0069073680000000005,0.1307976,16.82641,0.004829533,0.09048514,34182.514706231006,1.964527557170269e-15,0.46386932293743244
GALAXY,0.4521817,0.000111398,22.80672,0.15792089999999998,0.2441925,20.90813,0.04655695,0.1689312,106927.42836061763,2.1437301952844503e-17,4.4405795266610895
GALAXY,0.5785504,0.00023619,22.55582,0.1616265,0.03272833,20.96938,0.06218645,0.0226413,128081.2353265026,2.701034461362042e-17,3.9560306916471593
GALAXY,0.1960787,3.2200000000000003e-05,18.86734,0.01163164,0.09586683,17.507270000000002,0.006104175,0.06632023,53111.03531530782,8.070902952114651e-16,0.7237084646847245
GALAXY,0.4582371,0.000112364,21.64693,0.09989391,0.08136168,20.28551,0.04741765,0.05628563,108014.60364004518,6.238585409833517e-17,2.603044857719546
GALAXY,0.6193843000000001,0.000196323,21.78136,0.1801245,0.03391123,20.25243,0.0778036,0.02345963,134271.2555380032,5.5120623973383506e-17,2.7692849934167145
GALAXY,0.2393646,1.6e-05,20.88564,0.03606696,0.03885309,20.24482,0.02919227,0.02687838,63365.36923044977,1.2577725872979515e-16,1.8332582677337974
GALAXY,0.2783903,5.95e-05,19.92613,0.02658495,0.03056212,18.42603,0.01170582,0.02114273,72183.95943259978,3.043730002343437e-16,1.178478468942512
GALAXY,0.0700973,2.07e-05,17.59242,0.005917068,0.0846245,16.63287,0.004295373,0.05854284,20279.79416118108,2.61150057143648e-15,0.40232743855843267
GALAXY,0.099321,8.17e-06,18.33064,0.01054448,0.07946324,17.76449,0.009423445,0.054972300000000016,28303.615979763523,1.3231288077774314e-15,0.5652279800771859
GALAXY,0.5732403,0.000132064,22.23038,0.163761,0.101371,20.73638,0.06538587,0.070128,127254.25855104912,3.645072117315506e-17,3.405427605802206
GALAXY,0.06948163,2.4e-05,17.41629,0.006978287,0.15569520000000006,16.590120000000002,0.0053922580000000005,0.1077093,20108.044709566104,3.0714406317326714e-15,0.37098269538998824
GALAXY,0.0949556,2.87e-05,18.72406,0.00977426,0.13159379999999998,17.76137,0.007203176,0.09103595,27120.96543046676,9.209459136363426e-16,0.6774974302643408
GALAXY,0.13018339999999998,2.55e-05,18.31182,0.009843025,0.1262871,17.184260000000002,0.005852827,0.0873648,36506.5080985679,1.3462636670125021e-15,0.560350356121417
GALAXY,0.5541738,0.000122798,22.3699,0.2279333,0.1198047,20.62947,0.0716301,0.08288036,124241.99540190281,3.2055173008407034e-17,3.6314130695433082
GALAXY,0.1834155,3.74e-05,18.67722,0.01127816,0.06745388,17.46507,0.006795280999999999,0.04666428,50014.55821841775,9.61546132060334e-16,0.6630398822684549
GALAXY,0.07698497,1.25e-05,18.23887,0.009634661,0.08473513,17.67826,0.00922346,0.05861937,22193.563269654936,1.4398263763843578e-15,0.5418382404415549
GALAXY,0.006454309,4.91e-06,20.35395,0.02772593,0.1136155,20.51737,0.03944502,0.07859864,1928.708896232578,2.0524761780368866e-16,1.435111525400437
GALAXY,0.09947517,6.31e-06,18.4509,0.007443583,0.1873936,17.84235,0.006431546,0.129638,28345.280986867303,1.1843992540780376e-15,0.5974143528247676
GALAXY,0.16181600000000002,7.43e-06,20.26432,0.02374939,0.03025359,19.74846,0.02254567,0.0209293,44630.00724690316,2.229102942749631e-16,1.3770815264827827
GALAXY,0.4719982,0.000104462,22.19327,0.1463239,0.1700816,20.20528,0.03868481,0.1176617,110456.55150046537,3.771812758364839e-17,3.34772405000441
GALAXY,0.3446051,6.35e-05,21.0373,0.06101288,0.13029870000000002,19.20987,0.01873296,0.09014005,86262.24314218122,1.0938005192398931e-16,1.965873879592167
GALAXY,0.6509864000000001,0.000218731,23.48483,0.2989167,0.07747430000000001,21.32626,0.06642538,0.05359637,138862.7296345473,1.147958333725025e-17,6.068224677594475
GALAXY,0.07119525,1.33e-05,15.8496,0.002938092,0.1023461,14.89342,0.002356098,0.07080255,20585.803812503815,1.3002238415128422e-14,0.1803082724057123
GALAXY,0.3000118,5.64e-05,20.22529,0.03413577,0.07598957,18.6334,0.01329631,0.05256923,76900.97931658046,2.3106923429417574e-16,1.3525510076446718
GALAXY,0.5291081,0.000170641,22.60589,0.1974718,0.1582166,20.84204,0.05593312,0.1094535,120177.68944662249,2.5793015861096512e-17,4.048308983969558
GALAXY,0.1240131,2.25e-05,18.65827,0.01131458,0.1583964,17.59315,0.007107396,0.1095779,34888.5645007489,9.784758815526536e-16,0.657278841758734
GALAXY,0.002364823,6.03e-06,15.38897,0.004138748,0.128518,15.21965,0.004605526,0.08890814,708.117824397842,1.98733062537668e-14,0.14584436445123844
GALAXY,0.03429951,8.95e-06,18.25636,0.008789605,0.1405185,17.75283,0.008078255,0.09721006,10106.48827015497,1.4168181940477336e-15,0.5462200683796798
GALAXY,0.09633778,9.54e-06,17.737270000000006,0.008281031999999999,0.3090151,17.01054,0.006150858,0.2137752,27496.0214377458,2.2853363380782465e-15,0.4300804013082896
GALAXY,0.4972816,9.62e-05,21.60342,0.12112939999999997,0.02919871,19.78255,0.03481112,0.02019954,114841.11509014582,6.493668663905196e-17,2.551406468693512
GALAXY,0.7572998000000001,0.000178953,23.56324,0.4673832000000001,0.05193996,21.81437,0.1496247,0.03593182,153126.63853281824,1.0679775542714976e-17,6.29134718641612
GALAXY,0.4262805,0.000134364,22.17636,0.1439776,0.09047726,20.61617,0.0525035,0.06259175,102188.51451597696,3.8310174062169436e-17,3.3217554198253856
GALAXY,0.7169105,0.000114365,21.80295,0.09261855,0.06534434,20.88367,0.06419908,0.04520491,147913.51258764186,5.403536945449511e-17,2.796956115332127
GALAXY,0.6987529,0.000194351,23.41804,0.33258459999999995,0.0513007,21.76107,0.123748,0.03548959,145489.38791299454,1.2207932665380287e-17,5.884419856148586
GALAXY,0.1920952,4.09e-05,18.96566,0.01176637,0.03052661,17.610979999999994,0.006414484,0.02111817,52141.740016230426,7.372149355688305e-16,0.7572297223016232
GALAXY,0.4999452,0.000107762,21.51782,0.10399360000000002,0.05042852,19.95317,0.03868405,0.03488621,115295.45899920496,7.026355596534311e-17,2.452785963995089
GALAXY,0.6120459,0.000115657,21.86235,0.1019841,0.04269065,20.75169,0.05887024,0.02953319,133180.55603266315,5.115853804867797e-17,2.874522102155749
GALAXY,0.01013759,2.5e-05,16.87492,0.009114864,0.04027206,16.468239999999998,0.0124527,0.02786003,3023.768862871154,5.056967065388746e-15,0.2891210099451025
GALAXY,0.5148976,0.00016175,22.37823,0.16769479999999998,0.2313726,20.68606,0.05408957,0.1600625,117819.64122369986,3.181017989782731e-17,3.6453703114047
GALAXY,0.4616108,0.000100878,22.7292,0.2484021,0.3884415,20.74118,0.05808253,0.268722,108616.9505661504,2.3023859437775447e-17,4.28485028736296
GALAXY,0.07934871,1.7e-05,17.776410000000006,0.006980101,0.3307062,16.7544,0.004638935,0.228781,22847.110199722578,2.2044188965916904e-15,0.43790272956899495
GALAXY,0.533406,0.000125593,22.55022,0.2740818,0.2265869,20.36819,0.04169777,0.15675179999999994,120883.12726578937,2.71500182093335e-17,3.9458416465606696
GALAXY,0.15632120000000002,3.03e-05,18.56114,0.01097417,0.1539949,17.40116,0.006412597,0.106533,43239.304059354035,1.0700452049471252e-15,0.6285265855330927
GALAXY,0.08735488,2.7600000000000007e-05,18.42051,0.01047628,0.18395770000000006,17.3767,0.006825714,0.12726110000000002,25048.494400767286,1.21801917458772e-15,0.5891117056838647
GALAXY,0.5599818,0.000119929,23.026670000000006,0.2644117,0.1964895,21.05006,0.07023405,0.1359305,125166.74973800825,1.7506129032655953e-17,4.91393776994622
GALAXY,0.795362,0.00033664,23.46248,0.29354790000000003,0.1145144,22.11941,0.1341268,0.07922054,157822.5747864065,1.1718340825059371e-17,6.006087463039462
GALAXY,0.05945183,1.62e-05,17.36986,0.005015807,0.06692201,16.51051,0.004103387,0.04629634,17294.281316014512,3.205635398637785e-15,0.36313461770586
GALAXY,0.1158661,7.39e-06,18.72186,0.01181072,0.14788020000000002,18.35106,0.01251963,0.1023028,32735.46594742919,9.228138950914923e-16,0.6768113798419834
GALAXY,0.3637129000000001,9.42e-05,21.06203,0.07109961,0.05059398,19.08673,0.01899775,0.03500069,90126.33328879268,1.0691684265836932e-16,1.988390375236406
GALAXY,0.4360555,8.85e-05,21.75919,0.07955741,0.1105649,20.10644,0.02932088,0.07648828,103993.9899231421,5.6257719741553e-17,2.7411553701378724
GALAXY,0.756731,0.000248773,23.12025,0.3499608,0.06397131,21.03508,0.08848576,0.04425506,153054.8946844028,1.6060465366618612e-17,5.130334146290925
GALAXY,0.5845026,0.000237751,23.53739,0.400754,0.13255179999999994,21.45674,0.08947530000000001,0.09169875,129002.09895117374,1.0937098545219481e-17,6.216896715609835
GALAXY,0.3990868,7.219999999999999e-05,21.23177,0.07408539,0.03359385,19.39968,0.02345307,0.02324007,97054.91113241336,9.144292831505153e-17,2.1500554091543487
GALAXY,0.142713,9.13e-06,18.46406,0.009425635,0.0297836,17.76547,0.007327589,0.02060416,39758.3110041303,1.1701300301639566e-15,0.6010459183992798
GALAXY,0.4893355,0.000153568,22.11283,0.09658524,0.06721519,20.5031,0.03977566,0.04649916,113477.19540668737,4.061870986636944e-17,3.2259798640509887
GALAXY,0.7642869000000001,4.39e-05,21.99216,0.09341836,0.03192017,21.77962,0.1280203,0.02208223,154004.11676801788,4.5393547612396845e-17,3.051600323608765
GALAXY,0.2055437,0.000104547,20.23967,0.05300913,0.05613431,19.12922,0.03168314,0.03883346,55396.65951313795,2.280290223176117e-16,1.3615376408537798
GALAXY,0.04662668,1.2e-05,17.142529999999994,0.006477011,0.04333884,16.62469,0.006376883000000001,0.02998161,13652.783623944355,3.952265626082402e-15,0.3270405859839431
GALAXY,0.6019777,0.000163952,22.180670000000006,0.1657256,0.04755431,20.15796,0.04275061,0.03289786,131668.78827046373,3.815839727319681e-17,3.3283550815862113
GALAXY,0.152313,2.8000000000000006e-05,17.84335,0.008429441999999999,0.05610790000000001,16.81645,0.005648965,0.03881519,42219.46535032201,2.0726125578958223e-15,0.45161218616285803
GALAXY,0.5293065,0.000115801,21.77572,0.0758936,0.03157757,20.39786,0.03540451,0.02184522,120210.33262796198,5.5407700311288826e-17,2.7621016180227205
GALAXY,0.5831925,0.000208961,22.17258,0.1348348,0.09849717,20.78816,0.05296838,0.06813988,128799.96581489807,3.84437837115764e-17,3.3159780896092887
GALAXY,0.6014727,0.00016621,23.64442,0.5695045999999999,0.1584989,20.78859,0.06601065,0.1096488,131592.49021794277,9.910375846155009e-18,6.530999526561832
GALAXY,0.01300906,5.61e-06,17.54758,0.007893276,0.04058371,17.12793,0.007337412,0.02807562,3874.652407932173,2.7216114614386186e-15,0.39410473456329825
GALAXY,0.2423234,6.159999999999999e-05,19.33776,0.02009008,0.08584096,17.84532,0.008669524,0.05938438,64047.945082421385,5.233040853306639e-16,0.8987681055530061
GALAXY,0.1667741,2.9100000000000006e-05,18.88764,0.01453753,0.161949,17.91475,0.01001174,0.1120356,45877.57045900103,7.921403304515906e-16,0.7305057727921496
GALAXY,0.2784304,5.7200000000000015e-05,19.28692,0.02444957,0.13845539999999998,17.5983,0.009546788,0.09578279,72192.81780620414,5.483907556838899e-16,0.8779699511681778
GALAXY,0.4890327,0.000102625,21.7936,0.08999121,0.07049418,20.19386,0.03440631,0.04876755,113424.96755662556,5.450271354781339e-17,2.7849387771470995
GALAXY,0.01302509,5.84e-06,17.08418,0.00453346,0.2148105,16.72873,0.004371743,0.14860489999999998,3879.395535655356,4.170480791035729e-15,0.31836964434699355
GALAXY,0.03327705,8.76e-06,17.15535,0.004879929,0.052286,16.672060000000002,0.00442187,0.03617121,9810.308115756858,3.905873064457026e-15,0.3289770881743079
GALAXY,0.5715826,0.000169178,22.90744,0.2287862,0.03775272,21.14334,0.07985726,0.02611716,126995.0352992063,1.9538090872913127e-17,4.651399611648268
GALAXY,0.1135474,2.77e-05,17.95024,0.008285403,0.0521517,17.0306,0.006096041999999999,0.0360783,32119.164076075944,1.878287746165419e-15,0.4743988769842167
GALAXY,0.4694367999999999,0.000110411,22.14927,0.136856,0.07192948,20.15662,0.03586826,0.04976048,110005.021714189,3.927806868136457e-17,3.280572592588974
GALAXY,0.1081955,1.86e-05,18.45164,0.01188839,0.2272949,17.80819,0.01018999,0.1572415,30690.68892995511,1.183592283810979e-15,0.5976179759311107
GALAXY,0.1074253,1.75e-05,18.28765,0.008299336,0.1686059,17.38703,0.005962606999999999,0.11664080000000003,30484.42936236314,1.3765694440130588e-15,0.5541478496087696
GALAXY,0.262356,5.73e-05,19.06823,0.01495521,0.17534070000000002,17.60349,0.007350011,0.1212999,68608.70969874349,6.707584078700098e-16,0.7938558550992079
GALAXY,0.3474454,2.51e-05,19.86743,0.02542602,0.16264589999999998,18.81737,0.01702345,0.11251769999999997,86842.11815122272,3.212818006713317e-16,1.1470481591879707
GALAXY,0.3454993,0.000116156,21.01648,0.07155325,0.4281891,19.22507,0.02504822,0.2962192,86445.01102838431,1.1149775557048382e-16,1.9471152233315963
GALAXY,0.4522943,0.00012366799999999998,21.91715,0.1015874,0.1648461,20.17994,0.03631922,0.1140398,106947.71531142667,4.864051059350121e-17,2.9479875989319813
GALAXY,0.7249774,0.00012428,23.74437,0.7316478,0.1640148,20.9849,0.09634395,0.1134647,148974.24068338377,9.038786435698078e-18,6.838638584284297
GALAXY,0.07449451,3.620000000000001e-05,18.34079,0.009099621,0.02688145,17.49284,0.006800004,0.01859646,21503.195890142248,1.3108171813574275e-15,0.5678761800346683
GALAXY,0.4258189000000001,9.7e-05,21.20493,0.08543222,0.07430917,19.36273,0.02973245,0.05140674,102102.73976841875,9.373162043854812e-17,2.1236436935208016
GALAXY,0.4857224,9.12e-05,22.09664,0.2230538,0.1992119,20.72529,0.1049073,0.1378139,112852.77853078405,4.122893582400592e-17,3.202017139737771
GALAXY,0.320295,3.88e-05,20.19978,0.02948702,0.06721479,18.52777,0.01193298,0.04649888,81219.42988434009,2.365626220266353e-16,1.3367544923386503
GALAXY,0.5422456,0.000158935,22.84915,0.2568402,0.04417709,20.99044,0.07853125,0.03056151,122322.84069934595,2.0615701873846855e-17,4.528200541173293
GALAXY,0.6511772,0.00017409400000000002,22.35958,0.1945448,0.07169342,20.83764,0.07868557,0.04959718,138889.93943631963,3.236131234545745e-17,3.6141955952729847
GALAXY,0.5992193,0.000192068,22.08886,0.1665979,0.1456878,20.97133,0.09077726,0.1007862,131251.48353944434,4.152542874682249e-17,3.190565407999939
GALAXY,0.7412703,0.000286739,21.73796,0.1514376,0.13810279999999994,20.76278,0.09508524,0.09553887,151086.70250457755,5.736858329481645e-17,2.71448628852061
GALAXY,0.5164350999999999,0.000203788,23.99946,0.4995379,0.1626945,22.13906,0.1715875,0.1125513,118076.67913755288,7.146182864219981e-18,7.6910857292707195
GALAXY,0.5711055,0.00016869099999999995,22.2327,0.1661655,0.06027505,20.60914,0.06694797,0.041698,126920.33501999703,3.637291646594465e-17,3.4090679071979286
GALAXY,0.1313412,2.27e-05,18.18776,0.009172801,0.03355991,17.07809,0.005870711,0.02321659,36808.87933626351,1.5092254678084788e-15,0.5292338965908515
GALAXY,0.4504313,5.59e-05,22.12786,0.1183523,0.05381439,20.12618,0.03228684,0.03722854,106611.71492616805,4.006029335190191e-17,3.2483861659945523
GALAXY,0.4977188,0.00013822700000000002,21.911620000000006,0.1840668,0.1855414,19.90621,0.04739361,0.1283567,114915.78849210643,4.88888841785285e-17,2.9404896308852364
GALAXY,0.5093237,0.000180518,21.59859,0.1501411,0.10354560000000003,20.18969,0.06616346,0.07163236,116883.88522306319,6.522620712169889e-17,2.545737689291827
GALAXY,0.4858088,0.000107273,21.97949,0.1672075,0.1732445,20.3047,0.05930697,0.1198497,112867.74128572979,4.5926370515310156e-17,3.0338468406513246
GALAXY,0.2735371,4.8e-05,19.51556,0.02773507,0.07042386,18.09221,0.01230307,0.0487189,71108.80860536058,4.442568421072102e-16,0.9754559278438427
GALAXY,0.6242418000000001,0.000255644,23.35427,0.3217345,0.1148434,21.62451,0.1159031,0.07944816,134988.08403743472,1.2946432912951014e-17,5.714123890431618
GALAXY,0.06905969,1.47e-05,17.42568,0.006125939,0.1252541,16.50282,0.004327409,0.0866502,19990.274076439862,3.044991784327301e-15,0.3725903926340158
GALAXY,0.11378,1.04e-05,18.18724,0.008251396999999999,0.09210781,17.463379999999994,0.006987116999999999,0.06371976,32181.05867081625,1.5099484659035247e-15,0.5291071767317624
GALAXY,0.05356616,2.4100000000000006e-05,18.65166,0.009201739,0.1901627,17.85872,0.007104955,0.1315536,15629.213385362003,9.844510470051835e-16,0.6552811155660023
GALAXY,0.2768589,9.43e-05,20.1314,0.03036458,0.2327309,18.53723,0.0120845,0.1610021,71845.35412772454,2.519405802193911e-16,1.2953157680387506
GALAXY,0.07740617,1.07e-05,17.5592,0.005911781,0.062437300000000015,16.88114,0.005157624,0.04319384,22310.14091074934,2.692638959140536e-15,0.3962193236323207
GALAXY,0.3420876,8.740000000000001e-05,21.14283,0.06650981,0.1708714,19.20891,0.01778283,0.118208,85746.6551082951,9.924899669849874e-17,2.063771697598999
GALAXY,0.4697823,0.000125427,22.29803,0.1280658,0.1386436,20.49908,0.04063357,0.095913,110066.00694285771,3.424886039151634e-17,3.5131901163196533
GALAXY,0.4797507,0.000163315,22.85108,0.2184109,0.2248888,21.08709,0.07032655,0.1555771,111814.89461468901,2.0579088042947792e-17,4.53222698514238
GALAXY,0.09716369,1.15e-05,17.68684,0.006560544000000001,0.06807271,17.04649,0.005779689,0.04709238,27719.866081889068,2.393988860221156e-15,0.4202073574877968
GALAXY,0.1830519,2.9e-05,18.42385,0.01338426,0.1053844,17.156229999999994,0.007022611,0.07290442,49924.99340579151,1.2142779959719897e-15,0.5900185314391223
GALAXY,0.1009044,2.59e-05,17.92665,0.009239811,0.2061002,17.10424,0.006757495,0.14257920000000002,28731.204997982328,1.9195442373035607e-15,0.46927309166212683
GALAXY,0.1524451,8.43e-06,18.70348,0.008823033000000001,0.1318478,18.00998,0.006777686999999999,0.09121168,42253.149168834905,9.385688258222536e-16,0.6711068200024677
GALAXY,0.6344175,0.000175688,23.17374,0.3770857,0.1095902,20.99249,0.07949191,0.07581396,136476.58691280708,1.5288403108015466e-17,5.258279321884514
GALAXY,0.1022038,2.54e-05,17.75846,0.006630292,0.1557418,16.7088,0.004612033,0.1077415,29081.554239062443,2.2411665155215975e-15,0.43429782289391733
GALAXY,0.07416783,9.03e-06,17.38496,0.006174666999999999,0.1617843,16.77516,0.005386527,0.1119216,21412.50275185655,3.161361246549105e-15,0.36566858589737866
GALAXY,0.5317052,0.000114513,21.4292,0.2165776,0.1501949,19.77781,0.0743057,0.1039041,120604.39268307133,7.623916396488116e-17,2.3547003712665355
GALAXY,0.5293505999999999,0.000162542,22.51967,0.1557116,0.09462886,20.93167,0.05604828,0.06546381,120217.58745982725,2.7924803463271695e-17,3.8907170869528076
GALAXY,0.5239143,0.000136004,22.33904,0.1668228,0.1064222,20.69131,0.0604102,0.07362239999999999,119320.42171706115,3.297935254026934e-17,3.580170026394403
GALAXY,0.0575164,9.46e-06,17.50625,0.006532365,0.08992741,16.89904,0.005853802,0.06221137,16747.88017295262,2.8272103705042525e-15,0.3866746065332087
GALAXY,0.1082412,2.03e-05,18.09526,0.007739187,0.02990883,17.107039999999998,0.005272124,0.02069079,30702.92196434997,1.6434410295218913e-15,0.5071631052610391
GALAXY,0.02342779,8.75e-06,14.913620000000002,0.002599422,0.08982564,14.29008,0.002370308,0.06214096,6941.224559124601,3.079003093220975e-14,0.11717086937523771
GALAXY,0.3895766,9.1e-05,21.07835,0.0622024,0.06697194,19.32046,0.02208748,0.04633088,95220.4204662211,1.0532176420643575e-16,2.0033906948661517
GALAXY,0.4696954,0.000117601,22.26112,0.15354160000000006,0.03713965,20.52144,0.04460555,0.02569304,110050.67030655216,3.5433179572398184e-17,3.4539786781002793
GALAXY,0.5808873999999999,0.00017836099999999998,22.58118,0.3263716,0.08109514,20.63435,0.08096056,0.05610125,128443.5599254136,2.6386763537984334e-17,4.002502872538735
GALAXY,0.1009516,1.66e-05,17.53143,0.006174996,0.04892283,16.57739,0.004397664,0.03384459,28743.939873139316,2.7623972004323666e-15,0.3911845125916795
GALAXY,0.2857608,6.69e-05,19.94952,0.02386406,0.04818966,18.45382,0.01088377,0.03333738,73805.25496736653,2.9788602223256375e-16,1.1912410542494927
GALAXY,0.6697327,0.00017899900000000005,23.59496,0.5762276999999999,0.2142197,20.94187,0.09206319,0.14819620000000006,141507.40990359857,1.0372277448229711e-17,6.383923178867618
GALAXY,0.07168739,2.63e-05,17.55177,0.006733982,0.04038137,16.73581,0.004989472,0.02793565,20722.852429035487,2.7111286421848767e-15,0.39486591992354897
GALAXY,0.4830562,0.000116678,21.93744,0.1077539,0.0329321,20.32499,0.03944753,0.02278227,112390.29536588544,4.773996818018696e-17,2.9756623653218646
GALAXY,0.3715004,7.020000000000001e-05,21.3769,0.09812925,0.04398964,19.62196,0.03314256,0.03043183,91676.47805055218,8.000149912798458e-17,2.298664836292336
GALAXY,0.1235568,3.06e-05,18.59011,0.008948344,0.06325468,17.591820000000002,0.006166749,0.04375929,34768.48012985619,1.0418714207644112e-15,0.6369680549742116
GALAXY,0.4765779000000001,0.000102497,21.87856,0.08168881,0.03195192,20.28035,0.03152073,0.02210419,111260.47862624378,5.04004164781006e-17,2.896060647054632
GALAXY,0.317124,6.1e-05,19.95777,0.03480799,0.1803621,18.24539,0.01199373,0.1247736,80551.01842320344,2.956311039979915e-16,1.1957755035078168
GALAXY,0.0121276,4.78e-06,16.53736,0.004495151,0.1179025,16.23527,0.005133556,0.08156443,3613.7180756235316,6.901033334373338e-15,0.24749569680444353
GALAXY,0.4351626,0.000208591,21.27586,0.08219132,0.09699146,19.68004,0.03054436,0.06709824,103829.93070825688,8.780396444172889e-17,2.1941567603271026
GALAXY,0.8562633,0.000277833,24.33378,0.5625230999999999,0.07871948,22.31548,0.200671,0.05445778,164924.3599462648,5.252258894522835e-18,8.971223002039212
GALAXY,0.546912,0.000141205,22.03926,0.1238877,0.03343179,20.52583,0.05496899,0.02312795,123076.83884816701,4.3466445330419055e-17,3.1185136711332393
GALAXY,0.0471925,1.6899999999999994e-05,16.21319,0.003792376,0.03741397,15.43195,0.003176848,0.02588281,13814.471498530218,9.302124015386309e-15,0.21317371427331366
GALAXY,0.5354229,0.000151406,21.6956,0.09959818,0.04037309,20.47367,0.05480855,0.02792992,121212.94269885124,5.965105446618854e-17,2.6620465914530014
GALAXY,0.6335008000000001,0.000199974,23.28152,0.2863111,0.1281268,21.52248,0.09861336,0.08863749,136343.21664478423,1.3843634521807824e-17,5.525857131973524
GALAXY,0.117285,1.41e-05,17.60577,0.00724903,0.04697495,16.719179999999998,0.0053714290000000005,0.03249705,33111.83561256182,2.5795866768104346e-15,0.4048085272328941
GALAXY,0.4559502,7.170000000000001e-05,20.85103,0.04295849,0.1262588,19.13678,0.01537463,0.08734526,107604.9304041233,1.2985124716725551e-16,1.8042705160189945
GALAXY,0.7904631,0.000406388,23.51697,0.2984735,0.1089774,21.94203,0.1172843,0.07539003,157229.595379956,1.1144744724188405e-17,6.158708548876775
GALAXY,0.1951231,3.46e-05,18.66523,0.009877274,0.06518753,17.51224,0.00644527,0.04509643,52878.909716830945,9.722235242525918e-16,0.6593889307036358
GALAXY,0.4677809,0.000108727,22.21862,0.118617,0.03552675,20.44132,0.03634081,0.02457724,109712.38852156044,3.6847677976778807e-17,3.3870347490227433
GALAXY,0.3494651,7.23e-05,20.4069,0.05494327,0.1023938,18.71297,0.01787682,0.07083555,87253.28682696242,1.9547810723063846e-16,1.4705359708752228
GALAXY,0.5793598000000001,0.00021076,22.97919,0.2564991,0.107518,21.22395,0.07745102,0.07438046,128206.83596627662,1.8288670067848684e-17,4.807658956203648
GALAXY,0.5333886,0.00012523799999999998,22.59887,0.2440878,0.1415946,20.88994,0.07675232,0.09795445,120880.27850399027,2.5960325003785248e-17,4.035242623417886
GALAXY,0.05387435,3.2299999999999986e-05,19.06746,0.02705101,1.173416,18.36629,0.02968882,0.8117635,15716.656438304495,6.71234275911747e-16,0.7935744052216306
GALAXY,0.07636304,9.45e-06,18.18049,0.008283115,0.1934822,17.39317,0.006413626,0.1338501,22021.33284923807,1.5193650258928237e-15,0.5274650060875412
GALAXY,0.3570323,8.62e-05,20.28557,0.03772827,0.07226243,18.60581,0.014069899999999998,0.04999081,88785.18022810518,2.1858991701692996e-16,1.390623782002886
GALAXY,0.07188617,2.0600000000000006e-05,18.08418,0.03214144,0.1962782,17.55601,0.01097829,0.1357844,20778.187355146114,1.660298307566937e-15,0.5045818820118172
GALAXY,0.05481368,2.09e-05,17.13501,0.005030647,0.1435178,16.18091,0.003648037,0.09928495,15982.999221304504,3.979734731364517e-15,0.3259099744951723
GALAXY,0.4389932,7.48e-05,21.54348,0.08608405,0.1550549,19.63995,0.02730645,0.1072662,104532.53783606691,6.86224351097791e-17,2.4819421367963512
GALAXY,0.0381741,7.59e-06,15.42428,0.00303341,0.1023146,14.74794,0.00257884,0.07078078,11226.022406648357,1.923738892211587e-14,0.1482353053387139
GALAXY,0.1484073,3.3100000000000005e-05,18.65467,0.009786095,0.08581286,17.572860000000002,0.006309115,0.05936494,41221.32325259178,9.81725620721401e-16,0.6561900673931905
GALAXY,0.1923064,1.3e-05,19.17299,0.01285641,0.1694495,18.41107,0.01033434,0.1172244,52193.240520213636,6.090628708073704e-16,0.8330933201956596
GALAXY,0.06881496,1.35e-05,18.14721,0.009033068,0.158594,17.24154,0.006577386,0.1097146,19921.941625491985,1.5666577275504282e-15,0.5194427059777577
GALAXY,0.09625461,1.13e-05,18.21091,0.00988997,0.1290941,17.65605,0.009112176,0.08930673,27473.468984593095,1.4773864965234237e-15,0.5349062252814395
GALAXY,0.06908277,1.47e-05,17.14946,0.004823423,0.08156052,16.26071,0.003757891,0.05642319,19996.71745937485,3.927119575949848e-15,0.32808596494540926
GALAXY,0.16561520000000002,2.51e-05,18.07532,0.008100787,0.1657811,16.835,0.004798735,0.1146866,45586.585829979434,1.6739023736261177e-15,0.5025272911140121
GALAXY,0.505961,0.000130784,21.77706,0.1092999,0.02533464,20.22837,0.04473609,0.01752638,116316.36768449856,5.5339359106430654e-17,2.7638066170748856
GALAXY,0.4650679,0.00012393700000000002,21.66677,0.08082265,0.04757923,19.96699,0.02937181,0.03291509,109231.70546914062,6.12562103182313e-17,2.6269369682404373
GALAXY,0.4078926,9.8e-05,21.27253,0.08199111,0.06795376,19.50228,0.03040441,0.0470101,98735.30489285495,8.807367640414808e-17,2.190794552052059
GALAXY,0.6972304,0.000238646,22.13626,0.4060381,0.1050195,20.03509,0.08914739999999999,0.07265203,145283.79907175127,3.9751555289378847e-17,3.2609763736593846
GALAXY,0.09527868,8.91e-06,17.086570000000002,0.007349776999999998,0.1076466,16.6042,0.006494766999999999,0.07446943,27208.683624911395,4.161310527980898e-15,0.3187202462423072
GALAXY,0.1839072,3.28e-05,18.624,0.01745982,0.17933410000000002,17.56825,0.01137241,0.1240625,50135.619271879514,1.009852919122113e-15,0.6469871457885532
GALAXY,0.3162958,8.2e-05,20.74472,0.05953556,0.1078097,19.01951,0.02124102,0.07458226,80376.0352050042,1.4320893835141236e-16,1.7180652440696829
GALAXY,0.02585078,3.1e-05,16.60054,0.005632035,0.0990883,15.93759,0.005031236,0.06854883,7649.731415652312,6.510916492210568e-15,0.2548024809349457
GALAXY,0.03715967,5.83e-06,17.64011,0.007992308,0.13003399999999998,17.16945,0.00714697,0.08995691,10933.343631364029,2.4992754615152703e-15,0.4112611184540791
GALAXY,0.1854339,4.9e-05,19.05486,0.02236885,0.2037641,17.74159,0.01007833,0.1409631,50511.07946540137,6.790693442251074e-16,0.78898301197576
GALAXY,0.15302120000000002,3.37e-05,18.47293,0.01384579,0.1013186,17.32779,0.007718597,0.07009172,42399.98948664281,1.160609510973025e-15,0.603506083528283
GALAXY,0.1093374,6.51e-06,18.37011,0.008297077,0.3173219,17.792170000000006,0.0073112390000000015,0.2195218,30996.172081671175,1.2758926194193818e-15,0.575595847655366
GALAXY,0.27213059999999994,4.17e-05,19.09571,0.0170598,0.130655,17.55545,0.00746848,0.0903865,70796.08946791664,6.539945439988164e-16,0.8039659437333038
GALAXY,0.07502831,1.52e-05,21.21804,0.04340456,0.06002468,21.01399,0.05100609,0.04152479,21651.32199553378,9.260663957423793e-17,2.1365037148209822
GALAXY,0.3798174,9.44e-05,20.70613,0.06222281,0.2601736,18.92659,0.01954483,0.1799869,93316.43263266768,1.4839050923248684e-16,1.6878026027738806
GALAXY,0.06034143,6.37e-06,17.32076,0.005766838000000001,0.17588729999999994,16.654770000000006,0.004743497,0.121678,17545.05570749269,3.353931011792849e-15,0.3550157758773633
GALAXY,0.6052892,0.000198281,22.61559,0.3498896,0.1177616,20.24971,0.06952674,0.08146694,132167.989261068,2.5563606580065745e-17,4.066433291891471
GALAXY,0.1284452,1.74e-05,18.34779,0.008364211,0.1043848,17.28764,0.005483956,0.07221288,36051.83571058531,1.3023932155106778e-15,0.569709750330521
GALAXY,0.580054,0.000196964,21.89696,0.1655122,0.04596246,20.74518,0.09350154,0.03179662,128314.46506576597,4.9553476125635877e-17,2.9207047184852875
GALAXY,0.4680418,0.000148504,21.50976,0.09892131,0.0902083,19.61365,0.0274791,0.06240568,109758.53312572274,7.07871007579346e-17,2.4436986689739206
GALAXY,0.5721449000000001,0.000115221,21.75004,0.1299354,0.14412239999999998,20.29881,0.05317474,0.09970321,127083.02171087725,5.673383290016354e-17,2.729629180729595
GALAXY,0.07110312,1.4800000000000002e-05,16.8644,0.004384159,0.08770058,16.01203,0.0033434,0.06067086,20560.139964413498,5.106203573389755e-15,0.2877237104530707
GALAXY,0.4927809,0.00015314299999999998,22.71921,0.1836123,0.07440333,20.88081,0.05148644,0.05147188,114070.15627315319,2.3236682567457473e-17,4.265182830428932
GALAXY,0.03703378,8.7e-06,16.015439999999998,0.003759206,0.09737807,15.19842,0.003108006,0.06736569999999999,10897.000982227835,1.1160460769489443e-14,0.19461828997264582
GALAXY,0.6066792,0.000190146,22.61547,0.1850785,0.07881242,20.59863,0.0443489,0.05452207,132376.95181152876,2.5566432130421384e-17,4.066208578692275
GALAXY,0.1226158,2.0600000000000006e-05,18.55304,0.01058766,0.08271582,17.62505,0.007308091,0.05722242,34520.6475946183,1.078057996246058e-15,0.6261864306221042
GALAXY,0.15769339999999998,3.02e-05,18.7994,0.01090773,0.08636046,17.8065,0.00756651,0.05974377,43587.39912734537,8.592076303488325e-16,0.7014159740436922
GALAXY,0.717224,0.000207105,23.04857,0.1675171,0.09991967,21.5708,0.07305449,0.06912396,147954.9202651684,1.715655651503388e-17,4.963747167854702
GALAXY,0.065607,1.64e-05,18.04896,0.009649748,0.1526411,17.0806,0.00643046,0.1055964,19024.589117383362,1.7150394930451327e-15,0.4964638745034929
GALAXY,0.1142036,2.07e-05,17.35981,0.005804554,0.04798952,16.3153,0.003867887,0.03319893,32293.73782024984,3.2354457721381054e-15,0.36145784272206316
GALAXY,0.4342657,0.000143444,22.05206,0.1446335,0.08236204,20.34166,0.04799001,0.05697768,103664.96251537417,4.2957017942446234e-17,3.136950402806718
GALAXY,0.1973112,7.2999999999999996e-06,17.99023,0.008803773,0.06180819,17.363570000000006,0.007755884,0.04275862,53410.05227352228,1.8103649184717887e-15,0.4832163852998534
GALAXY,0.6847359000000001,0.00018306,22.15841,0.2536575,0.0880444,20.3164,0.07470466,0.06090871,143582.82341622145,3.8948803897792945e-17,3.2944100358454875
GALAXY,0.1635189,3.39e-05,18.57452,0.01033118,0.04605638,17.45141,0.006321416,0.03186159,45059.27300535553,1.0569394915364433e-15,0.632411345030378
GALAXY,0.0076818530000000015,1.06e-05,17.62206,0.007187004,0.03256943,17.19954,0.007180093,0.02253138,2294.116345647464,2.5411723733338767e-15,0.40785674815285616
GALAXY,0.6381675,0.000200113,24.38713,0.7637010999999999,0.02749015,21.160020000000006,0.08682399,0.01901756,137020.6872366142,5.0004158741472765e-18,9.194363132743133
GALAXY,0.30152270000000003,4.71e-05,19.93388,0.02510443,0.0284202,18.35159,0.01099898,0.01966096,77226.19195692838,3.0220811723618433e-16,1.1826919812774743
GALAXY,0.2702923,3.83e-05,19.50574,0.02013862,0.02723105,18.03556,0.00956241,0.01883831,70386.5963700081,4.482931731062024e-16,0.971054605318244
GALAXY,0.3844476,8.47e-05,21.2366,0.06463039999999999,0.1333815,19.46675,0.02002992,0.09227271,94222.49484116718,9.103703930343041e-17,2.1548430940235175
GALAXY,0.5245634,0.00010614,21.00035,0.08740363,0.05690619,19.44303,0.03471473,0.03936744,119427.8466723971,1.1316656277679877e-16,1.932705365286554
GALAXY,0.5200042,0.000218325,21.96944,0.1116719,0.05090177,20.23514,0.035305699999999995,0.03521361,118671.56522412818,4.635345659601581e-17,3.019838045457924
GALAXY,0.5914499,0.000181815,22.94739,0.28274629999999995,0.06192718,20.83635,0.06345125,0.04284094,130068.80577445401,1.8832246286538473e-17,4.737766494462194
GALAXY,0.4905006,0.000119825,22.19852,0.1138669,0.05040157,20.36627,0.035312300000000005,0.03486757,113677.98142571183,3.7536184508088654e-17,3.355827682659146
GALAXY,0.652419,0.000194267,23.55612,0.4994855,0.2116393,21.34857,0.1063864,0.14641110000000002,139066.8833968807,1.0750041113267119e-17,6.270752388975513
GALAXY,0.7151629,0.000117747,22.54948,0.15343610000000002,0.09591956,21.14111,0.07178008,0.06635671,147682.4107606314,2.7168529024032482e-17,3.94449720150453
GALAXY,0.1419143,2.15e-05,18.47935,0.01125803,0.1365438,17.49544,0.006939196999999999,0.09446038,39552.365206195165,1.15376703208666e-15,0.6052930011139094
GALAXY,0.2769453,3.73e-05,19.87671,0.02080256,0.2689629000000001,18.34573,0.009337638,0.1860673,71864.47388475049,3.1854744437888463e-16,1.1519606714039925
GALAXY,0.0393107,9.63e-06,17.99097,0.006784035,0.1555724,17.22776,0.005411797,0.1076243,11553.584151173496,1.809131457156525e-15,0.4833810850948037
GALAXY,0.4395859,0.000153817,22.09953,0.1300004,0.1600807,20.51826,0.04942558,0.1107431,104640.96731654878,4.111933904864468e-17,3.206281522817192
GALAXY,0.1284284,1.02e-05,18.55591,0.01628487,0.1103504,17.93819,0.01196907,0.07633989,36047.436982503496,1.0752120556651565e-15,0.627014598277749
GALAXY,0.4343065,0.00012359,21.79588,0.1115649,0.09192479,20.35437,0.05028863,0.06359314,103672.47071115642,5.438838024957125e-17,2.787864439502042
GALAXY,0.5894037,0.000269403,22.82647,0.2507448,0.09398183,21.29714,0.1125126,0.0650162,129755.53009452907,2.105087368089152e-17,4.481151761774031
GALAXY,0.05892661,9.42e-06,17.23992,0.005203583,0.15041500000000002,16.46687,0.004169324,0.10405639999999998,17146.11375697224,3.6131843893051225e-15,0.3420421693982852
GALAXY,0.4435310000000001,0.000149946,21.56618,0.1212658,0.08488082,20.09915,0.05310928,0.05872016,105360.761789188,6.720260764634676e-17,2.5080237933236136
GALAXY,0.8500966,0.000131925,23.25036,0.2686239,0.14206570000000002,22.35363,0.1969503,0.09828039,164227.40179365125,1.4246694946997182e-17,5.447128897584712
GALAXY,0.1050096,7.68e-06,19.41908,0.01364287,0.09604067,19.10969,0.014529599999999997,0.06644049,29836.384301117163,4.855412423418129e-16,0.9330644699131472
GALAXY,0.4413951,2.29e-05,20.218770000000006,0.02489707,0.07377834,19.28713,0.01686666,0.05103951,104971.47676090767,2.3246101257058693e-16,1.3484959680840016
GALAXY,0.4575573000000001,9.62e-05,21.71662,0.08480221,0.0930488,20.01294,0.03060503,0.06437073,107892.94031044948,5.850730922683089e-17,2.687940507998154
GALAXY,0.12349,2.35e-05,18.61463,0.009014179,0.1263117,17.58501,0.006209355,0.08738182,34750.89534605253,1.0186057541665732e-15,0.6442013821561174
GALAXY,0.6462663000000001,0.000208689,20.94416,0.03634995,0.06346757,20.3532,0.03063085,0.04390657,138187.66828961158,1.191774600076289e-16,1.8833353245784619
GALAXY,0.26965359999999994,6.64e-05,21.15869,0.04998006,0.2335998,19.68289,0.0200187,0.16160329999999998,70244.11786445191,9.780974467247363e-17,2.0789002538691532
GALAXY,0.5430019,0.00016947900000000002,22.59163,0.1576763,0.1611993,21.11875,0.06628682,0.111517,122445.32532942465,2.6134014348251973e-17,4.0218109506086686
GALAXY,0.5434311,0.000121378,20.98755,0.08537561,0.09602912,19.34492,0.02822242,0.0664325,122514.78681665225,1.1450860534033253e-16,1.9213463172787182
GALAXY,0.3571213,9.12e-05,21.87176,0.1440545,0.07421318,20.31568,0.05442522,0.05134034,88803.11647944937,5.0717066430987956e-17,2.8870057727338674
GALAXY,0.3955532,0.00024887,22.70295,0.1613069,0.05672159,20.94767,0.05036671,0.03923973,96375.68638152051,2.3587294267833618e-17,4.233364389743395
GALAXY,0.2329757,7.8e-05,20.11603,0.02695066,0.05329369,18.57349,0.01177371,0.03686833,61883.56252627145,2.5553248900177716e-16,1.2861797045120784
GALAXY,0.13364700000000002,9.27e-06,18.29319,0.008979285,0.05102877,17.67694,0.007574488000000002,0.03530147,37409.9152835161,1.3695633487032997e-15,0.5555634322198447
GALAXY,0.1262461,2.52e-05,18.42323,0.008390808,0.0323823,17.4229,0.00582307,0.02240193,35475.356488423786,1.214971596636638e-15,0.5898500930700626
GALAXY,0.4848402,0.000139395,21.866670000000006,0.1422411,0.188012,20.34812,0.05129805,0.1300658,112699.91177707029,5.095538944643472e-17,2.88024646501243
GALAXY,0.8132626000000001,0.000430681,23.0093,0.2952384,0.05048485,21.6945,0.14010889999999998,0.03492519,159961.3183579459,1.7788450729230102e-17,4.87478708964511
GALAXY,0.7500311,0.00024049,23.85139,0.4662924,0.05243247,21.48609,0.09123033,0.03627254,152206.27926727428,8.190343668029579e-18,7.184121229364072
GALAXY,0.1321726,9.17e-06,18.27521,0.01052224,0.0476904,17.61147,0.0078018,0.032992,37025.770273659844,1.3924324161403844e-15,0.550982305926289
GALAXY,0.1039707,2.36e-05,17.947110000000006,0.007029373,0.06607828,16.94523,0.004800594,0.04571265,29557.162023074616,1.883710355198207e-15,0.4737155623659091
GALAXY,0.05634351,3.35e-05,18.48855,0.00916778,0.06503367,17.67685,0.007273518,0.04498999,16416.214086359574,1.1440318757139115e-15,0.6078629204309087
GALAXY,0.14058210000000002,4.53e-05,20.19898,0.03267599,0.1113984,19.55779,0.03061127,0.07706489999999999,39208.45046137987,2.367369920404867e-16,1.3362621044906817
GALAXY,0.2471918,1.7100000000000002e-05,18.43402,0.01174391,0.08916438,17.52362,0.007906812,0.0616835,65166.01480651604,1.2029570596952893e-15,0.5927883395742551
GALAXY,0.05278205,1.6e-05,17.57199,0.00518566,0.1211681,16.39611,0.003551008,0.08382355,15406.609702095184,2.6611056999303995e-15,0.39855994685119245
GALAXY,0.4699735,9.52e-05,21.48634,0.08937308,0.08055762,19.88519,0.03275035,0.05572939,110099.74553645597,7.233060957854472e-17,2.417484244204381
GALAXY,0.09536736,4.46e-05,18.57331,0.01135656,0.1773181,17.63534,0.007730394,0.12266789999999997,27232.755440301084,1.0581180556093517e-15,0.6320590474076783
GALAXY,0.5582669,0.000119491,22.13851,0.1675468,0.08929613,20.39905,0.05110694,0.06177465,124894.35913505132,3.9669262382948976e-17,3.264357028826285
GALAXY,0.1260444,1.4300000000000004e-05,17.53646,0.006932553,0.112855,16.80132,0.005613018000000001,0.07807253,35422.41244406116,2.7496291620759835e-15,0.39209170293523354
GALAXY,0.5750028,0.000111129,22.16769,0.17103610000000002,0.07277648,20.77623,0.06719542,0.05034643,127529.31657058945,3.861731949127262e-17,3.3085191466234933
GALAXY,0.1526075,2.19e-05,18.31045,0.00970991,0.08714156,17.40275,0.006904379,0.06028413,42294.55231973561,1.3479634770959743e-15,0.5599969379211225
GALAXY,0.5444065,0.000151099,22.04833,0.1194995,0.03490468,20.6012,0.05044863,0.02414689,122672.51452984502,4.31048487163984e-17,3.1315665990417365
GALAXY,0.2390387,3.55e-05,18.94265,0.01556151,0.1171981,17.52519,0.007464902,0.08107712,63290.04434975333,7.530054599072217e-16,0.7492481034091264
GALAXY,0.4784929,0.000115881,22.19954,0.1039564,0.04377264,20.44184,0.03560361,0.03028171,111595.35455590216,3.7500937521525244e-17,3.35740437701293
GALAXY,0.2261432,3.18e-05,19.35335,0.01830273,0.1290395,17.94765,0.009223698,0.08926896,60286.82000251608,5.158436932683055e-16,0.9052439943806719
GALAXY,0.131995,1.91e-05,17.42135,0.0059126940000000005,0.1127441,16.439510000000002,0.004271769,0.07799586,36979.45566609973,3.0571596943439626e-15,0.3718481732284222
GALAXY,0.4971073,0.00018685,21.12966,0.1276684,0.31515040000000005,19.15488,0.03372439,0.2180196,114811.33405455328,1.0046022007122684e-16,2.051292784015419
GALAXY,0.12595689999999998,2.59e-05,18.24484,0.009760566,0.1063988,17.235039999999998,0.006569328,0.07360617,35399.441004202126,1.4319311118927278e-15,0.5433299586968294
GALAXY,0.4768985,0.000138662,22.68065,0.16958900000000002,0.2309492,21.08443,0.06464873,0.1597696,111316.59467615449,2.4076764519424314e-17,4.190112199145845
GALAXY,0.1583789,2.31e-05,18.72346,0.01333477,0.1529414,17.531979999999994,0.007527378,0.1058042,43761.09509717865,9.214549878055003e-16,0.6773102566665052
GALAXY,0.07536816,2.3e-05,17.97393,0.008477446999999999,0.1903824,17.038870000000006,0.005600593,0.1317057,21745.584365445717,1.8377487042144967e-15,0.47960273634834966
GALAXY,0.2652116,4.96e-05,20.39654,0.03701164,0.1340013,18.6912,0.01419252,0.0927015,69250.298996899,1.9735226957679227e-16,1.4635368176054275
GALAXY,0.1705915,2.71e-05,18.85933,0.01183266,0.1514971,17.61886,0.006677368,0.104805,46833.40344318301,8.130666078167268e-16,0.721043809002362
GALAXY,0.5370179,0.000143585,22.12059,0.1485475,0.12921400000000002,20.49444,0.04883866,0.08938962,121473.2122546058,4.032943383487218e-17,3.237528888187671
GALAXY,0.7876071,0.000128708,21.53495,0.09203304,0.06993581,20.7073,0.0678775,0.04838127,156882.35862416905,6.916368516456218e-17,2.4722116706270976
GALAXY,0.4647154000000001,9.25e-05,22.19989,0.1302864,0.055228199999999984,21.20485,0.07919864,0.03820661,109169.13730505072,3.7488850595852857e-17,3.357945570275652
GALAXY,0.1388377,1.28e-05,18.41382,0.009274105,0.07121453,17.51475,0.006386138,0.04926588,38757.35717392692,1.2255474345933633e-15,0.5872995286334054
GALAXY,0.2710909,1.98e-05,21.3743,0.04812114,0.1719964,20.6931,0.03547568,0.1189863,70564.59664571521,8.019330736649647e-17,2.2959141902354374
GALAXY,0.3171845999999999,5.870000000000001e-05,20.11811,0.03663952,0.1022389,18.44663,0.01274956,0.07072841,80563.81543337349,2.5504342104795495e-16,1.2874122946489632
GALAXY,0.4543501,0.000238055,21.3994,0.1654639,0.14793710000000002,20.17606,0.0691025,0.1023422,107317.63189889348,7.836066721354297e-17,2.3226065811089343
GALAXY,0.4865165,0.000111849,22.19689,0.183669,0.1793029,20.1101,0.04359243,0.12404089999999998,112990.24340074894,3.7592579358681896e-17,3.3533096001798146
GALAXY,0.17217190000000002,4.31e-05,18.6329,0.01282676,0.1139171,17.49042,0.007253722,0.07880733,47227.921923306356,1.0016087853951903e-15,0.6496443299020798
GALAXY,0.4139479,0.000104943,20.81192,0.054575,0.05474098,18.97238,0.01744082,0.03786956,99880.75237387705,1.3461396772564867e-16,1.7720650177609987
GALAXY,0.02659919,1.26e-05,15.07342,0.002485608,0.05026584,14.55097,0.00228563,0.03477368,7868.2189672194745,2.65760312145795e-14,0.1261187484322543
GALAXY,0.6347292,0.00016759,22.87094,0.4483617,0.1355021,20.73342,0.09759271,0.09373973,136521.90345588225,2.0206082656001357e-17,4.573868267418395
GALAXY,0.07857673,2.37e-05,17.84701,0.006637311999999999,0.08088687,16.91195,0.00474216,0.05595716,22633.847828142207,2.0656375758143867e-15,0.45237401686936823
GALAXY,0.1113089,2.58e-05,17.5874,0.007028614,0.05955565,16.79802,0.0054463540000000005,0.04120032,31522.698851086367,2.6236030384949916e-15,0.4013984140942686
GALAXY,0.06446403,5.01e-06,17.82406,0.005854397,0.05714746,17.54479,0.0061724,0.03953435,18704.13309952481,2.1097652034981576e-15,0.4476181132176335
GALAXY,0.08576543,1.06e-05,18.5292,0.0108678,0.08651911,18.09584,0.01055208,0.05985352,24612.958279721195,1.1019911968325903e-15,0.619349301704654
GALAXY,0.5974593,0.000194028,21.62006,0.1469289,0.06002936,20.05062,0.05870095,0.04152803,130984.51547050978,6.394905412819142e-17,2.5710330076744237
GALAXY,0.1489682,1.62e-05,18.19681,0.008868675,0.04478397,17.474529999999998,0.007108745,0.03098135,41364.93353474181,1.4966978169371032e-15,0.5314441762662736
GALAXY,0.6543154999999999,0.000158674,22.01103,0.1299185,0.1875497,21.03609,0.08238204,0.129746,139336.6213027573,4.4611428009021486e-17,3.078234152377592
GALAXY,0.285673,4.06e-05,20.05217,0.03413209,0.1719523,18.55648,0.01304357,0.1189558,73786.02299539532,2.710130009447667e-16,1.2489057130825454
GALAXY,0.07675867,7.39e-06,18.38164,0.01129591,0.2619376,17.965889999999995,0.0104074,0.1812072,22130.90746085064,1.2624149390308594e-15,0.578660252597761
GALAXY,0.4161924,0.000131035,20.70445,0.13651470000000002,0.3738569000000001,18.99469,0.03937592,0.2586325,100303.25993531145,1.486202971187745e-16,1.6864973079098158
GALAXY,0.2672139,3.41e-05,19.36218,0.02643278,0.1138374,17.94344,0.01175913,0.07875219,69698.91000231043,5.116654886413347e-16,0.908932541531542
GALAXY,0.3737614,0.000116862,20.84164,0.07030088,0.4634637,18.89535,0.01926826,0.320622,92123.8923111082,1.309791371797675e-16,1.796485235471159
GALAXY,0.487233,9.5e-05,21.43138,0.08089468,0.1966872,19.82194,0.02758532,0.13606729999999995,113114.16463223913,7.608624041469842e-17,2.3570655057955974
GALAXY,0.356814,0.000103368,21.67322,0.1141397,0.1464571,19.82895,0.0326075,0.1013183,88741.17809711593,6.089338619163309e-17,2.6347514505243894
GALAXY,0.08319129,1.3e-05,18.30873,0.01012055,0.1652773,17.50933,0.007581531,0.1143381,23906.024437763986,1.3501005842471627e-15,0.5595535459804297
GALAXY,0.1524596,3.67e-05,18.77098,0.01272658,0.154076,17.61559,0.0075654630000000014,0.106589,42256.84618282812,8.819950041944583e-16,0.6922957289428012
GALAXY,0.371375,0.000112089,21.01933,0.1131711,0.1648248,19.19434,0.02822957,0.114025,91651.62866660954,1.1120546366403797e-16,1.9496724382408301
GALAXY,0.03450073,8.58e-06,16.63118,0.01097993,0.1517487,16.21688,0.01088393,0.10497910000000002,10164.739699796055,6.329743700129988e-15,0.2584232906377994
GALAXY,0.1157389,2.09e-05,17.87305,0.006703056,0.1082314,16.90619,0.00487616,0.07487401,32701.697075189368,2.016685265412793e-15,0.4578314813618305
GALAXY,0.3456337,9.8e-05,20.95482,0.05981617,0.126966,19.12668,0.01852681,0.08783449,86472.4648459389,1.180130745995227e-16,1.8926035583075755
GALAXY,0.6309912,0.00017130000000000002,22.29844,0.2137959,0.08853863,20.61178,0.07893259,0.06125062,135977.36396509892,3.423592964302619e-17,3.513853511319786
GALAXY,0.5401208000000001,0.000126592,22.42636,0.1499058,0.07662237,20.67989,0.04793521,0.053007000000000006,121978.13984281977,3.043085293478315e-17,3.72707088172164
GALAXY,0.09250332,1.5e-05,18.32783,0.01239692,0.1013648,17.65782,0.00865173,0.07012369,26454.15945110169,1.3265576400894644e-15,0.5644970182679447
GALAXY,0.3154757,6.829999999999999e-05,20.67041,0.0526992,0.04655878,19.01041,0.02126613,0.03220915,80202.5966255637,1.5335365283706922e-16,1.6602659160759852
GALAXY,0.5674236,0.000168227,22.26228,0.108623,0.1919843,20.59013,0.0396218,0.13281389999999998,126342.44292012071,3.539534299754398e-17,3.45582428553516
GALAXY,0.6952096,0.00017863700000000002,22.04536,0.1343098,0.17020829999999998,20.86563,0.06737929,0.1177493,145010.3613933329,4.3222922203600084e-17,3.127286371868624
GALAXY,0.5027455,0.000138334,21.86126,0.09908976,0.03638183,20.18861,0.03399059,0.02516878,115771.58385752156,5.1209923280646644e-17,2.8730795589183753
GALAXY,0.3134411,7.950000000000001e-05,19.92023,0.02436323,0.03599893,18.22754,0.01015141,0.02490389,79771.59259010985,3.060314959395718e-16,1.1752808295764636
GALAXY,0.5623136,0.000199542,21.61112,0.1186189,0.04154153,20.23481,0.05394173,0.02873824,125536.24683967105,6.447778729117388e-17,2.560469767310759
GALAXY,0.27517509999999995,8.3e-05,20.62096,0.03471068,0.04057142,19.1857,0.01642196,0.02806712,71472.35785874224,1.6049966312806052e-16,1.6228846491217885
GALAXY,0.02426708,1.56e-05,17.89552,0.01093373,0.1430204,17.35896,0.01084134,0.09894083,7186.840364130714,1.975377602139274e-15,0.46259363438640116
GALAXY,0.3831735,0.000115269,20.5668,0.04976524,0.0372991,18.70327,0.01661593,0.02580335,93973.66404041449,1.687089510512001e-16,1.5829079207564156
GALAXY,0.25260140000000003,3.79e-05,19.67511,0.02419131,0.1216124,18.19848,0.01072753,0.08413086,66401.0528989347,3.835430567934878e-16,1.0498267928116491
GALAXY,0.5594207,0.00010604,20.77555,0.06193442,0.05161968,19.8102,0.04370125,0.03571026,125077.68643624934,1.391996442006028e-16,1.7426318697739949
GALAXY,0.34515,1.42e-05,21.14846,0.03919299,0.04574054,20.65392,0.03681002,0.03164309,86373.63947584943,9.873568083410712e-17,2.069129403287931
GALAXY,0.1536244,4.820000000000001e-05,18.39878,0.01391498,0.1003293,17.28653,0.007417958,0.06940734,42553.63640493812,1.2426422774846417e-15,0.5832458432314549
GALAXY,0.0722099,7.67e-06,18.27172,0.008033804,0.187833,17.74587,0.008648882,0.129942,20868.279944248745,1.3969154644529548e-15,0.5500974759844377
GALAXY,0.09415825,1.93e-05,18.13704,0.0070609140000000015,0.1072453,17.19841,0.005215344,0.07419179,26904.349199213033,1.5814014228120917e-15,0.5170156058870454
GALAXY,0.1533809,4.42e-05,18.69316,0.01096941,0.1488616,17.6213,0.006623724,0.1029817,42491.624572683395,9.475325221978215e-16,0.6679249279442627
GALAXY,0.1823898,2.58e-05,18.65368,0.01388769,0.08101803,17.726960000000005,0.009340904,0.056047900000000005,49761.80544994417,9.826211896445858e-16,0.6558909707526881
GALAXY,0.1767786,5.88e-05,18.66846,0.01464648,0.11588210000000003,17.544610000000002,0.008515076,0.08016673,48373.91704195566,9.693355156156337e-16,0.6603704817695448
GALAXY,0.14159370000000002,1.16e-05,18.007089999999994,0.008645112,0.07754789999999999,17.38959,0.007259269,0.05364728,39469.64687056965,1.7824695733386495e-15,0.48698283348999316
GALAXY,0.1233156,2.28e-05,17.98963,0.008214917,0.1133476,16.912670000000002,0.00528065,0.07841337,34704.97930055158,1.8113656395815855e-15,0.48308288612283695
GALAXY,0.4851659,0.000150109,21.0224,0.08915188,0.0894201,19.33069,0.02872781,0.06186042,112756.367282963,1.1089146606637066e-16,1.9524308096857712
GALAXY,0.1475693,2.21e-05,18.59478,0.01185339,0.14604389999999998,17.58543,0.007783771,0.1010325,41006.59887114382,1.0373997170482045e-15,0.6383394017851315
GALAXY,0.4939715,0.000116641,21.67626,0.1018398,0.1006185,20.25628,0.04312009,0.06960744,114274.50145884261,6.072312662222891e-17,2.6384426112454076
GALAXY,0.04477293,7.13e-06,16.39562,0.003540043,0.1843411,16.046210000000002,0.003514168,0.12752629999999998,13122.390463025633,7.863395600770848e-15,0.23185670106152462
GALAXY,0.1427251,3.01e-05,18.45743,0.01019885,0.1011453,17.39551,0.006457769,0.06997188,39761.42960424512,1.177297238164924e-15,0.599213586958249
GALAXY,0.6338465,0.000307297,23.99798,0.7189983,0.2229658,21.5363,0.13564890000000002,0.1542467,136393.5291676611,7.155930685414086e-18,7.685845538951862
GALAXY,0.13288570000000002,3.09e-05,17.43119,0.008134024,0.0543292,16.559839999999998,0.006110197,0.03758469,37211.64161091751,3.029577907999632e-15,0.3735370221725063
GALAXY,0.4688048,0.000127211,22.35888,0.1450441,0.12650899999999998,20.70379,0.05178442,0.08751836,109893.40116630096,3.2382183181807954e-17,3.6130307040352534
GALAXY,0.4499322,9.23e-05,21.95376,0.1150124,0.1246261,20.16655,0.03664979,0.08621574,106521.57450840395,4.702774181204131e-17,2.9981106165032774
GALAXY,0.1349293,8.94e-06,18.7425,0.01120945,0.1699141,17.79573,0.007995583,0.1175458,37743.502733392605,9.054367655905708e-16,0.6832751910676649
GALAXY,0.4259343,6.890000000000001e-05,21.361420000000006,0.08650024,0.1611806,19.57271,0.02697704,0.111504,102124.18783217104,8.11502991627305e-17,2.2823363768216343
GALAXY,0.5983228,8.87e-05,21.95124,0.09585134,0.2323982,20.66674,0.04655899,0.160772,131115.56554471582,4.7137020241187764e-17,2.9946333185750778
GALAXY,0.1036759,2.84e-05,18.74421,0.01057719,0.1528496,17.7509,0.007272013000000002,0.1057406,29477.872120134674,9.040118538642637e-16,0.6838134713335463
GALAXY,0.06830356,1.26e-05,16.9907,0.004837605,0.1090888,16.08409,0.003665678,0.07546714,19779.093501263505,4.5454629815641784e-15,0.30495492549398445
GALAXY,0.07958844,1.7800000000000002e-05,17.57113,0.006644433000000001,0.1332338,16.698629999999998,0.005029789000000001,0.09217051,22913.30075506814,2.6632143682234747e-15,0.3984021305753262
GALAXY,0.09673056,1.32e-05,17.754820000000006,0.008028144000000001,0.1150927,17.00579,0.006485874,0.0796206,27602.500664328596,2.248692778554555e-15,0.4335704271240023
GALAXY,0.60369,0.000187653,22.28053,0.1881238,0.1445877,20.81949,0.08048596,0.1000251,131927.15551754434,3.480535960518926e-17,3.4849909310673515
GALAXY,0.1067076,3.99e-05,18.55825,0.01235668,0.1902076,17.59071,0.008331711,0.13158470000000005,30292.07385630347,1.0728972328898377e-15,0.627690639557285
GALAXY,0.02582332,1.58e-05,16.33059,0.0034888690000000003,0.09195203,15.85269,0.0032776890000000003,0.06361199,7641.711675652599,8.348762855490119e-15,0.22501613061866543
GALAXY,0.09938196,8.37e-06,18.35806,0.009289769,0.1020644,17.80896,0.00804113,0.07060769,28320.091473364846,1.2901319338801776e-15,0.5724105799326513
GALAXY,0.4473418,0.000137196,20.76079,0.06653949,0.1659529,19.06471,0.02461518,0.1148054,106052.8793311489,1.4110490971595697e-16,1.730826963856751
GALAXY,0.06982774,1.27e-05,18.23118,0.01032626,0.0955442,17.75359,0.01006004,0.06609704,20204.610565989242,1.4500605092938484e-15,0.5399227812521213
GALAXY,0.4950775,0.000140542,22.39527,0.2155887,0.139604,20.44794,0.05394773,0.09657738,114464.06960545262,3.1314834818814596e-17,3.6740888305093375
GALAXY,0.6044286,5.570000000000001e-05,20.99774,0.06113730000000001,0.06716146,20.09621,0.04527175,0.04646199,132038.4421197812,1.1343893098710512e-16,1.930383746710082
GALAXY,0.3229271,5.36e-05,21.16884,0.06687222,0.3200985,19.39508,0.02091623,0.2214427,81772.37041145511,9.689963143968395e-17,2.088640294627848
GALAXY,0.04026716,1.41e-05,18.39094,0.0115466,0.1008829,17.75422,0.00992451,0.06979034,11828.931775666904,1.2516477563523834e-15,0.5811438581216858
GALAXY,0.151825,2.49e-05,18.56427,0.009928956,0.08014655,17.40755,0.006018926,0.05544501,42094.98864424316,1.0669648817021837e-15,0.629433208490012
GALAXY,0.28580720000000004,4.99e-05,19.93805,0.02944013,0.06778253,18.46021,0.01275164,0.04689164,73815.41776921718,3.010496490088548e-16,1.1849653530243622
GALAXY,0.09970308,2.2e-05,17.08023,0.005593768000000001,0.05769635,16.223129999999998,0.00413449,0.03991407,28406.86177423015,4.185680985367707e-15,0.3177910429310062
GALAXY,0.5258862,0.00016062299999999998,21.93921,0.1303374,0.1913161,20.3701,0.04922197,0.1323516,119646.51362930145,4.7662204443744234e-17,2.9780888615190637
GALAXY,0.04102042,1.7800000000000002e-05,16.38981,0.003875016,0.05935376,15.59954,0.003102768,0.04106065,12045.589605536159,7.905587051226752e-15,0.2312371735477125
GALAXY,0.1288193,6.46e-06,17.993129999999994,0.006782926999999999,0.1716737,17.47167,0.006001822,0.1187631,36149.764915144966,1.8055358881516024e-15,0.4838621515844799
GALAXY,0.5780097,0.000155265,22.47053,0.1909255,0.1509213,20.61577,0.05198368,0.1044067,127997.26430746645,2.9217706704975154e-17,3.8036596743250026
GALAXY,0.05787361,8.87e-06,18.17076,0.0077610230000000014,0.11055510000000003,17.58418,0.006628067,0.07648154,16848.809678950354,1.5330422542735673e-15,0.5251068120322545
GALAXY,0.6526679,0.000188964,23.07652,0.3791299,0.1093643,20.92129,0.08375098,0.07565773,139102.31830379085,1.672053330360149e-17,5.028050747052272
GALAXY,0.06122213,5.48e-06,17.81054,0.0062462590000000005,0.05967541,17.55963,0.006646571,0.04128317,17793.089831288627,2.136201054946858e-15,0.44483981583533344
GALAXY,0.07574071,1.64e-05,18.07386,0.01049557,0.08255266,17.25866,0.008407874000000001,0.05710955,21848.877373388576,1.6761548004659505e-15,0.5021895280150567
GALAXY,0.15707120000000002,3.5e-05,17.94406,0.008798778,0.04136454,17.02296,0.006374332,0.0286158,43429.62750222449,1.8890094267948266e-15,0.4730506594895758
GALAXY,0.5404154,0.000211964,22.64088,0.1764156,0.03589072,20.77211,0.05704744,0.02482904,122025.98356376763,2.497503613201926e-17,4.114069767260691
GALAXY,0.5852891,0.000216573,22.24688,0.1287648,0.02178679,20.79051,0.06138239,0.015072,129123.29742643921,3.5900965235550514e-17,3.431402412583306
GALAXY,0.4787919,6.57e-05,21.96697,0.12830930000000002,0.02381694,20.52829,0.05620031,0.01647645,111647.57240669244,4.6459028621067036e-17,3.01640500190322
GALAXY,0.15342809999999998,1.1e-05,21.00337,0.04362495,0.2434554,20.60161,0.04466473,0.1684213,42503.64624902641,1.128522247749285e-16,1.9353951673016143
GALAXY,0.1038156,1.82e-05,17.72543,0.006768896999999999,0.05522274,16.82704,0.005118193,0.03820284,29515.44922629533,2.3103944104689735e-15,0.42774176021274096
GALAXY,0.3898943,0.000106934,21.0667,0.07558707,0.17028279999999998,19.13214,0.0201738,0.1178009,95282.03602102035,1.0645795643391589e-16,1.9926712379557376
GALAXY,0.3723220999999999,9.19e-05,20.97503,0.06306691,0.3703431,19.06001,0.01735959,0.25620160000000003,91839.21633165255,1.158366862691991e-16,1.9103003369094376
GALAXY,0.1258398,3.620000000000001e-05,18.61973,0.0108537,0.13110139999999998,17.47724,0.006677898000000001,0.09069534,35368.69520146415,1.0138323041365098e-15,0.6457161553552788
GALAXY,0.5449173,0.000221825,22.38981,0.1343801,0.2586051,20.98098,0.05562766,0.17890179999999994,122755.04154700588,3.147270892528232e-17,3.6648622219971956
GALAXY,0.23804770000000006,2.21e-05,22.28382,0.1084927,0.09739478,21.52062,0.07636143,0.06737726,63060.82251383952,3.470005196780126e-17,3.4902750462545407
GALAXY,0.08061777,1.6800000000000002e-05,17.78238,0.00662648,0.14793499999999998,16.85209,0.004687837,0.1023408,23197.310971337523,2.192331001464609e-15,0.4391083061543617
GALAXY,0.0486859,1.3800000000000003e-05,15.40924,0.003217518,0.2585312,14.62962,0.002661662,0.1788507,14240.765158322787,1.9505726264253023e-14,0.14721214890148146
GALAXY,0.5260434,0.000146696,22.66872,0.1581029,0.086546,20.87068,0.04946438,0.05987213,119672.47709935148,2.4342777257656717e-17,4.167154977538956
GALAXY,0.1507528,1.36e-05,18.95449,0.01222617,0.09521835,18.16686,0.009870004,0.06587161,41821.25965595756,7.44838514367776e-16,0.7533445526417671
GALAXY,0.5501376,0.000186815,22.01451,0.1292663,0.03243178,20.65059,0.06335084,0.02243616,123595.61622509807,4.4468668437735275e-17,3.0831712831079696
GALAXY,0.5119252999999999,0.000186221,22.11924,0.1141317,0.1443465,20.40091,0.0405172,0.09985826,117321.41172894301,4.0379610477829516e-17,3.2355167485699114
GALAXY,0.185841,3.5600000000000005e-05,18.58274,0.01441017,0.1197133,17.46305,0.008641936999999999,0.08281708,50611.08814992045,1.0489677233727957e-15,0.6348098433221028
GALAXY,0.7716218,0.000257003,24.45369,0.8349136999999999,0.05686265,22.18766,0.1704506,0.03933732,154917.72495914972,4.7030773900346374e-18,9.480552603448569
GALAXY,0.1354596,3.12e-05,18.27618,0.008622850999999999,0.1162991,17.18998,0.005692201,0.08045518,37881.32125327878,1.3911889683528316e-15,0.5512284855335559
GALAXY,0.220095,4.84e-05,18.503770000000006,0.01525797,0.02930675,17.315179999999998,0.008622932,0.02027428,58862.91839289101,1.1281065613654809e-15,0.6121384397983325
GALAXY,0.4525018,0.000198435,22.01717,0.13362249999999998,0.07297996,20.75611,0.05756274,0.0504872,106985.09317529241,4.4359855746812304e-17,3.0869504058747204
GALAXY,0.12526099999999998,4.95e-05,18.28316,0.01116041,0.03190779,17.227520000000002,0.00768692,0.02207367,35216.66728276575,1.3822739554568433e-15,0.5530032100395792
GALAXY,0.2130933,3.98e-05,19.00815,0.01638567,0.04544394,17.73121,0.008948352,0.03143791,57202.215666376214,7.089214632287158e-16,0.7721926299749758
GALAXY,0.8135355,0.00025892900000000003,22.98145,0.4833777,0.02903825,21.43264,0.1738921,0.02008852,159993.5872294179,1.825064111887216e-17,4.812665220750696
GALAXY,0.6049575,0.00017450599999999995,21.60785,0.08532346,0.07480216,20.44341,0.04677309,0.05174779,132118.07354378462,6.46722730125259e-17,2.5566168815668697
GALAXY,0.05711041,6.77e-06,18.04377,0.01386111,0.06851815,17.77384,0.008798416,0.04740054,16633.121875322147,1.7232572932175923e-15,0.49527870137028124
GALAXY,0.7315727,0.000304776,23.68329,0.5440618,0.05649821,21.62518,0.1501318,0.0390852,149834.14683596612,9.561854375118918e-18,6.648958959321922
GALAXY,0.1185841,1.92e-05,18.32503,0.01238947,0.05365225,17.74708,0.01023376,0.03711637,33455.916440233,1.3299831084217988e-15,0.5637695979991023
GALAXY,0.09347114,7.82e-06,17.441670000000002,0.0054792880000000006,0.05220433,16.9912,0.00566316,0.03611472,26717.53247380173,3.0004757781706195e-15,0.37534415069588734
GALAXY,0.1126606,1.06e-05,17.88725,0.006375116,0.05823893,17.248279999999998,0.005556116999999999,0.04028942,31883.04354933482,1.9904814069545438e-15,0.4608352083374975
GALAXY,0.03317633,9.64e-06,13.314279999999998,0.00185632,0.06639653,12.56016,0.001679664,0.04593281,9781.115239941308,1.3432168315256546e-13,0.056098552098710355
GALAXY,0.32877890000000004,7.72e-05,20.30377,0.03201632,0.06653013,18.57051,0.01163422,0.04602524,82995.61586156856,2.1495627383585247e-16,1.402328150749731
GALAXY,0.29419140000000005,5.15e-05,20.28937,0.03350789,0.1650224,18.7139,0.01368513,0.1141617,75642.81419223333,2.1782620500127633e-16,1.393059455040895
GALAXY,0.5987528,0.000310808,21.3778,0.1132644,0.1724282,20.34232,0.06622829,0.119285,131180.77550210044,7.993521091259503e-17,2.2996177506031126
GALAXY,0.5293168,0.000176107,22.3278,0.3283132,0.08406996,19.85723,0.06494575,0.05815921,120212.02710089197,3.332254209070479e-17,3.561686189280235
GALAXY,0.17144879999999998,3.07e-05,18.74584,0.01112584,0.07161596,17.67926,0.006641897,0.04954359,47047.49977150271,9.026556922413265e-16,0.6843269636520644
GALAXY,0.3512744,8.590000000000001e-05,20.78838,0.05561939,0.1089059,19.0288,0.01850426,0.07534060000000001,87620.79664061964,1.3756442119519234e-16,1.752958571299857
GALAXY,0.6786545999999999,9.71e-05,23.32906,0.5457903000000001,0.07611977,20.92262,0.08782627,0.05265931,142745.95125719096,1.3250556711904933e-17,5.648168602395352
GALAXY,0.5525111999999999,0.00016858700000000002,22.78025,0.2239059,0.03922699,21.02197,0.07285585,0.02713705,123976.10936385117,2.196636143440804e-17,4.386777954469033
GALAXY,0.5005684,0.000101919,21.77284,0.07740859,0.09175283,20.16704,0.03047804,0.06347419,115401.55551989426,5.555486866114177e-17,2.758440701245888
GALAXY,0.4775807,0.000123053,21.9976,0.1075655,0.08115236,20.21854,0.03616641,0.05614083,111435.93256897226,4.516667547678322e-17,3.0592548151931314
GALAXY,0.1254037,1.86e-05,17.606579999999994,0.005576093000000001,0.1435839,16.50775,0.003944830999999999,0.09933071,35254.157912478884,2.5776629259185576e-15,0.40495955658454913
GALAXY,0.2479207,4.18e-05,19.71301,0.02534901,0.1236765,18.2093,0.01098371,0.08555882,65332.87484103533,3.703856268990354e-16,1.0683108821548732
GALAXY,0.0522646,5.56e-06,18.38812,0.007872581,0.07162786,17.8279,0.00731785,0.04955182,15259.608863890888,1.2549029065743137e-15,0.580389640846721
GALAXY,0.4334354,8.77e-05,21.27361,0.06555868,0.09515057,19.47455,0.02130159,0.06582472,103512.08853566603,8.798611160040788e-17,2.1918844330898373
GALAXY,0.3561184,7.670000000000001e-05,20.75197,0.05717626,0.13270720000000005,21.51272,0.14810220000000002,0.09180625,88600.89271924354,1.422558468024961e-16,1.7238110181378514
GALAXY,0.4434167000000001,0.000119163,21.60926,0.1042019,0.05593808,19.84801,0.0356135,0.03869771,105339.95452162449,6.458834035998993e-17,2.5582775061277916
GALAXY,0.5774803000000001,0.00017391799999999998,21.8278,0.1138816,0.06925339999999999,20.45123,0.05450868,0.04790918,127914.99648789859,5.281267011505686e-17,2.8291479033728244
GALAXY,0.2711256,9.88e-05,21.50785,0.09380804,0.1300305,19.89743,0.02992486,0.08995447,70572.32721484006,7.091173725325383e-17,2.4415501671936064
GALAXY,0.4740089,0.000138885,22.01304,0.148672,0.05030162,20.236320000000006,0.0470129,0.03479843,110810.04768904015,4.452891623499527e-17,3.0810848057332536
GALAXY,0.7108706,0.00016067,23.15296,0.3324673,0.1384286,21.5513,0.1239118,0.09576429,147112.8107035192,1.5583827245970688e-17,5.208199988762579
GALAXY,0.107017,1.73e-05,17.218120000000006,0.005866929,0.08155715,16.562260000000002,0.004690674000000001,0.05642086,30375.016580997228,3.686465086743546e-15,0.3386254945232164
GALAXY,0.6750871999999999,0.000203879,22.83978,0.31883979999999995,0.1037024,21.12328,0.1061794,0.07174083,142252.2657421902,2.079438714019657e-17,4.508703250585564
GALAXY,0.6041979999999999,0.000154565,22.57251,0.2144167,0.07834312,20.53615,0.05695141,0.05419741,132003.70741999208,2.6598315012440347e-17,3.9865540097187666
GALAXY,0.5341923000000001,0.00011928,21.84393,0.10443239999999998,0.02990648,20.67857,0.05771503,0.02068917,121011.80090550275,5.203386971403584e-17,2.8502414546239674
GALAXY,0.5212966,0.00016434200000000002,22.036620000000006,0.1650296,0.03981735,20.39522,0.06096584,0.02754546,118886.36181250201,4.3572263888425476e-17,3.1147245953603813
GALAXY,0.03121043,5.33e-06,17.194860000000002,0.004681419,0.1020229,16.78987,0.00453334,0.07057896,9210.707896063252,3.7662931918871085e-15,0.3350176225061959
GALAXY,0.06846713,1.4499999999999997e-05,21.33942,0.06738761,0.1374376,20.68767,0.05743973,0.09507867,19824.791534614014,8.281139968853194e-17,2.259329912801496
GALAXY,0.5069931,0.00012668100000000002,22.1222,0.17215629999999998,0.1560193,21.40543,0.1279817,0.1079335,116490.79298590827,4.0269675055084674e-17,3.239930187091533
GALAXY,0.5507145999999999,0.000158684,21.98906,0.1032811,0.0531859,20.26214,0.03631747,0.03679375,123688.20836832644,4.5523340724729836e-17,3.04724695874871
GALAXY,0.03242876,1e-05,14.5177,0.002330629,0.1012506,13.82956,0.002131836,0.07004473,9564.343368981275,4.4338206854549395e-14,0.09764177197711855
GALAXY,0.08989424,2.29e-05,18.18589,0.008212742,0.08162401,17.22064,0.005758453,0.05646711,25742.781590722694,1.5118270974104364e-15,0.5287783341023625
GALAXY,0.2261821,3.26e-05,19.09342,0.01645023,0.11798319999999997,17.73451,0.007755924,0.08162025,60295.94624313358,6.55375384027212e-16,0.8031185410417148
GALAXY,0.08020741,1.56e-05,17.41245,0.006400771,0.1086751,16.582520000000002,0.004636745,0.07518093,23084.122876012152,3.08232284557849e-15,0.3703272347501391
GALAXY,0.4028397,0.00010898,20.93576,0.06859255,0.16470829999999995,19.10911,0.0233532,0.1139444,97773.20141031044,1.201030745611064e-16,1.8760640106767386
GALAXY,0.2855521,7.7e-05,21.01443,0.0554161,0.316294,19.73485,0.02615814,0.2188107,73759.53749378069,1.1170847555747074e-16,1.9452778973610192
GALAXY,0.05703324,8.61e-06,18.29343,0.01080052,0.04405464,17.72491,0.009505305,0.0304768,16611.303242763137,1.3692606426903675e-15,0.555624838752942
GALAXY,0.3330646,7.03e-05,21.02046,0.07855339,0.2409561,19.192,0.02234497,0.1666923,83886.19349146096,1.1108978473258366e-16,1.9506872810645446
GALAXY,0.33332140000000005,3.01e-05,21.97738,0.08748855,0.1683645,20.49724,0.03716514,0.1164738,83939.41543861025,4.601570977078363e-17,3.030900311046078
GALAXY,0.05976819,8.39e-06,18.36904,0.01203134,0.1101623,17.7793,0.01023943,0.07620979,17383.488750796136,1.2771506395784486e-15,0.5753122908213362
GALAXY,0.3540513,5.9e-05,21.29078,0.08002678,0.186304,19.34953,0.01992443,0.12888419999999998,88183.33334928325,8.660562998952012e-17,2.2092845338491696
GALAXY,0.671257,0.00020167,20.99036,0.1129425,0.1845739,20.07221,0.07733605,0.1276874,141719.92568733863,1.1421262814783824e-16,1.9238342503143286
GALAXY,0.02932677,8.12e-06,15.95208,0.002943253,0.1188539,15.17956,0.002527961,0.08222258,8663.078634197092,1.183112724326473e-14,0.18902169457122786
GALAXY,0.09600527,2.28e-05,17.656,0.006308461,0.110676,16.68918,0.004507971,0.07656516,27405.845588555447,2.4629643470675446e-15,0.41428160706714745
GALAXY,0.5037129,0.000102956,21.95067,0.1206151,0.1161928,20.65754,0.05131956,0.08038167,115935.70225408454,4.7161773174164246e-17,2.9938473463599795
GALAXY,0.1545881,7.65e-06,17.75046,0.006334026,0.06045428,16.932779999999998,0.004820687,0.04182199,42798.895829271416,2.2577410284466198e-15,0.4327007543007197
GALAXY,0.6631984000000001,0.000268875,22.37639,0.152589,0.02206065,21.52119,0.1078182,0.01526145,140592.12018404983,3.186413439881555e-17,3.642282710406631
GALAXY,0.6135687,0.000135486,22.16332,0.1489199,0.03018249,20.6961,0.05800991,0.02088011,133407.65978617914,3.877306428409295e-17,3.301867581508999
GALAXY,0.35823330000000003,0.000148083,21.9534,0.1161295,0.09234177,20.33866,0.03905505,0.06388161,89027.06101445894,4.7043337491770535e-17,2.9976136125560724
GALAXY,0.03905761,1.16e-05,17.10965,0.004905319,0.15798199999999998,16.23586,0.003820731,0.1092912,11480.678408532767,4.073785191966027e-15,0.32212590543353
GALAXY,0.4227349,9.96e-05,21.13199,0.06814957,0.10846300000000003,19.45225,0.02442782,0.07503422,101528.46991647632,1.0024486266615246e-16,2.0534950120071582
GALAXY,0.08453273,2.61e-05,18.04736,0.008879568000000001,0.06043959,17.10608,0.005941628000000001,0.04181182,24274.666203560522,1.7175687317965702e-15,0.4960982011377577
GALAXY,0.09713829,1.39e-05,17.52903,0.00706983,0.1061833,16.82893,0.005871949,0.07345712,27712.984948370406,2.768510182690998e-15,0.3907523983297261
GALAXY,0.5601851,8.97e-05,22.29478,0.15282839999999998,0.1066203,20.80961,0.05805792,0.07375941,125199.00500493612,3.4351533173189425e-17,3.5079359267475465
GALAXY,0.0587186,8.44e-06,15.638470000000002,0.0030129320000000003,0.04414899,14.82836,0.00248168,0.03054207,17087.410303497985,1.5793199637479188e-14,0.16360239318970776
GALAXY,0.3058598,3.16e-05,19.1771,0.01437467,0.2167136,18.38276,0.01058572,0.1499215,78156.55603730404,6.067616521502425e-16,0.8346716298873906
GALAXY,0.1146997,3.84e-05,18.21469,0.009370789,0.1881988,17.37109,0.006721936,0.1301951,32425.636053417726,1.4722519058879125e-15,0.5358381765231501
GALAXY,0.1484194,8.55e-06,18.5601,0.009974048,0.1323562,17.73929,0.007204632,0.09156342,41224.42222548491,1.0710706659779684e-15,0.6282256325308626
GALAXY,0.1019631,1.75e-05,17.73914,0.006618854,0.05236661,16.80088,0.004670331,0.03622698,29016.692975001577,2.2814036141062384e-15,0.4304509318032674
GALAXY,0.6460925000000001,0.000190534,24.1291,0.4967324000000001,0.1321376,21.51974,0.08103423,0.09141221,138162.74062034927,6.341881534491376e-18,8.16423791921576
GALAXY,0.3824256,5.98e-05,20.98292,0.08031982,0.3150887,19.05449,0.021315200000000003,0.2179769,93827.42592463936,1.1499795706729438e-16,1.9172539989391062
GALAXY,0.4429343,0.000109975,21.21851,0.12695109999999998,0.355985,19.40886,0.03804882,0.2462688,105252.10710845649,9.256656013223247e-17,2.13696619614046
GALAXY,0.6744446999999999,0.000190705,22.62435,0.2750426,0.1228609,20.82367,0.08632166,0.0849946,142163.13347832204,2.535818262365325e-17,4.082870942207203
GALAXY,0.1134585,8.22e-06,18.14453,0.009224738,0.07500673,17.521320000000006,0.007535951,0.05188931,32095.50374031954,1.5705295970359273e-15,0.5188020127134304
GALAXY,0.7207842,0.00037447,23.76333,0.7619047,0.1911275,21.52685,0.1700694,0.1322211,148424.10604437583,8.882314067198779e-18,6.898610931843382
GALAXY,0.5921791999999999,0.000151616,22.021420000000006,0.134597,0.1662529,20.59247,0.05862303,0.115013,130180.28074811213,4.418655317306294e-17,3.0929980932923007
GALAXY,0.1888527,3.9299999999999986e-05,18.90106,0.01585238,0.4778549,17.537679999999998,0.008276476999999999,0.3305778,51349.520704234754,7.824095183708045e-16,0.7350343788546628
GALAXY,0.02882902,8.96e-06,16.29425,0.003377072,0.09803675,15.49158,0.002857572,0.06782137,8518.192453036772,8.632928126474066e-15,0.2212817779700101
GALAXY,0.0895039,1.09e-05,17.92214,0.01052249,0.1247406,17.28378,0.009539794,0.08629498,25636.18178301419,1.927534345482996e-15,0.46829945491534375
GALAXY,0.5417420000000001,0.000323756,22.77519,0.2011615,0.1001621,21.38912,0.08557295,0.06929165,122241.22093033465,2.2068973094794467e-17,4.376567714443468
GALAXY,0.3074499,5.95e-05,20.51795,0.04030657,0.1245464,18.89655,0.01503695,0.08616064,78496.47724192274,1.7647294170774785e-16,1.5476959718906562
GALAXY,0.112104,8.65e-06,18.33994,0.009293376,0.119217,17.79087,0.008501815,0.08247376,31734.72588318052,1.3118437943163025e-15,0.567653934386808
GALAXY,0.3305659,7.269999999999999e-05,21.11088,0.06800136,0.16199620000000006,19.26616,0.01937083,0.1120682,83367.50097655893,1.0221299764171106e-16,2.0336286529663976
GALAXY,0.7362508000000001,0.0002192,23.46601,0.3882261,0.0956813,21.92083,0.158038,0.06619188,150440.12689639625,1.1680303435719373e-17,6.015859049742212
GALAXY,0.5902801,0.000159349,21.8846,0.1392754,0.0576707,20.45131,0.06121342,0.03989632,129889.80010637971,5.012081510242495e-17,2.904127319367955
GALAXY,0.1219159,3.04e-05,18.509970000000006,0.009130713,0.02755508,17.4892,0.006103976999999999,0.01906248,34336.148094991295,1.121682967350265e-15,0.61388871836123
GALAXY,0.1434167,3.33e-05,18.83543,0.01155615,0.03784007,17.709889999999994,0.007245605,0.02617758,39939.61007619786,8.311628531137514e-16,0.7131512574063795
GALAXY,0.06980805,7.39e-06,17.30566,0.005673381999999999,0.03666645,16.99226,0.00598707,0.02536568,20199.11794054975,3.4009020600630037e-15,0.3525556283058871
GALAXY,0.4725729,0.000137217,21.9697,0.09323011,0.12877629999999998,20.31945,0.0332582,0.08908684,110557.67369747728,4.634235771605748e-17,3.02019964567696
GALAXY,0.05988353,1.4e-05,17.48893,0.005204621,0.05466655,16.7428,0.004223407,0.03781806,17416.005020764682,2.872672554759376e-15,0.3836026973265134
GALAXY,0.6617596,0.000297434,23.80817,0.5136371,0.03415114,21.18204,0.07933589,0.0236256,140389.64310565506,8.522953621714544e-18,7.042545350020295
GALAXY,0.1152018,2.7600000000000007e-05,17.19781,0.00563076,0.06131535,16.194770000000002,0.003976188,0.04241768,32559.056827315675,3.756073872916227e-15,0.33547306168319857
GALAXY,0.1136606,6.81e-06,18.28211,0.008362154,0.031138,17.6344,0.007120756999999998,0.02154112,32149.288428087923,1.3836113794842468e-15,0.5527358739199851
GALAXY,0.4957172,0.000196394,22.41175,0.1648983,0.07582498,20.64053,0.05049333,0.05245537,114573.60119820057,3.08431073330701e-17,3.7020787459391973
GALAXY,0.5093709,5.570000000000001e-05,21.39124,0.0867528,0.08287722,19.94667,0.03820212,0.05733408,116891.83508750825,7.895181625009146e-17,2.3138950247436756
GALAXY,0.6216510999999999,0.000120398,22.49917,0.1974467,0.1194233,20.87982,0.06799491,0.08261647,134606.27776665793,2.845706626704168e-17,3.854159223155997
GALAXY,0.6242420999999999,0.000134153,21.80389,0.1666684,0.06460006,20.11941,0.05255352,0.04469002,134988.12818315692,5.398860739044753e-17,2.7981671405690483
GALAXY,0.4348470999999999,0.000110253,21.64824,0.1009289,0.04089187,20.22094,0.04415664,0.0282888,103771.92020437898,6.231062755139452e-17,2.6046156893543158
GALAXY,0.5185502000000001,0.000165377,22.48916,0.3121056,0.0618954,20.05311,0.05250488,0.04281895,118429.5192751217,2.8720640784946303e-17,3.836433302595893
GALAXY,0.520774,0.000147114,21.58026,0.1110964,0.09122035,20.08815,0.04408137,0.06310581,118799.54521380484,6.633674001804462e-17,2.5243388562149547
GALAXY,0.05330259,1.3e-05,16.75659,0.004073611,0.1189337,15.90261,0.003237381,0.08227777,15554.407997767352,5.639260089058072e-15,0.27378752276433377
GALAXY,0.2857665,7.3e-05,20.89643,0.04414495,0.1851725,19.32852,0.01911169,0.1281015,73806.50344449647,1.2453348025334849e-16,1.8423903586832362
GALAXY,0.471815,0.000173952,21.5394,0.109929,0.06564359,19.69098,0.03380991,0.04541194,110424.30185438412,6.888079091459631e-17,2.4772831705546525
GALAXY,0.23267670000000004,3.92e-05,19.17807,0.01915272,0.04021654,17.80978,0.009430815,0.02782162,61813.94785721794,6.062198115372264e-16,0.8350445622517048
GALAXY,0.2806836,4.75e-05,21.40867,0.07389783,0.1385277,20.29581,0.04210854,0.09583285,72689.90464534167,7.769447299641901e-17,2.332542965880654
GALAXY,0.3794639,8.290000000000001e-05,21.77972,0.09338272,0.1572567,20.006870000000006,0.03076468,0.1087895,93247.05493837189,5.520394635876147e-17,2.7671942863123173
GALAXY,0.1112675,1.9e-05,17.91791,0.007315606,0.07906727,17.00114,0.005257713000000001,0.05469837,31511.653801754404,1.9350586167987383e-15,0.4673881016107438
GALAXY,0.106455,3.44e-05,18.49397,0.009414554,0.03305066,17.61884,0.006992197,0.02286429,30224.337178918377,1.1383350944723457e-15,0.6093820427200454
GALAXY,0.16840139999999998,4.820000000000001e-05,18.58029,0.01403407,0.04605472,17.50185,0.008694244,0.03186044,46285.52751897977,1.0513374267186438e-15,0.6340940124178841
GALAXY,0.5451266,0.000198418,21.33251,0.08857954,0.09205538,20.24561,0.05036647,0.06368349,122788.84261164423,8.334012071932801e-17,2.252151762176378
GALAXY,0.3304078,4.04e-05,20.11264,0.05252269,0.14388199999999998,18.42204,0.01853277,0.09953692,83334.63077340706,2.5633158633227314e-16,1.2841733481244662
GALAXY,0.1199766,2.1e-05,17.75155,0.007444814,0.03950422,16.75828,0.005242998,0.02732884,33824.192897555884,2.255475558415819e-15,0.43291800882991827
GALAXY,0.6718199,0.000265087,24.5621,0.984077,0.1452121,21.69939,0.1515619,0.1004571,141798.30912946208,4.256161757788432e-18,9.965879972193509
GALAXY,0.1119546,2.6600000000000006e-05,18.397070000000006,0.008908967,0.1359933,17.36419,0.00599436,0.09407957,31694.899825147215,1.244600941572081e-15,0.5827867271994835
GALAXY,0.2341055,4.66e-05,19.35019,0.01904443,0.05737419,17.879070000000006,0.009458594,0.0396912,62146.39294321419,5.173472265333696e-16,0.9039276107972609
GALAXY,0.4808217000000001,0.00017004900000000002,21.96673,0.0868529,0.04220327,20.18802,0.02998774,0.02919602,112001.57340669217,4.646929943940476e-17,3.016071634924895
GALAXY,0.5157549,0.000163044,22.43802,0.20480170000000006,0.0659451,20.54918,0.05645156,0.04562051,117963.02135645929,3.010579674329849e-17,3.747137694964493
GALAXY,0.1123029,3.2299999999999986e-05,18.40312,0.008783397,0.1174173,17.36259,0.005920088,0.08122877,31787.73726208034,1.2376849932132244e-15,0.5844127096420882
GALAXY,0.07703803,1.52e-05,18.60773,0.01255274,0.1272946,17.81052,0.00939071,0.08806182,22208.251834611765,1.0250997443352613e-15,0.6421576376145659
GALAXY,0.1331729,8.08e-06,19.2043,0.01352797,0.1717823,18.70234,0.0121866,0.1188382,37286.45978396068,5.917498073378074e-16,0.8451925344226967
GALAXY,0.5045571,0.000154002,22.21188,0.15396010000000002,0.07651012,20.66108,0.06021045,0.05292935,116078.7669832885,3.707713132485846e-17,3.3765380823175097
GALAXY,0.05570841,8.46e-06,15.99797,0.003086406,0.1344255,15.383579999999998,0.002801271,0.09299494,16236.451919499857,1.1341490287541288e-14,0.19305882216893627
GALAXY,0.5391371,0.000129098,21.48221,0.1519415,0.1084349,19.64943,0.04720218,0.07501479,121818.26438551494,7.260626981142994e-17,2.412890715297077
GALAXY,0.118536,3.13e-05,18.4534,0.009455172,0.1586922,17.355339999999998,0.005997525,0.1097826,33443.18533966433,1.1816752113850396e-15,0.5981025475970864
GALAXY,0.03758207,6.29e-06,17.47645,0.009454781,0.2143361,17.23497,0.01049715,0.1482767,11055.249912623374,2.905883006374706e-15,0.3814043590602028
GALAXY,0.166994,1.31e-05,18.27163,0.01174343,0.244108,17.3692,0.007842644000000001,0.1688728,45932.74188195824,1.397031263854463e-15,0.550074676824451
GALAXY,0.3604141,5.25e-05,20.59117,0.03635396,0.1228482,18.92378,0.01449371,0.08498579,89465.40240144609,1.6496435951767292e-16,1.6007726379281773
GALAXY,0.7363465,0.000282821,23.12317,0.3653333,0.07222851,21.27867,0.1090476,0.04996735,150452.4893229327,1.60173300701225e-17,5.13723759688069
GALAXY,0.22256220000000004,2.65e-05,19.19906,0.01743541,0.04433168,17.73389,0.007605175,0.03066845,59444.949044542576,5.946126238514874e-16,0.8431554514015385
GALAXY,0.1818826,1.7800000000000002e-05,21.62823,0.05733067,0.06302736,21.27544,0.05786434,0.04360204,49636.71337580465,6.346965318251555e-17,2.580724544478047
GALAXY,0.02557156,8.92e-06,16.289720000000006,0.00478479,0.07788786,15.8408,0.00453594,0.05388246,7568.174219654714,8.669022401422326e-15,0.2208206339115535
GALAXY,0.03200962,1.34e-05,17.94782,0.008058532,0.2123928,17.457729999999998,0.007850759,0.1469324,9442.73282397367,1.8824789353149846e-15,0.47387047708623015
GALAXY,0.4896884,0.000121789,21.4146,0.1135069,0.1699227,19.73344,0.03512111,0.1175517,113538.04111633607,7.727128334560944e-17,2.3389215335161913
GALAXY,0.5833666999999999,0.000241752,23.37433,0.3073917,0.2146475,21.57635,0.08821126,0.14849210000000002,128826.86077062218,1.2709431513187909e-17,5.767155378008351
GALAXY,0.1213274,2.58e-05,17.95599,0.008166927,0.1277645,16.920460000000002,0.005159621,0.08838687,34180.90504665375,1.8683667299961096e-15,0.47565673698842637
GALAXY,0.1998249,3.510000000000001e-05,18.68311,0.01176919,0.07048738,17.39075,0.006472279,0.04876284,54018.60862826589,9.563439729331096e-16,0.6648407829588419
GALAXY,0.5700295,0.00014488,22.77312,0.277355,0.07035913,20.48051,0.05386593,0.04867412,126751.71019055622,2.2111088619562824e-17,4.3723976506529025
GALAXY,0.5344979000000001,0.000102572,22.76972,0.2046334,0.1114912,20.86143,0.05770757,0.0771291,121061.77849819858,2.2180438369548294e-17,4.365556891533944
GALAXY,0.27160850000000003,2.36e-05,18.9484,0.01615043,0.1128884,17.81295,0.009297292,0.07809566,70679.87690115768,7.490281250401085e-16,0.751234721144178
GALAXY,0.6552955,0.00017738400000000002,23.24951,0.2888185,0.08029326,21.0944,0.05908514,0.05554651,139475.77238026788,1.425785275135151e-17,5.444997093622162
GALAXY,0.5416842,0.000128686,21.92714,0.1174492,0.03345112,20.37424,0.04471503,0.02314133,122231.85003636224,4.8195015602389715e-17,2.961581252814871
GALAXY,0.1155467,1.4e-05,17.255470000000006,0.006244474,0.02373442,16.41917,0.004665273,0.01641936,32650.663199403687,3.56180488495358e-15,0.34450033794817725
GALAXY,0.1165437,3.04e-05,18.03526,0.008066161,0.034025400000000004,17.06747,0.005601775,0.02353861,32915.27519209928,1.7368172553588595e-15,0.49334150264478
GALAXY,0.5742033000000001,0.000195157,22.4721,0.175189,0.09001005,21.09313,0.06917853,0.06226854,127404.61616989544,2.917548774842025e-17,3.8064107592588794
GALAXY,0.2129778,5.99e-05,19.27972,0.02108364,0.05792041,17.84899,0.009727075,0.04006907,57174.70945939964,5.5203946358761465e-16,0.8750636672951025
GALAXY,0.5706998999999999,0.000184846,22.44703,0.2165795,0.05115344,20.931520000000006,0.08999709,0.03538771,126856.79665222934,2.985699704901693e-17,3.76271783795371
GALAXY,0.5280411,4.41e-05,21.76959,0.07775427,0.0285786,20.72595,0.05098545,0.01977054,120002.00268791855,5.572141355740158e-17,2.7543152853452697
GALAXY,0.07477002,1.28e-05,17.560229999999994,0.005695614,0.02773275,16.63853,0.0043001720000000005,0.01918538,21579.658672092988,2.6900857579032462e-15,0.39640730792620693
GALAXY,0.2727126,4.64e-05,19.28883,0.01860002,0.02119712,17.80772,0.008568235,0.01466407,70925.5522417712,5.474268884243727e-16,0.8787425422983921
GALAXY,0.6290155,0.000170184,22.85289,0.2164349,0.25391020000000003,21.42217,0.08897541,0.1756539,135688.58767469256,2.0544809809639997e-17,4.5360063334971015
GALAXY,0.1816112,3.47e-05,18.52669,0.01218363,0.08862683,17.559929999999998,0.007793543000000002,0.06131163,49569.74792201762,1.1045417220594094e-15,0.6186338108577651
GALAXY,0.5412859,0.000138833,22.44623,0.16767089999999998,0.4402919,21.0534,0.06981726,0.3045919,122167.25782929547,2.987900460432868e-17,3.761331856796106
GALAXY,0.0627026,6.77e-06,18.897170000000006,0.01028574,0.048457400000000005,18.60664,0.01030966,0.03352261,18209.5203071436,7.8521778047100545e-16,0.7337188087496069
GALAXY,0.1210914,2.56e-05,18.33562,0.01311382,0.1977752,17.60473,0.009207344,0.13682,34118.6214363679,1.3170738442888768e-15,0.5665257472205619
GALAXY,0.5189411,0.000233068,22.89018,0.2407377,0.2683299000000001,20.93151,0.05827345,0.1856294,118494.63279206344,1.9851170760816432e-17,4.614574398328873
GALAXY,0.250158,4.02e-05,19.83887,0.02505424,0.17093989999999998,18.35805,0.01125226,0.11825539999999997,65844.16508916483,3.2984516712607585e-16,1.132060539303302
GALAXY,0.3661355,8.09e-05,21.0401,0.08241581,0.08170106,19.13936,0.02384842,0.05652041,90610.08542568776,1.0909833563625441e-16,1.9684104060580827
GALAXY,0.05633373,8.14e-06,17.34095,0.005408206,0.1153142,16.83504,0.004818391,0.07977384,16413.446810656664,3.2921387088036555e-15,0.3583320484565959
GALAXY,0.4897231,0.000168349,21.53176,0.13714079999999998,0.125679,19.93735,0.05336935,0.08694415,113544.02259392045,6.93671937073217e-17,2.468582536170655
GALAXY,0.0820931,2.56e-05,17.94075,0.007193993,0.09402069,16.92253,0.005004420999999999,0.06504308,23603.835988942883,1.8947770909929847e-15,0.4723301323023064
GALAXY,0.5242103,0.00014350700000000002,22.27035,0.1211627,0.03561113,20.65849,0.03740977,0.02463561,119369.41941089688,3.513323375242407e-17,3.4686913098394174
GALAXY,0.5411726,0.000112763,22.5851,0.1346631,0.205945,20.6919,0.04172089,0.14247179999999998,122148.87846247679,2.6291667131048044e-17,4.009734823334123
GALAXY,0.008303763,6.3e-06,16.07124,0.0041119270000000005,0.2305219,15.674079999999998,0.004177203,0.159474,2479.070157083236,1.0601373247881871e-14,0.19968417681385067
GALAXY,0.5275263000000001,0.000123936,22.45151,0.1305281,0.06509293,20.81136,0.04607458,0.04503099,119917.15932624904,2.9734053958160833e-17,3.7704887756617627
GALAXY,0.06017285,9.29e-06,18.061870000000006,0.009879464,0.1046992,17.17176,0.006130282,0.07243042,17497.551776693246,1.6947674926528165e-15,0.49942428011342305
GALAXY,0.115879,1.88e-05,16.814420000000002,0.004998234,0.1169712,15.83316,0.003571367,0.08092014,32738.89035886668,5.346753042117965e-15,0.2811769089293635
GALAXY,0.6819725999999999,0.000325424,23.03801,0.3130563,0.04959503,21.37319,0.1084881,0.03430961,143203.28792612255,1.732423735283671e-17,4.939666768627162
GALAXY,0.06355067,1.23e-05,21.33221,0.05609166,0.04745635,21.94616,0.1399319,0.03283009,18447.774770027387,8.336315162737283e-17,2.2518406374041287
GALAXY,0.09072653,1.4300000000000004e-05,16.73619,0.004649313,0.08145829,15.99014,0.003737,0.05635247,25969.926285330574,5.746218356873456e-15,0.2712274571220425
GALAXY,0.5021906,0.000104513,21.77116,0.1050123,0.0916196,20.44489,0.05272739,0.06338201,115677.36111140597,5.564089731559318e-17,2.7563074076520486
GALAXY,0.5124031,0.000122318,22.52697,0.1914027,0.08326607,20.79854,0.06091454,0.05760308,117401.62040993483,2.773767946718565e-17,3.90381880959207
GALAXY,0.2436483,3.78e-05,19.07176,0.01801686,0.08443063,17.624570000000006,0.008588351999999999,0.05840871,64352.83967356949,6.685811458246242e-16,0.7951474165966625
GALAXY,0.5085685999999999,7.18e-05,21.84777,0.09839768,0.04430956,20.90722,0.05914893,0.03065315,116756.64405580598,5.18501629040031e-17,2.855286239107151
GALAXY,0.5851076999999999,0.000184961,21.51025,0.08422908,0.129945,20.54683,0.05379862,0.08989533,129095.3538872462,7.075516127442363e-17,2.4442501599589095
GALAXY,0.4370319,0.000105831,21.46638,0.113506,0.115429,19.96364,0.04507423,0.07985326,104173.19356065315,7.367262175972172e-17,2.3953647392753883
GALAXY,0.05517472,2.97e-05,17.58269,0.007257916999999998,0.1313781,16.85318,0.005943823000000001,0.09088674,16085.300684966154,2.6350091352926583e-15,0.4005287103718438
GALAXY,0.15179920000000002,2.79e-05,18.31819,0.009650471,0.01762189,17.23187,0.006009749,0.01219074,42088.40582332049,1.3383882808097416e-15,0.5619965535717076
GALAXY,0.3759134,7.3e-05,20.61378,0.05336529,0.07820354,18.90865,0.0195288,0.05410085,92548.63436387676,1.615645685563536e-16,1.6175274229884085
GALAXY,0.5229129,0.00012568600000000002,21.78032,0.15458329999999998,0.09150575,20.32798,0.05506351,0.06330325,119154.53043135973,5.517344795840689e-17,2.7679589959935624
GALAXY,0.5042291,0.000119288,21.88564,0.1405013,0.09443816,20.03271,0.03747168,0.06533188,116023.19845922623,5.0072828592893656e-17,2.905518548554356
GALAXY,0.5248659999999999,0.000136869,22.04012,0.13258150000000002,0.09759939,20.27927,0.04298659,0.06751881,119477.89838405205,4.343202965732356e-17,3.1197489863487986
GALAXY,0.1259797,2.56e-05,18.96756,0.01259083,0.1540289,17.99859,0.008388072,0.1065565,35405.42691769794,7.359259636335145e-16,0.7578925748822862
GALAXY,0.6249597,0.000146292,22.18825,0.217409,0.1240509,20.56362,0.06722771,0.08581784,135093.68041238553,3.789292455730508e-17,3.339993735728884
GALAXY,0.3025236,4.28e-05,20.52549,0.03367278,0.3415506,18.90616,0.01408837,0.23628320000000005,77441.31523049812,1.752516538935496e-16,1.5530793749959557
GALAXY,0.6022795999999999,0.00017521,23.09894,0.4378012,0.09819053,20.45701,0.0576479,0.06792776,131714.37933498196,1.637880171181904e-17,5.080233246106927
GALAXY,0.128441,1.39e-05,17.78538,0.005677625,0.0623006,17.14955,0.004929175,0.04309927,36050.73603618084,2.1862817282736274e-15,0.439715375950739
GALAXY,0.6922998,0.000157792,22.32945,0.1216495,0.09557167,21.15917,0.06078501,0.06611603,144615.5034315311,3.3271940078010885e-17,3.5643935759814003
GALAXY,0.112749,8.37e-06,18.34243,0.008803334,0.06785033,17.7887,0.008152015,0.04693854,31906.591293035493,1.3088386921089358e-15,0.5683052293319615
GALAXY,0.2948578,6.53e-05,20.11267,0.03583935,0.07217813,18.46871,0.01308302,0.0499325,75787.29849545195,2.563245037266499e-16,1.284191089757467
GALAXY,0.1336069,2.13e-05,19.29397,0.02029084,0.151305,17.94809,0.01046086,0.1046721,37399.47575262663,5.448414313613976e-16,0.8808250401259479
GALAXY,0.04080133,1.09e-05,15.19498,0.002747478,0.09649374,14.447,0.00238361,0.06675392,11982.590891702577,2.3761077192433965e-14,0.13338028844497268
GALAXY,0.5872531999999999,0.000162096,21.60084,0.1746529,0.09835689,20.12441,0.07410815,0.06804284,129425.47400947647,6.50911770802239e-17,2.5483768563040012
GALAXY,0.46658,0.00010906,21.69057,0.1195764,0.0841942,19.79115,0.03438681,0.05824516,109499.80564722144,5.992804707374728e-17,2.6558873614979213
GALAXY,0.4276755,8.56e-05,21.46142,0.1555363,0.174316,19.48843,0.03922512,0.120591,102447.4505747362,7.400995245338578e-17,2.3898995764249764
GALAXY,0.09787543,1.55e-05,16.796429999999994,0.004793091,0.08587464,15.76378,0.00339827,0.05940768,27912.60736981126,5.4360835774554754e-15,0.27885706513954306
GALAXY,0.3362703,0.000167405,21.21721,0.05938461,0.1944688,19.29751,0.01691728,0.1345326,84549.43175907986,9.267746055033701e-17,2.135687236925329
GALAXY,0.3699418,6.35e-05,21.14906,0.07524887,0.1809749,19.4405,0.02592643,0.12519760000000002,91367.36417439728,9.868113255410289e-17,2.069701203863787
GALAXY,0.3467091,6.68e-05,20.24976,0.04023861,0.1210707,18.3718,0.01285327,0.08375612,86691.98058920495,2.259197117217827e-16,1.3678789057216272
GALAXY,0.1105519,3.16e-05,18.66256,0.01080196,0.1655222,17.6753,0.007112158,0.1145075,31320.66115074851,9.746173204680134e-16,0.6585786572226149
GALAXY,0.5190302999999999,0.000182879,22.27551,0.1306251,0.02748281,20.57934,0.04680667,0.01901248,118509.48692962612,3.496665794940156e-17,3.476943650364952
GALAXY,0.6711186,0.00026471,21.87564,0.1415443,0.127143,20.45603,0.06047406,0.08795694,141700.64571384544,5.0536146771401203e-17,2.892168903446347
GALAXY,0.5804182,0.000132044,22.61947,0.2211785,0.2259982,20.96711,0.07148537,0.1563445,128370.89571643577,2.5472415205529756e-17,4.073705714696407
GALAXY,0.3105456,8.05e-05,20.02571,0.03262534,0.03027845,18.45543,0.01295797,0.02094649,79156.45147310746,2.7769887809604517e-16,1.2337797908453898
GALAXY,0.2015945,9.69e-05,21.24548,0.05768959,0.09110328,19.94407,0.02601225,0.06302483,54445.98245447492,9.029550374477766e-17,2.163673132683717
GALAXY,0.5121751,0.000120433,22.00501,0.1450594,0.1026894,20.37514,0.04754223,0.07104006,117363.35149797235,4.48594686544737e-17,3.0697121438002872
GALAXY,0.1938432,3.26e-05,18.87233,0.01260906,0.1045385,17.701729999999994,0.0072358369999999984,0.07231925,52567.61453770927,8.033894516015634e-16,0.7253734445189604
GALAXY,0.5075162999999999,0.000160397,22.94596,0.2375006,0.1182441,20.83889,0.05328823,0.08180075,116579.13293520744,1.885706617777766e-17,4.734647515955709
GALAXY,0.4914987,0.00012826,21.94104,0.1235391,0.1003783,20.00166,0.0318833,0.06944122,113849.76837137039,4.7581937829103837e-17,2.9805996922715776
GALAXY,0.28817,5.22e-05,20.25429,0.03457392,0.1458043,18.66222,0.01423481,0.1008668,74332.20914480781,2.2497907414887763e-16,1.3707354740544377
GALAXY,0.6399034,0.000163189,21.73458,0.1871751,0.1519917,20.60937,0.1060934,0.1051472,137271.74875099945,5.754745542576537e-17,2.710264348290079
GALAXY,0.5693995,0.000240721,22.54056,0.2341511,0.1525933,20.88418,0.07881907,0.1055634,126652.88099690176,2.7392654838607092e-17,3.928327183764618
GALAXY,0.602441,0.000185382,22.54127,0.1842806,0.1065962,20.94288,0.06559796,0.07374274,131738.7463419526,2.7374747701381965e-17,3.9296118274524265
GALAXY,0.180683,4.370000000000001e-05,18.76192,0.01354934,0.02012544,17.52691,0.007216925,0.01392269,49340.568359858145,8.89385664866421e-16,0.68941329177412
GALAXY,0.15156779999999995,2.1600000000000007e-05,18.45215,0.008790495,0.08380921,17.444779999999998,0.0059072230000000005,0.05797882,42029.356110018976,1.183036448689108e-15,0.597758351171742
GALAXY,0.1594622,4.07e-05,18.76717,0.01125635,0.02054004,17.66208,0.006821518,0.0142095,44035.31731571366,8.850954846907042e-16,0.6910821127343847
GALAXY,0.5683295,0.000121314,23.06203,0.2951727,0.07671604,20.72274,0.05903358,0.05307180000000001,126484.86042255795,1.6945177608868526e-17,4.994610804100574
GALAXY,0.4935578,0.000130015,21.90245,0.1111865,0.02891543,20.21075,0.03818275,0.02000356,114203.52979101393,4.9303542544274527e-17,2.9280982988321016
GALAXY,0.0843303,1.64e-05,16.79676,0.004863685,0.06671844,15.86409,0.003533615,0.04615551,24219.07024446517,5.434431578582188e-15,0.27889944643982145
GALAXY,0.4738151,0.000117143,22.28594,0.1195184,0.04684993,20.52231,0.03990402,0.03241057,110776.01270120713,3.4632363024372916e-17,3.493684252024657
GALAXY,0.05955845,6.16e-06,17.403679999999998,0.005306599,0.05479267,17.01155,0.005122972,0.03790532,17324.34942489513,3.1073210364211495e-15,0.3688345976734511
GALAXY,0.5125301999999999,0.00016114799999999998,22.56523,0.16131120000000002,0.07246237,20.74723,0.04737513,0.05012913,117422.94918435242,2.6777259365570645e-17,3.973211211467972
GALAXY,0.0992977,3.63e-05,15.535470000000002,0.004362322,0.07697831,14.08256,0.002207623,0.05325324,28297.318465148954,1.7364813576042937e-14,0.15602336933270855
GALAXY,0.4278583,6.11e-05,21.6236,0.13545710000000002,0.1525292,19.62464,0.03469832,0.105519,102481.34985498972,6.374089030309844e-17,2.5752278017576646
GALAXY,0.5917689,0.000200266,22.8298,0.1968526,0.26212110000000005,21.24074,0.07210779,0.1813342,130117.57730633052,2.0986408647945033e-17,4.488028976947426
GALAXY,0.4673547000000001,0.00012053,22.22968,0.1324213,0.2038775,20.5608,0.04529863,0.1410415,109636.97723568909,3.64742293989143e-17,3.404330002566782
GALAXY,0.09433253,1.85e-05,16.37014,0.003983703,0.08709984,15.36312,0.0029478990000000004,0.06025526,26951.711786007647,8.050115753915924e-15,0.22915200012242715
GALAXY,0.2653339000000001,4.42e-05,20.14471,0.02884239,0.16926860000000002,18.6052,0.01186241,0.1170992,69277.7298265842,2.4887090392658205e-16,1.3032797647493626
GALAXY,0.1051032,4.13e-05,19.55772,0.01689542,0.1888721,18.50549,0.010220299999999998,0.1306608,29861.52546320945,4.2733663431436684e-16,0.9945798408790434
GALAXY,0.07935712,2.2e-05,17.29201,0.0055147,0.1113212,16.42343,0.004144194,0.07701147,22849.43252617025,3.443928490417253e-15,0.3503463943837987
GALAXY,0.489533,0.000110667,22.21385,0.1179487,0.1096174,20.66866,0.09022401,0.07583281,113511.25074587586,3.700991819938581e-17,3.3796027301641494
GALAXY,0.16331510000000002,1.28e-05,18.23194,0.008473076999999999,0.08406322,17.258210000000002,0.0062747390000000005,0.05815454,45007.94227559488,1.4490458425968115e-15,0.5401117834833314
GALAXY,0.7437024999999999,0.000318388,23.26582,0.3586495,0.1717506,21.68804,0.13473020000000002,0.1188163,151398.65719123706,1.404527106407327e-17,5.4860486208377806
GALAXY,0.5084655,0.000374341,22.25411,0.1634607,0.03521326,20.83709,0.06961592,0.02436037,116739.26198253824,3.566269219601445e-17,3.442846438549599
GALAXY,0.5202928,0.00011368,22.20504,0.1124934,0.04929283,20.51203,0.03894042,0.03410055,118719.55885914476,3.731144985000547e-17,3.3659189356803254
GALAXY,0.02443528,1.02e-05,17.63774,0.01063493,0.1438637,17.15624,0.01428941,0.09952426,7236.038251383014,2.5047369652813314e-15,0.4108125025104122
GALAXY,0.06302509,9.11e-06,17.876620000000006,0.0062277980000000005,0.13024539999999998,17.38305,0.005570236,0.09010313,18300.14489797,2.0100651095113153e-15,0.45858479633837906
GALAXY,0.2204376,1.77e-05,18.33582,0.009696126,0.05430035,17.366139999999998,0.006949092,0.03756473,58943.8383205187,1.316831252665046e-15,0.5665779285731817
GALAXY,0.6737310000000001,0.000170804,22.52625,0.2180739,0.04436737,20.83753,0.07651629,0.03069314,142064.04567867142,2.775607965727324e-17,3.902524626162068
GALAXY,0.3974898,0.000117581,20.92614,0.0728728,0.05980569,19.08155,0.02431712,0.0413733,96748.28748219884,1.2117195787605864e-16,1.8677711042729794
GALAXY,0.4507762,0.000139741,22.46634,0.212364,0.03478671,20.60678,0.056160900000000014,0.02406529,106673.9749038991,2.9330679558284554e-17,3.796327337160968
GALAXY,0.06512044,2.52e-05,17.95111,0.008410318,0.2168083,17.04392,0.005991122,0.14998699999999998,18888.218972571864,1.8767832777679728e-15,0.47458898288273693
GALAXY,0.1601165,1.25e-05,18.52464,0.009284282,0.1120254,17.74107,0.006891692,0.07749864,44200.78371055638,1.106629199211815e-15,0.6180500590831699
GALAXY,0.171648,5.7399999999999986e-05,18.58631,0.01494233,0.1051796,17.73911,0.01029456,0.07276273,47097.21717392788,1.0455242857757594e-15,0.6358543581309363
GALAXY,0.0591798,9.16e-06,17.229229999999998,0.004601697,0.02748012,16.49806,0.003723932,0.01901062,17217.550326616823,3.648934983518671e-15,0.3403624587305446
GALAXY,0.6242894,0.000316645,21.87191,0.1611288,0.03990996,20.53039,0.07469883,0.02760953,134995.08829819408,5.071006009331215e-17,2.8872052069156755
GALAXY,0.4792049,0.000129242,22.17483,0.14552520000000002,0.1227785,20.39353,0.04252253,0.08493759,111719.66911467508,3.836419812875438e-17,3.3194157650713123
GALAXY,0.4844808,0.00018152,21.37092,0.08493386,0.1593442,19.58125,0.02949913,0.1102336,112637.58966857223,8.044334574904979e-17,2.292343270563991
GALAXY,0.1093303,1.96e-05,17.30327,0.0063657390000000005,0.16121770000000002,16.24415,0.004102994,0.1115297,30994.273848732715,3.4083966140754725e-15,0.3521678064685696
GALAXY,0.5894403,0.000122149,22.61261,0.2069634,0.05612111,20.95961,0.07166788,0.03882433,129761.14020964889,2.563386691336008e-17,4.060856587363019
GALAXY,0.4514393,0.000124958,21.85595,0.1128781,0.05246547,20.15984,0.03579376,0.03629537,106793.6039275956,5.146098861913457e-17,2.8660624702242408
GALAXY,0.5790268,0.000283108,23.29442,0.2469227,0.03915647,21.36363,0.07767109,0.02708826,128155.17632994872,1.3680126874332892e-17,5.558782124538483
GALAXY,0.3512013,0.000154438,21.41073,0.09781946,0.05939954,19.60403,0.02873918,0.04109233,87605.96348370632,7.754720068917971e-17,2.3347568178253537
GALAXY,0.5626201999999999,0.00016916299999999998,23.01735,0.2669826,0.08083739999999999,20.8644,0.06305044,0.05592294,125584.75534509536,1.7657049121076406e-17,4.892892253753746
GALAXY,0.2586249,1.89e-05,19.38377,0.01502578,0.16295379999999998,18.52994,0.01084336,0.1127307,67767.22103140634,5.015914502201554e-16,0.9180147353936383
GALAXY,0.6449355,0.00015175600000000002,22.38315,0.1295968,0.2132839,21.2382,0.07008127,0.14754879999999998,137996.6662277151,3.166635857479187e-17,3.6536391503343704
GALAXY,0.04847878,8.47e-06,16.73947,0.00507292,0.07608126,16.22085,0.006298865,0.05263266,14181.682068134402,5.728885273975812e-15,0.271637454634378
GALAXY,0.3301314,7.09e-05,20.14373,0.03778344,0.1442749,18.43027,0.01363222,0.09980869,83277.1504896843,2.490956395379241e-16,1.3026917185924909
GALAXY,0.5821869000000001,0.000186617,21.37035,0.08844645,0.09403192,19.98079,0.04140285,0.06505085,128644.60237013405,8.048558874055715e-17,2.2917416215717905
GALAXY,0.2072575,1.33e-05,18.85048,0.01581037,0.131077,17.52512,0.008453202,0.09067844,55807.89167299064,8.197211208229079e-16,0.7181111206932179
GALAXY,0.1183028,1.77e-05,17.82766,0.008193612,0.0773237,16.94351,0.005967514,0.05349218,33381.45250610691,2.1027813920604837e-15,0.4483608174300871
GALAXY,0.1291985,2.34e-05,17.9348,0.008339777,0.122727,16.81418,0.005217401,0.08490199999999999,36248.98806056676,1.905189262531361e-15,0.47103768323273876
GALAXY,0.6943911,0.000211201,23.01126,0.4098064,0.05729425,21.68588,0.1931922,0.0396359,144899.4262544747,1.7756367510247305e-17,4.879189123950704
GALAXY,0.3855096,0.000106644,22.29242,0.1595454,0.06625576,20.32329,0.04255992,0.04583543,94429.617874012,3.4426282260400556e-17,3.5041255022468656
GALAXY,0.1401203,2.22e-05,18.6639,0.009200864,0.07806051,17.62432,0.006213204,0.0540019,39089.11590937737,9.73415203766151e-16,0.6589851867937959
GALAXY,0.4494843,0.000140741,20.38928,0.04995904,0.03245545,18.64875,0.01743572,0.02245253,106440.63591160372,1.9867632826383092e-16,1.4586518671918725
GALAXY,0.2970022,5.19e-05,20.29609,0.02948523,0.0745836,18.71094,0.01243474,0.05159659,76251.47357439107,2.164821663087068e-16,1.3973771979835854
GALAXY,0.5831116999999999,8.68e-05,21.81195,0.1005937,0.05846018,20.15472,0.03494439,0.04044249,128787.48913390381,5.3589305060560847e-17,2.8085725848440557
GALAXY,0.2558652,3.7e-05,19.70021,0.01985036,0.05430963,18.23894,0.01032429,0.03757115,67142.48098731658,3.7477803101579194e-16,1.0620321214003081
GALAXY,0.07742789,1.77e-05,17.45504,0.005440435,0.08037262,16.48548,0.004083902,0.05560141,22316.151044983133,2.9637538094358305e-15,0.3776623161517755
GALAXY,0.4765595,0.000116304,21.85828,0.08216033,0.06775949,20.17733,0.03152559,0.046875699999999985,111257.2573479005,5.1350671271991964e-17,2.869139419086544
GALAXY,0.07780962,5.78e-05,21.36566,0.05852328,0.06973715,21.17369,0.0649419,0.04824384,22421.756711257596,8.083401027223306e-17,2.286797202604321
GALAXY,0.5241467000000001,0.000158734,22.48018,0.2243473,0.1146294,20.52578,0.0557559,0.07930006,119358.89296975009,2.895917098904015e-17,3.8206007119639436
GALAXY,0.1439068,8.86e-06,18.37853,0.009167653,0.09840771,17.691229999999994,0.007403804,0.068078,40065.79446062273,1.2660362043275356e-15,0.5778320839928471
GALAXY,0.31792659999999995,5.260000000000001e-05,20.57115,0.04494362,0.1115263,18.92506,0.01666165,0.07715335,80720.43152213775,1.680343712195625e-16,1.5860820577466175
GALAXY,0.8634046999999999,0.000470256,22.79424,0.34384590000000004,0.1158407,20.96204,0.109639,0.08013806,165725.42552117392,2.168513475163988e-17,4.4151315932495265
GALAXY,0.1424935,1.93e-05,18.41751,0.01121651,0.15926379999999998,17.25894,0.006882893,0.110178,39701.73079768712,1.221389339852173e-15,0.588298379739918
GALAXY,0.1314298,2.77e-05,18.39705,0.009987037,0.10835410000000002,17.348670000000002,0.006667156,0.07495885,36832.002257620145,1.2446238681798541e-15,0.5827813595600776
GALAXY,0.1395516,1.92e-05,18.06981,0.0073979990000000015,0.09511316,17.095029999999998,0.005256586999999999,0.06579884,38942.07338303709,1.6824188485130954e-15,0.5012537702862809
GALAXY,0.5262336,0.00015578600000000002,22.34174,0.1895562,0.1466585,20.72425,0.06728464,0.1014576,119703.88448653233,3.289744164338032e-17,3.584624363985097
GALAXY,0.1472931,1.7e-05,18.31893,0.008804451999999999,0.02609257,17.51363,0.00668603,0.01805072,40935.783173900425,1.3374763927410337e-15,0.5621881048517362
GALAXY,0.5429911999999999,0.00015413299999999998,22.34056,0.1664192,0.1194176,20.71084,0.05538084,0.08261257,122443.59319890483,3.293321468220776e-17,3.5826769721298133
GALAXY,0.6602733000000001,0.000149278,22.64155,0.2204445,0.2223536,21.00672,0.07890356,0.15382320000000002,140180.12471908162,2.4959628971232357e-17,4.115339344538542
GALAXY,0.1362619,1.91e-05,17.85812,0.008724851,0.05973259,16.75389,0.005431008,0.04132273,38089.67604209329,2.0446083270295847e-15,0.4546944489937567
GALAXY,0.4270574,4.95e-05,20.94142,0.05335858,0.1062095,19.66141,0.02567131,0.07347523,102332.77310326391,1.1947860003344526e-16,1.880960399419373
GALAXY,0.4898346,0.000135277,22.04373,0.1233203,0.14497079999999998,20.76951,0.05976046,0.1002901,113563.24095812437,4.3287860882685864e-17,3.1249397778937476
GALAXY,0.5092865,0.000113258,21.84685,0.1175079,0.1378664,20.28103,0.04138014,0.09537534,116877.61934014161,5.1894116827260013e-17,2.8540767800608218
GALAXY,0.4792499,0.000136581,22.61768,0.2230976,0.1606358,20.40087,0.04538606,0.1111271,111727.52256583913,2.551444496314021e-17,4.070349039032509
GALAXY,0.1925933,2.24e-05,18.59346,0.0102971,0.1189434,17.7702,0.007065905,0.08228453,52263.18054960966,1.0386617182346033e-15,0.6379514843723945
GALAXY,0.104322,1.47e-05,21.634220000000006,0.06335729999999999,0.145037,21.27737,0.05650044,0.1003359,29651.61516542441,6.312045564023196e-17,2.587853293035751
GALAXY,0.09487927,1.15e-05,18.84639,0.01147869,0.21359210000000006,17.96786,0.008120671,0.14776199999999998,27100.236904710648,8.228148576709165e-16,0.7167598209045504
GALAXY,0.5233679,0.000125672,22.15266,0.2301947,0.1144566,20.17264,0.06335814,0.07918052,119229.92971167214,3.915562181369829e-17,3.285698067109825
GALAXY,0.04637017,5.45e-06,17.15566,0.005415896,0.3569814,16.727439999999998,0.005025778,0.2469581,13579.452284133295,3.9047580166175675e-15,0.3290240563866537
GALAXY,0.2035027,3.620000000000001e-05,19.13144,0.01721127,0.04301854,17.84102,0.008595811,0.02976003,54905.86894427169,6.328228105163585e-16,0.8173040524234055
GALAXY,0.4243837,0.000142292,22.10401,0.1378247,0.07693480000000001,20.32006,0.0414534,0.05322314,101835.75175708925,4.0950020659782906e-17,3.2129032826889854
GALAXY,0.2575173,4.01e-05,19.56889,0.02413718,0.03620696,18.12981,0.01080365,0.02504781,67516.72174075704,4.229627540134341e-16,0.9997091159345733
GALAXY,0.5305793000000001,5.94e-05,22.13107,0.1219477,0.03773639,20.38006,0.03888185,0.02610586,120419.56775615891,3.9942029234286104e-17,3.2531916751454037
GALAXY,0.3528947,6.809999999999999e-05,21.09974,0.05794157,0.07534132,19.29992,0.01905844,0.05212078,87949.25512930777,1.0326713426261488e-16,2.023222528797259
GALAXY,0.4220593,7.020000000000001e-05,20.87212,0.05812453,0.07487628,19.19157,0.02178444,0.05179906,101402.38777834747,1.2735327719947722e-16,1.821879513175113
GALAXY,0.6268741,0.000145433,22.92648,0.2445272,0.05075504,20.9373,0.06602547,0.0351121,135374.83751703316,1.9198448149828736e-17,4.692363546985122
GALAXY,0.07141679,1.8100000000000006e-05,17.4213,0.005171179000000001,0.05000787,16.499270000000006,0.003872574,0.03459521,20647.50599653847,3.057300484992539e-15,0.3718396112063914
GALAXY,0.3320218,4.86e-05,20.87695,0.06343871,0.17987260000000002,19.06229,0.01754925,0.124435,83669.9082213999,1.267879924173548e-16,1.825936424890755
GALAXY,0.1671187,1.06e-05,18.308020000000006,0.009028424,0.02870437,17.58644,0.007262898,0.01985755,45964.02223456538,1.3509837498819133e-15,0.5593706202965714
GALAXY,0.1007026,2.99e-05,18.40187,0.007952081,0.07707842,17.40072,0.005435127,0.05332249,28676.75067263372,1.2391107512956719e-15,0.5840763914531851
GALAXY,0.1374649,2.19e-05,18.29322,0.008605885,0.11302910000000002,17.28562,0.005750308000000001,0.07819303,38401.74581208514,1.3695255067922944e-15,0.5555711076653292
GALAXY,0.07532737,6.01e-06,17.64198,0.006271638,0.1914278,17.23581,0.006487843,0.1324289,21734.272463292335,2.4949745801279335e-15,0.4116154354267284
GALAXY,0.5151912999999999,0.000137729,22.32522,0.1497613,0.10669560000000003,21.0309,0.06123205,0.07381155,117868.77774075346,3.340181952993022e-17,3.55745694210268
GALAXY,0.1846828,3.4899999999999995e-05,18.9738,0.01299079,0.2006376,17.80237,0.007486502,0.1388002,50326.44276879594,7.317085422798499e-16,0.7600736070740218
GALAXY,0.1077913,1.82e-05,17.529420000000002,0.007483255,0.05489521,16.64839,0.005256446999999999,0.03797625,30582.465695843744,2.767515903352731e-15,0.39082258440280687
GALAXY,0.08427414,1.44e-05,18.6475,0.009426803,0.06759061,17.9241,0.00748578,0.04675887,24203.644163589368,9.882302080692472e-16,0.6540269619528207
GALAXY,0.1343455,2.26e-05,18.23436,0.008204842,0.0561852,17.13728,0.02103437,0.03886866,37591.68696588968,1.4458196576452655e-15,0.5407140472349135
GALAXY,0.03811313,1.0800000000000003e-05,16.797279999999994,0.005040424,0.21595100000000006,16.164279999999998,0.004398445,0.1493939,11208.440295557779,5.4318294476037954e-15,0.27896624216686217
GALAXY,0.5666717,0.000141303,22.33716,0.2208046,0.305623,20.70238,0.07756686,0.2114286,126224.12066739713,3.303650720858334e-17,3.577071756839361
GALAXY,0.3362362,5.7e-05,20.75193,0.05081178,0.2718056,19.0151,0.01816986,0.1880339,84542.38977826123,1.422610877981136e-16,1.7237792646578871
GALAXY,0.5743482,0.000150021,23.08424,0.3213463,1.021901,21.32449,0.1006943,0.7069466999999999,127427.22534881852,1.6602065586268876e-17,5.045958243170729
GALAXY,0.08254986,1.7100000000000002e-05,17.35217,0.006215132,0.1198298,16.417679999999994,0.00452522,0.08289768,23729.56556645122,3.25829292354827e-15,0.36018834209648665
GALAXY,0.6384016,0.000492709,23.89,0.4428376,0.08950508,21.50928,0.09426948,0.0619192,137054.57460139753,7.90420372246498e-18,7.313001327809005
GALAXY,0.08703677,7.16e-06,18.29319,0.009262569,0.102226,17.718420000000005,0.008362616,0.0707195,24961.38633198999,1.3695633487032997e-15,0.5555634322198447
GALAXY,0.3994858,2.18e-05,20.7211,0.03938437,0.09573528,19.6252,0.02398869,0.06622922,97131.42906110921,1.4635855909893925e-16,1.699478412179377
GALAXY,0.6511853,0.000208581,23.30273,0.2452019,0.05307067,21.77859,0.119442,0.03671404,138891.09443537996,1.357582169140618e-17,5.580095764510306
GALAXY,0.6177236999999999,0.000204181,22.05284,0.1435804,0.02595265,20.5366,0.06274669,0.01795392,134025.2619720465,4.292616842200573e-17,3.1380774080632476
GALAXY,0.06781366,1.47e-05,16.584789999999998,0.004725443,0.02886175,15.89718,0.00436767,0.01996642,19642.17830851074,6.606054087787465e-15,0.2529610482532009
GALAXY,0.09420665,1.8e-05,17.06635,0.005947643000000001,0.10249160000000003,16.063879999999994,0.0041258020000000005,0.07090325,26917.50334623182,4.239534025923686e-15,0.3157662083834972
GALAXY,0.04720813,6.71e-06,18.00601,0.009814484,0.06471492,17.69367,0.01143014,0.04476948,13818.936549970596,1.7842435078326506e-15,0.48674068871815773
GALAXY,0.4837151,0.00014594399999999998,21.92731,0.104773,0.02423608,20.08023,0.03300105,0.01676641,112504.7245523316,4.8187470020668137e-17,2.9618131178475715
GALAXY,0.23517620000000006,4.69e-05,19.79951,0.0230174,0.02123553,18.33,0.01075748,0.01469064,62395.16072853935,3.4202206534474534e-16,1.1117257174663686
GALAXY,0.6260856,0.00016915400000000005,23.02989,0.2519131,0.05036392,21.602970000000006,0.101512,0.03484153,135259.11124252857,1.745428749958895e-17,4.921229880564954
GALAXY,0.1403129,2.75e-05,18.06747,0.00753947,0.06216061,16.96104,0.004838500999999999,0.04300242,39138.89342375469,1.686048740872566e-15,0.5007139052335287
GALAXY,0.1334191,2.31e-05,17.9824,0.007077768000000002,0.06559311,17.0161,0.005122032,0.045377,37350.578242461816,1.82346791145387e-15,0.4814771179913417
GALAXY,0.1642898,1.18e-05,18.65209,0.01079357,0.02501569,17.85908,0.00821476,0.01730574,45253.33241580078,9.840612376446517e-16,0.6554108887000156
GALAXY,0.05863327,1.07e-05,17.82485,0.007324992,0.4337482,17.0771,0.005902241,0.300065,17063.325217141475,2.108230661050649e-15,0.4477809900934154
GALAXY,0.4057699,4.01e-05,20.49108,0.0344685,0.11160430000000003,19.77014,0.02849405,0.07720736,98331.82709462357,1.8089481765596287e-16,1.5286626420497742
GALAXY,0.4610173,0.000109963,20.791120000000006,0.05949664,0.06836016,19.07495,0.02113836,0.04729124,108511.1596586102,1.3721769673291482e-16,1.7551718796795122
GALAXY,0.8666779,0.000186845,21.72654,0.15344470000000002,0.08235393,20.764,0.1006,0.05697207,166090.43175234468,5.79751826036082e-17,2.7002479950188705
GALAXY,0.1079772,1.94e-05,18.31382,0.0077642369999999985,0.3173692,17.28981,0.00549222,0.2195545,30632.245721140604,1.3437860403708475e-15,0.5608666956187844
GALAXY,0.4955808,8.88e-05,21.843020000000006,0.13523510000000002,0.03285517,20.04816,0.04215218,0.02272905,114550.25326226561,5.2077499713762406e-17,2.849047252794569
GALAXY,0.4628933,0.00011111,21.771,0.1933954,0.1418858,19.81617,0.04730524,0.09815593,108845.30232177605,5.56490974654331e-17,2.7561043228989215
GALAXY,0.2052834,6.63e-05,20.4943,0.06995178,0.1170619,19.25843,0.03638462,0.08098285,55334.12955937744,1.803591272898235e-16,1.530931123582601
GALAXY,0.2514249,3.99e-05,19.48897,0.02513505,0.05845438,18.04217,0.01147567,0.04043847,66133.10636421262,4.552711445030216e-16,0.9635841602176485
GALAXY,0.07276376,3.66e-05,17.39249,0.007666888,0.08306871,16.70681,0.006632474,0.05746655,21022.344820554103,3.1395118396874976e-15,0.3669388134547211
GALAXY,0.4444585,0.000111352,22.19539,0.14794749999999998,0.23996220000000004,20.42237,0.04579187,0.1660047,105529.50095189751,3.7644551319077055e-17,3.3509940158371125
GALAXY,0.4679769,0.000162605,22.43598,0.1583447,0.1232631,20.69419,0.05350421,0.08527285,109747.05578377571,3.016241598342964e-17,3.7436190818258233
GALAXY,0.09002301,1.94e-05,17.664939999999994,0.007242044,0.08507260000000001,16.745420000000006,0.005190467,0.05885283,25777.93819131641,2.4427674547074325e-15,0.4159907294514715
GALAXY,0.5591639,0.000158391,21.09628,0.08990271,0.1458221,19.90333,0.04695776,0.100879,125036.90500531753,1.0359674859518349e-16,2.0200013155135443
GALAXY,0.483384,0.000130646,21.39674,0.083996,0.2145342,19.98568,0.03811191,0.14841379999999998,112447.23452796588,7.855288233504201e-17,2.319763187385407
GALAXY,0.09393055,1e-05,17.77297,0.008768826,0.1029381,17.08948,0.006994934,0.07121208,26842.455706793757,2.2114143590370475e-15,0.43720956265550454
GALAXY,0.6875081000000001,0.000238736,21.73675,0.1150075,0.1158123,20.88457,0.08490875,0.08011845,143962.35857663467,5.743255341962147e-17,2.7129741286363642
GALAXY,0.07733566,1.94e-05,17.1975,0.006383743000000001,0.1142844,16.28289,0.004326503,0.07906139999999999,22290.629151854228,3.757146462315882e-15,0.335425172874792
GALAXY,0.3631756,8.499999999999999e-05,21.46316,0.08870964,0.08603641,19.53817,0.02760992,0.05951959,90018.8570093317,7.389143915099022e-17,2.391815369488765
GALAXY,0.1925936,4.07e-05,18.89153,0.01553596,0.1221797,17.67061,0.008328184,0.08452336,52263.253671261125,7.893073104622589e-16,0.7318155818699568
GALAXY,0.5221385000000001,0.000207005,22.69286,0.16388670000000002,0.1211705,21.1541,0.06364042,0.08382522,119026.10950425359,2.380751821087491e-17,4.2137391986791775
GALAXY,0.07962912,1.87e-05,18.15165,0.007485296,0.2300908,17.227929999999994,0.005265475,0.15917579999999998,22924.53100864237,1.5602641332072762e-15,0.5205058947519552
GALAXY,0.07355305,6.96e-06,17.61363,0.005613421,0.10117310000000003,17.24156,0.005538793,0.06999107,21241.741585778083,2.5609796364514908e-15,0.4062764530874513
GALAXY,0.1930478,8.35e-05,21.91619,0.09827835,0.06696707,21.03329,0.06427869,0.04632751,52373.93140459226,4.868353719581055e-17,2.94668459245888
GALAXY,0.4104756,7.74e-05,21.3097,0.07688017,0.09328283,19.53485,0.02629927,0.06453262,99224.9164015591,8.510951686670523e-17,2.2286180943794336
GALAXY,0.5930226,0.000226357,23.79427,0.7895783000000001,0.09929163,20.79891,0.08940989999999999,0.06868949,130309.07722935852,8.632769103525801e-18,6.997608680829969
GALAXY,0.5095467,0.000199563,22.17228,0.1847787,0.1510962,20.45328,0.05704657,0.1045276,116921.44107122903,3.845440758924677e-17,3.3155200019505258
GALAXY,0.33173020000000003,6.17e-05,20.6428,0.04368795,0.03112355,18.91167,0.01530286,0.02153113,83609.38077010105,1.5730340561972088e-16,1.6392894816501589
GALAXY,0.03425286,8.86e-06,17.60211,0.009214958,0.22519210000000006,17.202189999999998,0.009368816,0.1557868,10092.981775792266,2.5882970968080806e-15,0.4041268002662628
GALAXY,0.5155012999999999,0.000117606,21.82721,0.1055293,0.04015437,20.20696,0.03837787,0.02777861,117920.62282278198,5.2841376851510617e-17,2.828379314045341
GALAXY,0.4137305000000001,0.00012879299999999998,20.86266,0.06512176,0.09769481,19.13704,0.02073173,0.06758482,99839.76931892766,1.2846775215991832e-16,1.8139597751397218
GALAXY,0.6849614,0.000139885,22.91337,0.2322179,0.07770959,21.67983,0.1104137,0.05375913,143613.74177288017,1.94316699457207e-17,4.664119320333957
GALAXY,0.09925428,1.58e-05,17.52739,0.006504671,0.1307035,16.64235,0.004839090999999999,0.09042005,28285.58250166713,2.7726951656562916e-15,0.390457394811782
GALAXY,0.1583444,1.12e-05,18.2674,0.007994714,0.1047475,17.5868,0.006880051,0.07246381,43752.356459725255,1.4024846775850284e-15,0.5490041815051894
GALAXY,0.34541209999999994,6.790000000000001e-05,19.98679,0.03165525,0.03285727,18.1877,0.01048374,0.02273051,86427.19641721547,2.8783402129274305e-16,1.2118633523342286
GALAXY,0.5286635999999999,0.000152889,21.84948,0.1167995,0.02842925,20.35579,0.04770477,0.01966722,120104.52719306565,5.176856482013839e-17,2.8575356171850417
GALAXY,0.6381786,0.000200565,23.14149,0.272642,0.03094403,21.24033,0.07915222,0.02140694,137022.29423685325,1.5749331531075936e-17,5.180762127270477
GALAXY,0.5003095000000001,0.000118836,22.30432,0.1386076,0.03708829,20.49637,0.0412758,0.02565751,115357.48862650314,3.405101995662951e-17,3.5233813587773266
GALAXY,0.1119758,2.6600000000000006e-05,17.76185,0.007162613000000002,0.06284218,16.93466,0.005260816999999999,0.04347393,31700.55157478682,2.2341798222101113e-15,0.43497635762006004
GALAXY,0.3155159,8.759999999999999e-05,19.88811,0.03924466,0.2966094,18.15441,0.01287521,0.205193,80211.10217871604,3.1522026166112923e-16,1.1580242454687724
GALAXY,0.5535071,0.000133209,22.21269,0.1335668,0.1839205,20.5708,0.0470304,0.1272354,124135.43798989682,3.7049480707379444e-17,3.377797829390766
GALAXY,0.4098605,0.000137356,22.19208,0.132712,0.34437840000000003,20.61947,0.04662514,0.2382394,99108.45841054927,3.775949046539341e-17,3.3458899487686944
GALAXY,0.08101672,9.42e-06,18.16377,0.007698611,0.23593670000000005,17.49576,0.006421105,0.16321989999999995,23307.30431494327,1.5429438623233909e-15,0.5234192035487171
GALAXY,0.07207807,1.15e-05,17.77136,0.009945206,0.1388851,17.2447,0.008760829,0.09608009,20831.59599356717,2.2146960200765237e-15,0.4368855214623499
GALAXY,0.1280349,8.33e-06,19.15754,0.02071695,0.1614406,18.6009,0.02142963,0.1116838,35944.3840130181,6.177917795513835e-16,0.8271869082134784
GALAXY,0.08516049,1.6899999999999994e-05,18.75023,0.01950756,0.29919450000000003,18.03366,0.01654357,0.2069813,24446.999358908866,8.990133175361572e-16,0.68571184616317
GALAXY,0.5875111,0.000154974,22.29899,0.1975482,0.11047060000000003,20.77678,0.08356111,0.07642302,129465.10016833966,3.4218591183884605e-17,3.5147436281799167
GALAXY,0.1606602,1.18e-05,18.64991,0.01026247,0.1177367,17.6461,0.006901945,0.08144971,44338.18849606727,9.860390740739224e-16,0.654753234120717
GALAXY,0.2239408,3.63e-05,19.17665,0.01589463,0.06653059,17.77645,0.007811644,0.04602555,59769.4573482857,6.070131859330001e-16,0.8344986765880682
GALAXY,0.465431,0.000160143,21.47604,0.1087538,0.03079068,19.80604,0.03981936,0.02130085,109296.12791150167,7.302004986704351e-17,2.4060444827505156
GALAXY,0.072699,1.12e-05,17.45845,0.006335019,0.02767106,17.03644,0.006511035,0.01914271,21004.33548870538,2.9544600727709105e-15,0.3782558490012262
GALAXY,0.4942170999999999,0.000240539,21.97311,0.1757281,0.08667161,20.36327,0.06754810000000001,0.05995902,114316.61860788388,4.619703739030259e-17,3.024946181470826
GALAXY,0.1858363,1.67e-05,18.70311,0.01273184,0.08654099,17.68979,0.008175601999999999,0.05986866,50609.93380417648,9.388887282466418e-16,0.670992478982693
GALAXY,0.13354739999999998,3.4e-05,18.78745,0.01111678,0.02970288,17.696720000000006,0.00712185,0.02054831,37383.984825327665,8.687166096624954e-16,0.6975665585503729
GALAXY,0.5406017,0.00014537,21.61374,0.1103541,0.03315983,19.99431,0.03986004,0.02293982,122056.23054815378,6.432238293017585e-17,2.563560978340218
GALAXY,0.2806048,7.170000000000001e-05,21.34386,0.0771196,0.1107925,20.16818,0.04515849,0.07664572,72672.54218618432,8.247344297515017e-17,2.263954280749791
GALAXY,0.1746276,4.4299999999999986e-05,17.92579,0.009077373,0.04056956,16.6655,0.005203499,0.02806583,47839.55692546092,1.921065290026293e-15,0.469087275369558
GALAXY,0.1868323,1.92e-05,18.40071,0.008971136,0.0628591,17.4486,0.0063279090000000005,0.04348563,50854.420125334786,1.2404353240423447e-15,0.5837644613197268
GALAXY,0.7380708,0.000234415,21.89377,0.0932209,0.03766977,20.99753,0.06747673,0.02605978,150674.9988749088,4.9699283216321884e-17,2.916417209346464
GALAXY,0.2999394,4.89e-05,20.41726,0.03954569,0.09610306,18.76856,0.01403046,0.06648365,76885.38126378602,1.9362174292910122e-16,1.4775685965837861
GALAXY,0.6992517,0.000267018,23.09073,0.22578320000000004,0.0321595,21.43606,0.07450978,0.02224779,145556.66380269048,1.6503122569330198e-17,5.06106193775577
GALAXY,0.0833711,2.9600000000000005e-05,18.7495,0.009596722,0.09348123,17.83284,0.006776474,0.06466988,23955.46884685243,8.996179767478523e-16,0.6854813640650218
GALAXY,0.517521,0.000200843,21.95154,0.1400019,0.1485848,20.32166,0.05362175,0.1027903,118257.9384327869,4.712399760039878e-17,2.9950470710377237
GALAXY,0.1115146,8.71e-06,17.83308,0.006758876,0.08153049999999999,17.057879999999994,0.005272172,0.05640243,31577.569888735725,2.0923104551541775e-15,0.4494813248478627
GALAXY,0.5371453,8e-05,22.33728,0.1988505,0.1161257,20.58335,0.06476669,0.08033524,121493.980102917,3.303285608064276e-17,3.5772694385919515
GALAXY,0.5995871,0.00017932200000000002,22.36532,0.1932522,0.1238981,20.61762,0.05860618,0.08571216,131307.20421582193,3.2190678097234605e-17,3.623761881158368
GALAXY,0.5776756,0.000132586,22.23291,0.1413694,0.07959698,20.60964,0.04723233,0.05506482,127945.35171750325,3.636588200049918e-17,3.409397609235836
GALAXY,0.5006583,0.000185252,21.50188,0.12850430000000002,0.118669,20.11339,0.05144322,0.08209465,115416.85408645413,7.130272458255029e-17,2.434846864905054
GALAXY,0.4679604000000001,0.000127147,21.83648,0.1137274,0.05958184,20.07289,0.03335685,0.04121844,109744.13767534785,5.2392138465275185e-17,2.840479454195339
GALAXY,0.6057464,0.000234715,23.23794,0.2787603,0.05944986,21.42552,0.09326488,0.04112713,132236.7589820064,1.4410602047972525e-17,5.416062311977801
GALAXY,0.4113323,7.08e-05,20.60368,0.03651153,0.04670621,18.968870000000006,0.01436298,0.03231114,99386.97637412976,1.6307452613048703e-16,1.6100214136239348
GALAXY,0.3508794,6.670000000000001e-05,20.03598,0.03210247,0.04986808,18.31901,0.01142087,0.03449851,87540.62970587044,2.7508450318049824e-16,1.2396287849686116
GALAXY,0.3353027,8.609999999999999e-05,20.81847,0.04670517,0.1188439,19.06273,0.01653091,0.08221562,84349.5037727348,1.3380431689867614e-16,1.7774183204637317
GALAXY,0.1579192,8.1e-06,18.24925,0.0116745,0.09434933,17.73546,0.009137184,0.06527043,43644.62830749413,1.4261267471791939e-15,0.544434517905601
GALAXY,0.3777795,0.00012982,21.08035,0.08189269,0.13927479999999998,19.30151,0.02768584,0.09634966,92916.07926141458,1.0512793292706756e-16,2.005236735888732
GALAXY,0.5347645999999999,0.000182881,22.77707,0.1550889,0.1072346,21.07869,0.05812865,0.07418438,121105.37971450198,2.2030792762070436e-17,4.380358464930738
GALAXY,0.1143373,2.98e-05,18.5607,0.01015191,0.1465576,17.56121,0.0068323590000000005,0.1013879,32329.29170070331,1.0704789339708538e-15,0.6283992416719287
GALAXY,0.3328015,0.000135611,20.58948,0.05606142,0.278127,18.91865,0.02091302,0.1924069,83831.64927966804,1.6522133432770972e-16,1.599527283262346
GALAXY,0.4343293,4.06e-05,21.616,0.1282971,0.2407361,20.33025,0.05821961,0.1665401,103676.66631026348,6.418863276630746e-17,2.566230440662115
GALAXY,0.3182898,5.84e-05,20.9392,0.04793006,0.1929421,19.381870000000006,0.02016386,0.1334764,80797.04375943192,1.1972314732393571e-16,1.8790383863786322
GALAXY,0.5319784000000001,8.68e-05,22.05307,0.139598,0.0571453,20.17474,0.04345532,0.03953286,120649.20356055124,4.2917075998792735e-17,3.1384098074186033
GALAXY,0.5704836,0.000284555,22.35983,0.1486434,0.09443026,20.51622,0.04795638,0.06532642,126822.90026889765,3.235386173573389e-17,3.614611718871566
GALAXY,0.1031818,2.34e-05,16.92192,0.006869765,0.08992027,16.16507,0.005555332,0.06220643,29344.92130750031,4.842728539197876e-15,0.29544704613212713
GALAXY,0.2684138,4.52e-05,19.45617,0.02154467,0.1649023,17.94555,0.009557994,0.1140787,69967.24786049349,4.692347047630766e-16,0.9491386359223464
GALAXY,0.6349442,8.28e-05,22.47783,0.184468,0.09281369,20.76777,0.06293014,0.06420808,136553.15163706106,2.902191896944812e-17,3.816468237104941
GALAXY,0.6202273,0.000195502,24.21012,0.9059337,0.06301040000000001,20.91868,0.0885852,0.043590300000000005,134395.95075295598,5.885862674852129e-18,8.474608655438784
GALAXY,0.5898749,0.000197662,22.4221,0.20727440000000005,0.1993533,20.77457,0.07716435,0.13791170000000005,129827.73807567771,3.0550486124680075e-17,3.719766272194447
GALAXY,0.08873934,1.24e-05,18.13792,0.008169955999999999,0.05879784,17.327070000000006,0.006305899,0.04067607,25427.254829174333,1.5801202005114892e-15,0.5172251714950749
GALAXY,0.6056241,0.000215445,22.85987,0.2412809,0.03476879,20.9788,0.07263362,0.02405289,132218.3668426617,2.041315462219596e-17,4.5506103712252
GALAXY,0.06677278,6.35e-06,17.93765,0.006995863000000001,0.04026622,17.37375,0.006356255999999999,0.02785599,19351.04162947774,1.9001947996487705e-15,0.47165631359007343
GALAXY,0.5395568000000001,0.000231426,22.61341,0.2302311,0.1489733,20.7461,0.07559469,0.103059,121886.49861813642,2.5614986139002963e-17,4.062352937838887
GALAXY,0.543022,0.000121547,21.5571,0.08086816,0.07059477,20.5227,0.0555793,0.04883713,122448.57908569823,6.776697894492217e-17,2.4975584012921526
GALAXY,0.2735887,0.000104352,21.61501,0.07106919,0.12283410000000003,20.87863,0.059544000000000014,0.08497604,71120.27159384955,6.424718817477841e-17,2.565060732460628
GALAXY,0.2233417,4.14e-05,19.43256,0.0184614,0.06912194,17.97039,0.008913764,0.04781824,59628.49814964171,4.795502538301853e-16,0.9388747347208882
GALAXY,0.5157606,4.4299999999999986e-05,21.47413,0.08782239,0.09231516,20.07404,0.04011754,0.0638632,117963.97417469576,7.314861796781353e-17,2.403929086560168
GALAXY,0.08802035,3.21e-05,18.28707,0.0107485,0.1290102,17.373820000000002,0.007654334,0.08924863,25230.62389811593,1.3773050035046643e-15,0.5539998565550844
GALAXY,0.2246413,4.120000000000001e-05,18.53171,0.01671641,0.07432589999999999,17.47749,0.01027421,0.05141831,59934.15209024799,1.099446561088081e-15,0.6200656200639468
GALAXY,0.6560745,0.00017056599999999998,22.5662,0.2256496,0.08767529,21.071620000000006,0.08830006,0.06065336,139586.26988777914,2.675334716449798e-17,3.9749864473786474
GALAXY,0.5732681,0.00015774700000000002,22.36821,0.16812929999999998,0.1479805,20.65189,0.05836339,0.1023722,127258.60147859794,3.2105107260984827e-17,3.628587935540802
GALAXY,0.2207179,4.2100000000000014e-05,19.37227,0.02537822,0.1382984,18.00544,0.01189723,0.09567422,59010.01985206433,5.069324883164511e-16,0.9131658302926577
GALAXY,0.1423544,1.76e-05,18.44667,0.008775854,0.09857759,17.46079,0.0059187,0.06819552,39665.86806799123,1.1890226432045199e-15,0.5962517301931448
GALAXY,0.2182569,8.35e-06,19.36651,0.01486093,0.1020591,19.00318,0.01524716,0.07060404,58428.23026982114,5.096289906343979e-16,0.9107467964325223
GALAXY,0.1409184,2.77e-05,18.74908,0.01358845,0.25399829999999995,17.79413,0.009048908,0.17571489999999998,39295.31598836918,8.999660471526663e-16,0.6853487930358733
GALAXY,0.5558337,0.00012693,22.15631,0.13374070000000002,0.2427569,20.6292,0.05357508,0.1679381,124506.93123351982,3.902421046450595e-17,3.2912255989411596
GALAXY,0.5028249,9.95e-05,21.71547,0.08872252,0.051299300000000006,20.14752,0.03300902,0.03548862,115785.06103910599,5.856931236426493e-17,2.686517366174267
GALAXY,0.8463518,7.32e-05,22.28274,0.1415631,0.04884242,21.40686,0.09179632,0.03378896,163801.7843084127,3.4734585863947385e-17,3.488539560326503
GALAXY,0.6683170999999999,0.000184828,22.26954,0.19740410000000005,0.14315379999999994,20.69829,0.06580184,0.09903313,141309.7108682995,3.515945424428336e-17,3.4673976641133373
GALAXY,0.3972811,0.000190288,20.93101,0.05781947,0.08704147,19.21373,0.01918312,0.06021488,96708.17451361932,1.20629665959932e-16,1.8719646886809937
GALAXY,0.1618144,6.17e-05,19.02202,0.01385727,0.19282620000000006,17.775270000000006,0.007588502,0.1333963,44629.60353593335,6.999227747095782e-16,0.7771406965689809
GALAXY,0.4537483,0.000164061,21.4617,0.08997437,0.05418344,19.78886,0.03223854,0.03748386,107209.43806489826,7.399086852238064e-17,2.390207761333711
GALAXY,0.1496511,2.53e-05,18.3694,0.007623641,0.1128012,17.1784,0.004973872,0.07803532,41539.6594269773,1.2767272420602809e-15,0.5754076775243485
GALAXY,0.09407645,3.39e-05,18.37151,0.01158934,0.1703271,17.30936,0.007299546,0.1178315,26882.116043439946,1.2742484829187499e-15,0.5759670676668526
GALAXY,0.02873143,1.31e-05,17.28049,0.006431106,0.123099,16.561,0.0050374470000000005,0.08515932,8489.77705000549,3.480664190564507e-15,0.3484926735753269
GALAXY,0.105538,2.2e-05,17.99962,0.0076737609999999986,0.1518833,17.13905,0.005649301,0.1050721,29978.280202457205,1.7947754699953954e-15,0.4853104604698526
GALAXY,0.1960565,3.75e-05,19.11194,0.01324849,0.04069231,17.80497,0.006946214,0.02815076,53105.64554353817,6.442910896146624e-16,0.8099974511660939
GALAXY,0.08534461,1.6899999999999994e-05,17.710829999999994,0.006396317,0.06769949,16.77571,0.004552085,0.0468342,24497.522136490126,2.3416723354114778e-15,0.4248754643919196
GALAXY,0.1976626,2.7600000000000007e-05,19.10802,0.01883041,0.207616,17.6932,0.008477799999999999,0.14362779999999994,53495.229019089864,6.466214769323639e-16,0.8085365411634837
GALAXY,0.02841274,9.52e-06,16.8119,0.004499230999999999,0.03040111,16.19204,0.003975576,0.02103135,8396.963842745316,5.3591772996086604e-15,0.28085079158149145
GALAXY,0.1241028,3.3600000000000004e-05,17.942610000000005,0.009513226,0.1821872,17.020129999999998,0.006492396,0.1260362,34912.16376337337,1.891533882993474e-15,0.47273488550523574
GALAXY,0.5296384,0.000366039,22.36279,0.2223007,0.121399,20.56249,0.06315019999999999,0.08398326,120264.92379531157,3.226577679818083e-17,3.6195422656251477
GALAXY,0.1564088,1.0800000000000003e-05,19.07123,0.01969982,0.2158438,18.51229,0.01823285,0.14931979999999995,43261.54204324995,6.689075920709159e-16,0.7949533654526981
GALAXY,0.4957696,0.000139064,21.82852,0.1045864,0.08238976,20.14863,0.03902383,0.05699686,114582.56964112342,5.277765929288164e-17,2.830086125854002
GALAXY,0.5431796,0.00015779299999999998,21.91774,0.1045969,0.1591215,20.72911,0.05534838,0.1100795,122474.08845605662,4.861408602999092e-17,2.948788690848769
GALAXY,0.1574489,1.4800000000000002e-05,18.5961,0.01134429,0.1443007,17.81471,0.00895163,0.09982656,43525.41416883511,1.0361392492263024e-15,0.6387275550777451
GALAXY,0.13986379999999998,8.57e-06,18.63116,0.01281538,0.1417378,17.9061,0.01016778,0.09805355,39022.80696200951,1.0032152497736013e-15,0.6491239786588222
GALAXY,0.5343589,0.000126577,22.35111,0.1370108,0.1397964,20.47015,0.0418335,0.09671052,121039.0487740355,3.261475535488168e-17,3.600125597707526
GALAXY,0.08148101,6.85e-06,19.40445,0.01546065,0.05651029,19.16017,0.01780049,0.03909356,23435.253315783262,4.921280566001565e-16,0.9267992043472919
GALAXY,0.4331509,0.00013167299999999998,20.82771,0.06900443,0.0495642,19.06828,0.02340687,0.03428829,103459.67224443988,1.326704264760752e-16,1.784997664758404
GALAXY,0.4147004,9.49e-05,21.12133,0.06498439,0.1867465,19.31357,0.02048676,0.1291904,100022.52849797861,1.0123393659479966e-16,2.043438879728807
GALAXY,0.4682814,0.000115918,21.64779,0.1062726,0.04431238,20.0293,0.03981523,0.0306551,109800.89795090295,6.233645849802481e-17,2.604075983845214
GALAXY,0.6091813,0.000255937,23.15029,0.2683697,0.04066787,21.64297,0.09066062,0.02813385,132752.24258493725,1.5622197544315266e-17,5.20180002337304
GALAXY,0.1720936,3.14e-05,18.12811,0.01094234,0.041058,17.138279999999998,0.0072904480000000015,0.02840373,47208.392196043525,1.594461823112741e-15,0.5148937880227381
GALAXY,0.4508261,0.00016765900000000002,22.03002,0.12739160000000002,0.08949259,20.40652,0.04592452,0.06191055,106682.98055596561,4.3837938717256494e-17,3.1052720354337295
GALAXY,0.07291455,3.46e-05,17.57911,0.006206265,0.03266456,16.73875,0.004797852,0.02259719,21064.273728458884,2.6437118957267663e-15,0.39986892237186045
GALAXY,0.6652511999999999,1.44e-05,21.70513,0.05496709,0.03683122,21.39151,0.05877624,0.02547967,140880.4162513909,5.912976121793163e-17,2.67375526198967
GALAXY,0.02582414,1.3699999999999998e-05,17.18945,0.00430546,0.02621502,16.4603,0.003623286,0.01813543,7641.951161324297,3.785106688502744e-15,0.33418399945708327
GALAXY,0.8417971,0.000451815,23.68956,0.7219894,0.1172318,21.46823,0.1633118,0.08110039,163281.6762247183,9.506794914886196e-18,6.668185184671166
GALAXY,0.279451,5.6600000000000014e-05,20.34756,0.03435504,0.04550867,18.87161,0.01567292,0.03148269,72418.13703471428,2.0645914534194762e-16,1.4308946249220764
GALAXY,0.4366854,9.58e-05,21.77912,0.11819380000000003,0.02072597,19.20518,0.01941583,0.01433813,104109.62228333662,5.523446161781318e-17,2.766429787898966
GALAXY,0.08438622,1.29e-05,17.87346,0.007509391999999998,0.04748196,16.91124,0.005175921,0.0328478,24234.42947984535,2.015923860517776e-15,0.4579179335905978
GALAXY,0.07640767,1.98e-05,17.92805,0.006585373,0.1136425,17.05074,0.0049252670000000005,0.07861733,22033.69599045502,1.9170706805973824e-15,0.46957574075729797
GALAXY,0.288963,6.39e-05,20.6566,0.04223068,0.1269754,18.96256,0.01544031,0.08784101,74505.33648979802,1.5531668950256754e-16,1.6497405612105598
GALAXY,0.5084856,0.000130966,21.86824,0.09039324,0.05219556,20.23256,0.03301084,0.03610865,116742.65089398895,5.088176000676008e-17,2.882329669960862
GALAXY,0.5480847,0.000210801,22.09184,0.1278035,0.0546064,20.44321,0.04871444,0.03777646,123265.67361818952,4.141161094189266e-17,3.194946956615688
GALAXY,0.3366154000000001,9.66e-05,21.63152,0.10679,0.06838025,20.23313,0.04617709,0.04730514,84620.6824436323,6.327761841263179e-17,2.584637566356497
GALAXY,0.5730125,0.000186068,21.96359,0.113033,0.07217978,20.30794,0.03537321,0.04993364,127218.66619482763,4.660388535229463e-17,3.0117134764079796
GALAXY,0.1453249,3.15e-05,18.35181,0.01007889,0.1398364,17.36806,0.006742369000000001,0.0967382,40430.52210798364,1.2975799468150154e-15,0.5707654185603928
GALAXY,0.3368578,4.83e-05,20.4957,0.0495143,0.16161879999999998,18.75753,0.01722087,0.1118072,84670.71208265549,1.8012671351151172e-16,1.5319184696025496
GALAXY,0.1042528,1.35e-05,17.772579999999994,0.007886373,0.08686617,17.043670000000002,0.006299928000000001,0.06009361,29633.012382627498,2.2122088489992817e-15,0.43713104615328385
GALAXY,0.5028309,0.000159077,21.990920000000006,0.1324086,0.09123369,20.36228,0.0479676,0.06311504,115786.07941463843,4.544542039124817e-17,3.0498582318442122
GALAXY,0.06004701,1.6800000000000002e-05,19.33679,0.01078338,0.4473398,18.53415,0.008282461,0.3094676,17462.0859937859,5.237718156835707e-16,0.8983667141426243
GALAXY,0.478012,0.000140357,21.65987,0.112284,0.1113928,19.9149,0.03734589,0.07706105,111511.33073896139,6.164674142013311e-17,2.6186029468636445
GALAXY,0.1787342,2.92e-05,18.46264,0.01035058,0.06854284,17.31095,0.006494481999999999,0.04741762,48858.61516484035,1.1716614073772877e-15,0.600653002422249
GALAXY,0.02312812,1.16e-05,17.17878,0.005823366999999999,0.05712505,16.61899,0.005154612,0.03951885,6853.475916205652,3.8224879516326414e-15,0.3325459417668336
GALAXY,0.06563459,2.46e-05,17.27865,0.007731093,0.1561223,16.36591,0.0053807180000000005,0.1080047,19032.319776751385,3.4865678824050667e-15,0.34819750292465673
GALAXY,0.6902915,0.000193669,23.23316,0.3752848,0.1121887,21.35723,0.1021818,0.07761160000000003,144342.19936699813,1.4474185199860966e-17,5.404153201587211
GALAXY,0.178827,2.81e-05,19.0374,0.01360528,0.3646132,17.752679999999994,0.007564814,0.2522378,48881.58928904262,6.90077909559287e-16,0.7826645300731517
GALAXY,0.11210710000000003,3.27e-05,18.6596,0.01079255,0.1588695,17.62772,0.007169879000000001,0.1099052,31735.55219190492,9.772780066293456e-16,0.6576815402332139
GALAXY,0.6746034000000001,0.000246665,20.32148,0.33081750000000004,0.07447854,18.27472,0.0865775,0.05152391,142185.15569154304,2.114784531922908e-16,1.4138119634737503
GALAXY,0.08135492,2.05e-05,16.42866,0.004692982,0.1036811,15.55175,0.003624567,0.07172610000000001,23400.511725273096,7.627709158299772e-15,0.23541148790882874
GALAXY,0.4792081,0.00012404200000000002,22.06564,0.1317387,0.1405464,20.40793,0.04530742,0.09722937,111720.22759608529,4.242307308746269e-17,3.1566298010441147
GALAXY,0.3398961,6.26e-05,20.47809,0.04730324,0.08047973,18.69452,0.01532489,0.0556755,85296.59289515586,1.8307208393589286e-16,1.5195453023720136
GALAXY,0.08745654,1.3e-05,18.46142,0.01106163,0.06248746,17.63841,0.008238816999999999,0.04322854,25076.325690623024,1.1729786981774162e-15,0.6003156318692395
GALAXY,0.5514701999999999,0.000260299,22.88933,0.2937331,0.05740096,20.76958,0.07299915,0.03970972,123809.36569918624,1.9866717909146288e-17,4.612768425279091
GALAXY,0.5471305000000001,0.000136572,22.25464,0.1658901,0.03659801,20.6837,0.0587683,0.02531834,123112.0427146905,3.5645287771041497e-17,3.443686850476799
GALAXY,0.1972494,4.46e-05,19.20861,0.01572776,0.08302127,17.84804,0.008144186999999999,0.05743373,53395.06890704973,5.894054200351869e-16,0.8468717624647887
GALAXY,0.08012688,1.29e-05,17.53665,0.006401003000000001,0.04733945,16.81467,0.00536196,0.03274921,23061.90475579894,2.749148028786438e-15,0.3921260117675812
GALAXY,0.1000202,1.64e-05,17.47129,0.005507661,0.08522605,16.54674,0.004177521,0.05895899,28492.5216560508,2.9197261879557657e-15,0.38049911613267995
GALAXY,0.4718265,8.3e-05,22.35891,0.2346443,0.1723897,20.43962,0.06601778,0.1192584,110426.32646409988,3.2381288441382173e-17,3.6130806202438914
GALAXY,0.05256863,3.08e-05,17.15595,0.0074686319999999985,0.2196488,16.469379999999994,0.006282935,0.151952,15345.989498696847,3.9037151955307436e-15,0.3290680004624268
GALAXY,0.03549611,6.65e-06,18.00524,0.008525185,0.04600976,17.663520000000005,0.009276859,0.03182934,10452.715575484908,1.785509335370692e-15,0.4865681219903676
GALAXY,0.1920292,4.650000000000001e-05,18.63435,0.01263336,0.0379126,17.70865,0.00921602,0.02622776,52125.64358646376,1.0002720303258467e-15,0.6500782745605942
GALAXY,0.467952,0.000243696,22.58963,0.2078068,0.08558049,21.09285,0.0829572,0.05920419,109742.65207105134,2.618219934813837e-17,4.0181084311669455
GALAXY,0.5431315,0.000184472,22.34421,0.1814808,0.09763313,20.3905,0.05157416,0.06754214,122466.30342043488,3.28226865390149e-17,3.5887041117513965
GALAXY,0.4464863,0.000140931,21.5054,0.1210734,0.07655813,19.63068,0.03547561,0.05296256,105897.77415275767,7.107193263132386e-17,2.4387970008993802
GALAXY,1.246577,9.01e-05,22.33216,0.12901600000000002,0.1295976,21.97001,0.131658,0.089655,200640.1203055215,3.318899679738876e-17,3.5688447200964886
GALAXY,0.06362419,8.900000000000001e-06,18.06919,0.009493265,0.1722455,17.54395,0.008815581999999999,0.1191586,18468.41923097887,1.6833798531886448e-15,0.5011106724629869
GALAXY,0.1592998,3.94e-05,18.90463,0.01507717,0.130002,17.74861,0.008779485,0.08993479,43994.22914543306,7.798411091702038e-16,0.7362438029078556
GALAXY,0.1422447,8.68e-06,18.22099,0.01078679,0.1997451,17.410339999999998,0.007178799000000001,0.13818270000000002,39637.58134423013,1.4637338798371214e-15,0.5373950382361187
GALAXY,0.08338965,2.8600000000000007e-05,18.57946,0.008578845,0.1430688,17.62304,0.006119734,0.09897432,23960.56921062465,1.0521414375661601e-15,0.6338516895324553
GALAXY,0.5144547,0.000194796,22.57421,0.21509210000000006,0.09839644,20.75994,0.06924067,0.0680702,117745.51110733383,2.6556701078734525e-17,3.989676220859923
GALAXY,0.1599678,4.45e-05,18.14647,0.01233021,0.07112778,17.187829999999998,0.008720269000000001,0.04920587,44163.189470058984,1.56772587088161e-15,0.5192657191038377
GALAXY,0.3647321,0.000105194,20.8937,0.05885861,0.09014738,19.01467,0.01708719,0.06236354,90330.01796012206,1.2484700409117672e-16,1.8400755398223765
GALAXY,0.0966485,1.91e-05,17.82335,0.006180541,0.09955548,17.00404,0.00464131,0.06887203,27580.258646270326,2.111145302245495e-15,0.4474717807530197
GALAXY,0.4035984,0.000123893,21.84757,0.08857673,0.03272442,20.36327,0.03469563,0.0226386,97918.02821025962,5.185971493672463e-17,2.8550232696363116
GALAXY,0.5325535,0.00020089,21.38275,0.08487255,0.1347622,19.994670000000006,0.03498194,0.09322787,120743.4856302958,7.957160630304856e-17,2.304865844898054
GALAXY,0.1501451,3.82e-05,18.76943,0.01101988,0.1047161,17.60266,0.00654283,0.07244208,41665.971019202465,8.83255041897329e-16,0.6918017436216028
GALAXY,0.28334380000000003,6.579999999999999e-05,19.73295,0.02539478,0.08078044,18.17609,0.01060348,0.05588353,73275.11194426555,3.636454225657383e-16,1.078166049801466
GALAXY,0.03898064,8.75e-06,16.78862,0.004550177,0.1507685,16.03304,0.00373342,0.104301,11458.502444836864,5.4753278041210135e-15,0.2778559187059553
GALAXY,0.1279599,2.31e-05,18.49809,0.008855821,0.04961302,17.47597,0.005893732,0.03432206,35924.737347430935,1.1340236848979573e-15,0.6105393391617504
GALAXY,0.5542759,0.000226803,22.9737,0.2407837,0.02926981,21.32099,0.08229154,0.02024872,124258.30647335637,1.8381380501470798e-17,4.795519400374223
GALAXY,0.06991686,1.33e-05,17.27596,0.005158272,0.02717975,16.3707,0.003798089,0.01880282,20229.469607693754,3.4952168485336813e-15,0.34776642613051006
GALAXY,0.136299,1.16e-05,17.73929,0.007896479,0.04221284,17.01438,0.005921592,0.02920265,38099.30633370789,2.281088448320438e-15,0.4304806673272499
GALAXY,0.04923995,9.77e-06,17.931070000000005,0.007877547,0.03782345,17.40916,0.007180306,0.02616609,14398.750766712195,1.9117457139959705e-15,0.4702292629114754
GALAXY,0.1448517,3.2200000000000003e-05,19.32302,0.01407777,0.05246287,18.28105,0.009302468,0.03629357,40308.881347985305,5.304569271982902e-16,0.8926879085081769
GALAXY,0.670767,0.000195465,22.10793,0.2029708,0.1151012,20.90221,0.09425662,0.07962649,141651.65169402078,4.0802439095900873e-17,3.2187085398470052
GALAXY,0.5480231,0.000146353,22.13454,0.2127432,0.1377003,20.21074,0.05862158,0.09526044,123255.76092432259,3.9814578757390285e-17,3.258394411964683
GALAXY,0.5649626,0.000146341,21.62049,0.1096905,0.1461537,20.06054,0.0396142,0.1011084,125954.7798134141,6.392373246291242e-17,2.5715421800023384
GALAXY,0.02423961,1.02e-05,15.90546,0.003288381,0.2079002,15.14251,0.002703181,0.1438244,7178.804684874709,1.235020382640952e-14,0.18500678334878418
GALAXY,0.2289164,0.000129006,21.86836,0.09988308,0.1811812,20.24118,0.03835918,0.12534030000000002,60936.41773785841,5.087613665758296e-17,2.8824889577860526
GALAXY,0.5297214,0.000137291,22.14873,0.1085243,0.1795598,20.58369,0.04219142,0.1242186,120278.57236252911,3.9297608816799285e-17,3.279756883882858
GALAXY,0.135331,9.51e-06,17.6265,0.007318208,0.1786769,17.039579999999994,0.006565512,0.1236079,37847.907082205675,2.530801744813424e-15,0.40869154419701387
GALAXY,0.1366525,3.45e-05,18.77206,0.01141786,0.05807989,17.65762,0.007039371,0.0401794,38191.046881356255,8.811181051867716e-16,0.6926401336642769
GALAXY,0.4471387,0.000106664,21.55378,0.1136719,0.1409404,20.03758,0.04301901,0.09750193,106016.07075157695,6.797451619510127e-17,2.4937427606795763
GALAXY,0.02161518,7.15e-06,17.498639999999998,0.006414316999999999,0.04933603,17.150579999999998,0.00753856,0.03413044,6410.050035489646,2.847096091920374e-15,0.38532186378121175
GALAXY,0.5434773,0.00016952900000000002,22.30827,0.2334115,0.02743415,20.11012,0.04862954,0.01897882,122522.26170625772,3.3927364541333365e-17,3.529796371058509
GALAXY,0.1374031,2.7399999999999995e-05,18.57613,0.01101246,0.02992315,17.50962,0.0070444980000000015,0.02070069,38385.72439595716,1.0553733546404469e-15,0.6328804091598603
GALAXY,0.5048524999999999,0.000111482,21.22649,0.06894176,0.03253319,19.57498,0.0258824,0.02250631,116128.79414464586,9.188870377390412e-17,2.144833836008348
GALAXY,0.6966973000000001,9.02e-05,21.77587,0.09301586,0.04663635,20.11471,0.03447902,0.03226281,145211.72671047237,5.540004598335619e-17,2.7622924238331885
GALAXY,0.49962,0.000214911,22.35412,0.1059659,0.04216887,20.7502,0.04263662,0.02917223,115240.06443713969,3.252446228063106e-17,3.6051193945107753
GALAXY,0.4673343,0.000150615,21.3891,0.09046543,0.07122121,19.98301,0.03882802,0.04927051,109633.36673448843,7.910758475406218e-17,2.311615789626937
GALAXY,0.5418284999999999,0.00015283200000000002,22.57526,0.1704021,0.08175203,21.20343,0.0758831,0.05655568,122255.24365461597,2.6531030886483856e-17,3.991605866843937
GALAXY,0.2092135,4.04e-05,18.89709,0.01232412,0.08519542,17.73205,0.007697538,0.05893780000000001,56276.262616142216,7.852756395867901e-16,0.7336917780476665
GALAXY,0.1531632,2.89e-05,18.65463,0.0101841,0.04879401,17.4557,0.005978898000000001,0.03375547,42436.16896463513,9.817617894961223e-16,0.6561779800367816
GALAXY,0.142503,1.05e-05,18.55354,0.009975062,0.04651793,17.78981,0.00755888,0.03218089,39704.17988401749,1.0775616464892785e-15,0.6263306319773199
GALAXY,0.03253286,8.94e-06,15.18758,0.002480684,0.04203241,14.29339,0.002106888,0.02907783,9594.539116771948,2.3923577566695508e-14,0.1329265252505729
GALAXY,0.1570349,1.24e-05,18.13428,0.00672967,0.1065433,17.4612,0.0055434690000000005,0.07370619,43420.41951075737,1.58542654440446e-15,0.5163588825523097
GALAXY,0.4721615,0.000107386,21.72383,0.08270139,0.05646897,19.98669,0.02824946,0.03906497,110485.29217037394,5.81200695331278e-17,2.696880184448513
GALAXY,0.0307637,1.51e-05,15.39845,0.002594021,0.04574034,14.80733,0.002382734,0.03164295,9080.927760273753,1.970053975895005e-14,0.14648246926204206
GALAXY,0.4289715,0.000110226,21.04817,0.07710071,0.05603202,19.1891,0.02331904,0.03876269,102687.629163201,1.0829044171643837e-16,1.9757393621747377
GALAXY,0.06972967,1.07e-05,18.29832,0.01048358,0.05674319,17.65372,0.00836879,0.03925467,20177.252304488462,1.363107556034772e-15,0.5568774759027012
GALAXY,0.3513374,7.670000000000001e-05,20.94501,0.0491552,0.07023025,19.1078,0.01532163,0.04858496,87633.57932623812,1.190841949974341e-16,1.884072680657577
GALAXY,0.5043968,8.58e-05,21.74644,0.1070401,0.07471827,20.02726,0.03604268,0.05168976,116051.61224687232,5.692225875965049e-17,2.7251075833639087
GALAXY,0.3540857,0.000183626,20.4947,0.03968713,0.0963357,18.71219,0.01339344,0.06664459,88190.29052347722,1.8029269277020397e-16,1.5312131574927732
GALAXY,0.5520075,0.000295956,22.35204,0.17644920000000006,0.1863031,20.96548,0.08407998,0.1288836,123895.45400438971,3.258683076734336e-17,3.6016677926995944
GALAXY,0.5257727,8.04e-05,21.06161,0.1275736,0.08556883,19.92091,0.0622441,0.05919612,119627.76474938782,1.0695820976047916e-16,1.9880058236319391
GALAXY,0.5505805,0.000138381,22.24658,0.1356557,0.1278491,20.67177,0.05255053,0.08844545,123666.6947283466,3.591088640943349e-17,3.4309283795664935
GALAXY,0.2125096,1.4e-05,18.70559,0.0105248,0.3007963,17.557370000000002,0.006571794000000001,0.2080895,57063.171040994996,9.36746599445061e-16,0.6717592453251394
GALAXY,0.5271409,0.000122037,22.07183,0.14260989999999998,0.1980352,20.16263,0.03899195,0.13699979999999998,119853.60847373812,4.218189877871596e-17,3.1656409285039473
GALAXY,0.03150155,1.17e-05,16.44706,0.005829391,0.2411479,15.96205,0.005821018000000001,0.166825,9295.249451419855,7.499531354732636e-15,0.23741472548934175
GALAXY,0.5461456,8.41e-05,21.90272,0.1330729,0.14480910000000002,20.50503,0.05869462,0.1001783,122953.28786377,4.929128330362085e-17,2.9284624000243813
GALAXY,0.5224757999999999,0.00016417,22.10629,0.13777920000000002,0.07474652,20.6572,0.06652596,0.05170929,119082.0593192449,4.08641175804614e-17,3.2162785346914378
GALAXY,0.4930079000000001,0.000118942,22.15781,0.1143643,0.09961072,20.6859,0.04542329,0.06891023,114109.13890811751,3.8970333750621835e-17,3.2934998824609725
GALAXY,0.01112419,6.74e-06,17.2247,0.005330475,0.4664431,16.693170000000002,0.004948217,0.3226832000000001,3316.400099317416,3.664191181720941e-15,0.33965315439014593
GALAXY,0.5038191,0.000135463,21.16132,0.07574564,0.06750175,19.36237,0.0253974,0.0466974,115953.70756922028,9.757310494314633e-17,2.081419659592877
GALAXY,0.6662554,0.00015065,21.79312,0.08707697,0.02896344,20.87751,0.06227113,0.02003678,141021.1955839953,5.452681432491639e-17,2.7843232395640634
GALAXY,0.5711225000000001,0.00015386799999999998,21.82881,0.15348889999999998,0.1417098,20.34012,0.0604905,0.0980342,126922.99745588833,5.2763564269377526e-17,2.8304641089125075
GALAXY,0.4272799,0.000137461,22.7142,0.1681875,0.1854932,20.92517,0.05813825,0.1283234,102374.06365295444,2.3344153227561247e-17,4.255353585461221
GALAXY,0.05207483,1.8100000000000006e-05,18.15482,0.008403439,0.1501666,17.32803,0.006372637,0.1038845,15205.677700766477,1.5557153082858112e-15,0.5212663044330668
GALAXY,0.5287058000000001,0.000143985,23.09493,0.2347114,0.03257541,20.95646,0.06148627,0.02253552,120111.4747272139,1.6439406149320217e-17,5.070860372276386
GALAXY,0.3479816,6.47e-05,20.6112,0.043790800000000005,0.05628431,18.96552,0.018547,0.03893723,86951.37218705885,1.6194894575152342e-16,1.6156067250591795
GALAXY,0.03821872,1.29e-05,17.68459,0.01003422,0.0491412,17.25356,0.01026997,0.03399566,11238.888913371078,2.398955131067478e-15,0.41977217954564455
GALAXY,0.05751549,6.89e-06,17.78301,0.008251615,0.07455904,17.54823,0.01020528,0.0515796,16747.623004502464,2.191059267235018e-15,0.43923572125090127
GALAXY,0.05763724,9.29e-06,17.05043,0.00484452,0.09311394,16.32471,0.0040097940000000006,0.06441579,16782.02769691079,4.30215571235206e-15,0.3134596557319151
GALAXY,0.06386624,8.12e-06,17.115129999999994,0.008593791,0.1512866,16.49749,0.006047070999999999,0.1046594,18536.375694552607,4.053275514784951e-15,0.3229398597120669
GALAXY,0.6091861999999999,0.000181318,21.62388,0.1172223,0.06214197,20.52587,0.06589839,0.04298953,132752.97645841094,6.372445431425552e-17,2.575559885311681
GALAXY,0.1384338,1.6e-05,17.95617,0.008492393,0.09919316,16.97259,0.005831535,0.06862137,38652.78654287445,1.8680570063873318e-15,0.47569616726668473
GALAXY,0.11059560000000003,6.36e-06,19.36346,0.01460691,0.1134789,18.99442,0.01532529,0.0785042,31332.328886972726,5.110626295702483e-16,0.9094684804710766
GALAXY,0.09927493,1.02e-05,18.5437,0.0123909,0.08610539,17.88062,0.01037495,0.05956731,28291.164045416066,1.0873719487851219e-15,0.6234988435235023
GALAXY,0.594184,0.000135021,22.65117,0.1897678,0.1045316,21.16628,0.08347412,0.07231451,130486.22732806095,2.473945483670168e-17,4.133611457179051
GALAXY,0.5757904,0.00013308799999999998,21.60369,0.08220638,0.06833214,20.29127,0.04430724,0.04727186,127652.04639370862,6.492054024413374e-17,2.5517237292641846
GALAXY,0.6734545,0.000326279,23.0568,0.4360292000000001,0.11529269999999997,21.09745,0.1158714,0.07975893,142025.6351902259,1.702699957553943e-17,4.982595738938619
GALAXY,0.1100513,4.02e-05,19.05529,0.01398523,0.4938835,17.92651,0.008580945,0.3416663,31186.963224794777,6.788004557033027e-16,0.7891392636908042
GALAXY,0.00626879,5.12e-06,18.16683,0.01249025,0.2495756,17.74801,0.02626838,0.17265529999999998,1873.4454965606853,1.5386014068353034e-15,0.5241573164546639
GALAXY,0.217339,1.91e-05,20.5842,0.04914819,0.22187240000000005,21.26282,0.1298085,0.15349029999999994,58210.8166546877,1.6602677240235684e-16,1.5956427095564698
GALAXY,0.5522836,0.000114596,21.94398,0.13692179999999998,0.127698,20.43491,0.05204843,0.08834087,123939.6706554786,4.7453267838772017e-17,2.98463791901147
GALAXY,0.5674892,0.000190296,23.13798,0.211392,0.2114193,21.84692,0.09644891,0.1462589,126352.76106101353,1.5800328822549527e-17,5.172394631521556
GALAXY,0.6276560999999999,0.000141509,23.2191,0.4354943,0.1112104,20.87423,0.08324428,0.07693481,135489.50442177284,1.466284099936219e-17,5.369275053606572
GALAXY,0.1433329,2.37e-05,18.70612,0.01070604,0.07814047,17.58802,0.006172703000000001,0.05405721,39918.02751587865,9.362894400186544e-16,0.671923224315212
GALAXY,0.1458564,2.03e-05,18.60299,0.01052551,0.14333729999999995,17.361060000000002,0.005776335,0.09916006,40567.073393474246,1.0295848067569443e-15,0.6407574321619175
GALAXY,0.5117973,0.00035601800000000005,22.2641,0.1887416,0.03688764,20.86988,0.07563799,0.0255187,117299.91658793035,3.533606012433143e-17,3.4587219676307037
GALAXY,0.8177850999999999,7.38e-05,21.71701,0.08393093,0.1593964,20.6738,0.05221099,0.11026969999999997,160494.78539384445,5.848629698383263e-17,2.6884233098689485
GALAXY,0.5559232,0.000203162,22.3273,0.14358800000000002,0.06189484,20.89206,0.06319162,0.04281856,124521.20158782446,3.333789122243743e-17,3.5608661751389405
GALAXY,0.1385573,1.2e-05,18.36791,0.01019432,0.1053771,17.748620000000006,0.008453766,0.07289938,38684.7659281721,1.2784805496295686e-15,0.5750129852609821
GALAXY,0.4979484,0.00015993,21.16582,0.09426115,0.1207327,19.54306,0.03208668,0.08352230000000001,114954.9885647977,9.716953517077451e-17,2.0857375133415634
GALAXY,0.08449154,1.73e-05,17.33866,0.005428146,0.1963246,16.321620000000006,0.003766499,0.1358165,24263.35464019171,3.2990897100770502e-15,0.35795435641042106
GALAXY,0.7318187,8.31e-05,21.42657,0.07496798,0.134551,20.62859,0.05394327,0.09308177,149866.0941633042,7.642406343215998e-17,2.351850179299883
GALAXY,0.4349520000000001,0.00013942299999999998,22.62235,0.2149221,0.09186158,20.50879,0.05276056,0.06354941,103791.21040288566,2.540493717159822e-17,4.079112210325666
GALAXY,0.2369255,0.000119632,21.28809,0.08944198,0.1665716,19.81486,0.03521605,0.1152334,62800.938736848875,8.682046853148764e-17,2.2065493870252837
GALAXY,0.05875534,3.02e-05,18.21525,0.008408806,0.08476716,17.46835,0.006633956999999999,0.05864153,17097.779801284763,1.4714927449790698e-15,0.5359763813989012
GALAXY,0.05887764,1.66e-05,18.09153,0.007068089000000001,0.06056987,17.31563,0.005554617,0.04190196,17132.29486572962,1.6490967098036203e-15,0.5062926845386965
GALAXY,0.09700379,7.61e-06,17.72879,0.006607432,0.05311523,17.25171,0.006367459000000001,0.03674487,27676.54430375987,2.3032555440447505e-15,0.4284041332678953
GALAXY,0.08364622,2.23e-05,17.57612,0.006821983,0.1261707,16.72476,0.005212053,0.08728429,24031.103314466916,2.6510024262203113e-15,0.39931870340222214
GALAXY,0.6731676999999999,0.000176629,22.96849,0.1810318,0.1504896,21.07466,0.04719459,0.104108,141985.78079796294,1.8469797128917233e-17,4.784027332982612
GALAXY,0.5329461999999999,0.000283851,23.10303,0.4156653,0.1616141,20.61921,0.06742125,0.1118039,120807.828296193,1.631721835329108e-17,5.089810956675556
GALAXY,0.3982053,6.07e-05,21.14112,0.06344271,0.14190229999999998,19.30741,0.01890786,0.09816734,96885.7346222886,9.940543387198865e-17,2.06214714993407
GALAXY,0.13080519999999998,7.65e-06,19.55219,0.01262514,0.06464349,19.15699,0.0121406,0.04472006,36668.94538797192,4.2951874816520977e-16,0.9920502074879298
GALAXY,0.4866464,0.000148644,22.9082,0.2686625,0.33702459999999995,21.12787,0.07893019,0.23315210000000006,113012.7178441519,1.9524419270931442e-17,4.653027853566145
GALAXY,0.5223319000000001,7.269999999999999e-05,21.91605,0.1525993,0.1723626,20.53051,0.06220897,0.1192396,119058.19255149513,4.868981508782578e-17,2.946494618806513
GALAXY,0.1357384,2.22e-05,17.58374,0.007144958000000002,0.09812045,16.47821,0.004641297,0.06787927,37953.74565060967,2.632462087341027e-15,0.40072243000588426
GALAXY,0.08571231,7.13e-06,19.34155,0.01416468,0.09424561,18.96215,0.01448975,0.06519867,24598.389677185885,5.21480562371482e-16,0.9003381487511124
GALAXY,0.7629538,0.000515627,24.12301,0.7119594,0.11549189999999998,21.80691,0.15863270000000002,0.07989674,153837.2424360276,6.377553715839419e-18,8.1413729947196
GALAXY,0.3042129,7.06e-05,20.18326,0.04272741,0.4169528,18.35468,0.014357900000000003,0.288446,77803.82800344784,2.401895592404142e-16,1.3266233964248215
GALAXY,0.4963832,8.47e-05,22.03917,0.1047745,0.05116311,20.41988,0.03874388,0.0353944,114687.54818112814,4.3470048546564234e-17,3.118384422236065
GALAXY,0.2473638,5.08e-05,18.92614,0.01615521,0.10565710000000003,17.42344,0.007585306,0.07309311,65205.40171908715,7.645433676694393e-16,0.7435730695636964
GALAXY,0.5300541999999999,0.000104294,21.889,0.0912765,0.06750891,20.30863,0.03495862,0.04670235,120333.2847802039,4.991810902069118e-17,2.910017845505983
GALAXY,0.3412524,9.59e-05,20.90486,0.04594934,0.0522779,19.09609,0.01547345,0.03616561,85575.26864179688,1.2357030687421508e-16,1.8495567114714766
GALAXY,0.421719,0.000116943,19.9283,0.04606799,0.04129736,18.4985,0.02096318,0.02856932,101338.84211262193,3.037652745219915e-16,1.1796567369574564
GALAXY,0.6678659,0.000183812,22.32497,0.1342668,0.060875300000000014,21.67191,0.1288985,0.04211325,141246.62892417426,3.340951146863651e-17,3.5570473983121618
GALAXY,0.4604523,0.00013214700000000002,20.96437,0.07131871,0.08346914,19.21327,0.02338046,0.05774357,108410.37999660763,1.1697959816835047e-16,1.9009454406145614
GALAXY,0.5619074000000001,9.67e-05,21.48196,0.08124482,0.04726722,19.84073,0.0305116,0.03269924,125471.9532447761,7.262298994778543e-17,2.4126129369779865
GALAXY,0.8976765,0.000261945,22.9918,0.2278699,0.04657017,21.61146,0.09636786,0.03221703,169481.22818733822,1.8077489801774774e-17,4.835658827394837
GALAXY,0.4564696,9.91e-05,21.77707,0.098658,0.05145048,19.98309,0.03523827,0.0355932,107698.07230425211,5.5338849414444463e-17,2.763819344904027
GALAXY,0.343432,4e-05,18.89607,0.01739224,0.15991,18.06443,0.01225022,0.110625,86022.17957526677,7.860137171322169e-16,0.7333472238760613
GALAXY,0.557802,0.000146816,22.03764,0.1527473,0.08709952,20.40087,0.05101468,0.06025505,124820.42080516448,4.353134894142329e-17,3.116188010394613
GALAXY,0.319941,5e-05,20.19985,0.02872355,0.04177221,18.54243,0.01149328,0.02889782,81144.93328539327,2.3654737076240596e-16,1.3367975849067562
GALAXY,0.17354579999999994,7.72e-05,18.79937,0.01540567,0.03992917,17.54555,0.008338693000000001,0.02762282,47570.32348394703,8.592313714609999e-16,0.7014062836908375
GALAXY,0.4065076,0.000121876,20.99766,0.06831215,0.03034868,19.12364,0.02271156,0.02099508,98472.16177425718,1.1344728978437766e-16,1.9303126300546822
GALAXY,0.02717403,6.45e-06,17.20652,0.004402832,0.06980094,16.6279,0.003984471,0.04828797,8035.921460844646,3.7260624128290185e-15,0.3368213810815589
GALAXY,0.3677648,3.91e-05,21.63304,0.07536864,0.08079397,20.38971,0.0359241,0.0558929,90934.65575773068,6.318909351593372e-17,2.586447409485954
GALAXY,0.5263186,0.000194908,22.16132,0.1402016,0.05575759,20.65493,0.05421991,0.03857284,119717.91810929985,3.8844552731035567e-17,3.298827849143474
GALAXY,0.08344363,1.34e-05,17.88195,0.007551825,0.07230718,17.29484,0.006578376,0.05002178,23975.41055550662,2.000221657001747e-15,0.45971180085019425
GALAXY,0.0657132,8.32e-06,17.568620000000006,0.005630889,0.09695406,17.024829999999998,0.00516437,0.06707237,19054.344894802314,2.6693782971641787e-15,0.3979418845122047
GALAXY,0.03970769,1.8e-05,15.30243,0.00269456,0.08045742,14.74346,0.002507765,0.05566007,11667.903573958909,2.152217335553554e-14,0.14014630510885975
GALAXY,0.6484734000000001,0.000151731,21.69868,0.09170011,0.0254234,20.7905,0.05954907,0.01758779,138503.7872262232,5.948207704911847e-17,2.665825097221257
GALAXY,0.1079565,1.47e-05,17.75151,0.006685739,0.1075622,16.69431,0.004465922,0.07441101,30626.70320359872,2.2555586547368685e-15,0.4329100342589387
GALAXY,0.358671,0.00018183,20.85197,0.08038569999999999,0.07127184,19.07274,0.0260659,0.04930553,89115.12884619771,1.297388742456304e-16,1.8050517285368297
GALAXY,0.4722652,0.000166833,21.66553,0.12106300000000003,0.05542153,20.2097,0.05070178,0.03834036,110503.54041299241,6.13262099110867e-17,2.62543730748113
GALAXY,0.0904146,6.33e-06,17.62753,0.006577186,0.09741836,16.96154,0.005708805,0.06739357,25884.81962690231,2.528402000085556e-15,0.4088854458741191
GALAXY,0.02995974,5.7000000000000005e-06,17.31875,0.004834599,0.2788961,16.82506,0.004465478,0.192939,8847.217936693633,3.3601458227773646e-15,0.35468731139922277
GALAXY,0.1268945,2.59e-05,18.33386,0.009622381,0.08450379,17.41205,0.006920366999999999,0.05845933,35645.47497828639,1.319210578583946e-15,0.566066758496554
GALAXY,0.4799019000000001,0.000105784,21.67689,0.14375510000000002,0.14143870000000006,19.70825,0.03503547,0.09784664,111841.26357069191,6.068790216086663e-17,2.639208202365683
GALAXY,0.3363899,7.18e-05,20.8681,0.04852077,0.1774164,19.10276,0.01727524,0.1227358,84574.12809784556,1.2782568396249597e-16,1.818509827034071
GALAXY,0.3196605,4.870000000000001e-05,21.04301,0.06494168,0.2549136,19.79235,0.03332348,0.1763481,81085.88232851942,1.0880632079515047e-16,1.971050050052967
GALAXY,0.131692,9.03e-06,18.40302,0.009251319,0.4494289000000001,17.72131,0.007816928,0.3109128,36900.41827611986,1.2377989934636631e-15,0.5843857970619091
GALAXY,0.5465826,0.000145153,22.30436,0.1517871,0.07603513,20.66489,0.0555395,0.05260076,123023.75008804076,3.4049765493802563e-17,3.5234462624582537
GALAXY,0.3138942,0.000109905,21.28638,0.07995734,0.1758233,19.55073,0.0264401,0.1216338,79867.66461087509,8.695731574556545e-17,2.204812448458662
GALAXY,0.0835112,2.52e-05,18.48145,0.009851236,0.2415851,17.520670000000006,0.00690844,0.1671275,23993.98714730313,1.151537605542462e-15,0.6058786544861031
GALAXY,0.5586159,0.000165213,22.90186,0.2070579,0.2980959,21.13023,0.06825816,0.2062213,124949.83800357995,1.963876282319596e-17,4.639462324108601
GALAXY,0.5865449,0.000206842,22.448970000000006,0.1990426,0.09512696,20.6146,0.05976284,0.06580839,129316.5824534503,2.9803696020068437e-17,3.766080963508372
GALAXY,0.05366306,5.72e-06,17.61971,0.005498055,0.1811985,17.26408,0.005646099,0.12535230000000006,15656.709962726192,2.5466785197064917e-15,0.40741559821731366
GALAXY,0.5469919,0.000184633,22.32722,0.1803475,0.1061281,20.83403,0.07186339,0.07341895,123089.71307430336,3.3340347739541086e-17,3.5607349903975103
GALAXY,0.13390539999999998,2.99e-05,18.54638,0.01091557,0.2405701,17.464660000000002,0.00669528,0.1664253,37477.175408882176,1.0846912210383576e-15,0.6242688318804712
GALAXY,0.4126022,0.00012201,21.85887,0.1076362,0.09000269999999999,20.28351,0.04269864,0.06226345,99626.8996555479,5.132277437992061e-17,2.8699190846447022
GALAXY,0.06440338,9.22e-06,18.23995,0.009969562,0.1954686,17.63884,0.008872608,0.1352243,18687.117759833287,1.4383948690462344e-15,0.542107795258207
GALAXY,0.1180133,2.1e-05,17.96177,0.007985951,0.1528326,16.88961,0.005168295,0.1057288,33304.794003563286,1.8584467646163176e-15,0.47692452109582917
GALAXY,0.6416088000000001,0.000248637,21.86786,0.1349691,0.13976129999999998,20.91324,0.08700012,0.09668624,137517.90378229195,5.0899571379984786e-17,2.8818253165830003
GALAXY,0.1114672,3.09e-05,18.38163,0.008580962,0.06510002,17.30019,0.005421426,0.04503589,31564.926899058002,1.2624265663556755e-15,0.578657587774956
GALAXY,0.3470549000000001,9.66e-05,21.21744,0.08963784,0.04648689,19.45588,0.02652413,0.03215941,86762.50815954462,9.265783003765353e-17,2.135913458579071
GALAXY,0.1818193,6.850000000000001e-05,21.20523,0.05865413,0.1966164,20.01445,0.03031711,0.1360183,49621.09651323878,9.370572501246272e-17,2.1239371060072414
GALAXY,0.4921509,0.000166192,21.90007,0.127831,0.09271668,20.29476,0.04373923,0.06414097,113961.91187644869,4.941173745907122e-17,2.9248907718718806
GALAXY,0.5112420999999999,0.000121731,21.6862,0.104497,0.0218613,20.08839,0.03708471,0.01512354,117206.64385156438,6.016973866183736e-17,2.6505478706444996
GALAXY,0.5750238,0.000140769,22.48268,0.2164986,0.04576657,20.68307,0.06737828,0.0316611,127532.59042444876,2.8892566744013504e-17,3.8250018741132283
GALAXY,0.4861309,0.000127062,21.9379,0.12106889999999998,0.1320608,20.30271,0.04284398,0.09135909,112923.50913469125,4.7719746201880136e-17,2.9762927899473857
GALAXY,0.3910346,0.000156777,21.66948,0.08449116,0.1303884,19.88074,0.02694942,0.09020206,95502.99910060011,6.11035053352839e-17,2.6302174351073977
GALAXY,0.0725668,2.28e-05,18.44179,0.00876824,0.08730619,17.7971,0.00692018,0.06039802,20967.56768630693,1.1943789074312864e-15,0.5949132644815709
GALAXY,0.5724898,0.000165949,22.18522,0.1266357,0.133755,20.86744,0.05843704,0.09253109,127136.96149122273,3.799882129339866e-17,3.3353364701901906
GALAXY,0.27310120000000004,5.05e-05,19.90871,0.0264847,0.08868782,18.34251,0.01119331,0.06135383,71011.94568042627,3.092958730315275e-16,1.1690622911113657
GALAXY,0.4294325,9.67e-05,21.44444,0.06362323,0.1421095,19.77755,0.02329551,0.09831071,102772.97459457282,7.517650395490688e-17,2.371284444044799
GALAXY,0.5557041,0.000145914,22.76053,0.2306999,0.05409532,20.58433,0.05307107,0.0374229,124486.26445894984,2.2368977115057263e-17,4.347120234699562
GALAXY,0.5163139,0.000127904,21.94696,0.13146129999999998,0.059204499999999986,20.14687,0.04320645,0.04095739,118056.43393846782,4.732320231157215e-17,2.988736670947338
GALAXY,0.4742936,0.000120493,21.27467,0.09182817,0.04637475,19.5831,0.03048746,0.03208184,110860.03234340783,8.790025302312428e-17,2.192954658372064
GALAXY,1.049709,0.000122193,22.00805,0.08922012,0.05696222,21.58656,0.08760015,0.0394062,184516.64025536188,4.473404035602476e-17,3.074012663641646
GALAXY,0.1480559,2.56e-05,18.51676,0.00893198,0.04260891,17.46237,0.005918336999999999,0.02947664,41131.3068202448,1.1146900517403036e-15,0.6158112977754786
GALAXY,0.09923228,1.63e-05,16.36534,0.004041909000000001,0.04983882,15.40085,0.002956999,0.03447826,28279.635925678507,8.085783806339731e-15,0.22864602325442393
GALAXY,0.3638939000000001,9.48e-05,21.71057,0.1225124,0.1602408,19.6627,0.02873851,0.1108538,90162.5235074871,5.88342369438563e-17,2.6804619846863647
GALAXY,0.13630910000000002,7.48e-05,20.3731,0.03450872,0.263244,19.40865,0.02188043,0.182111,38101.92798901119,2.0165923957626274e-16,1.44782360261895
GALAXY,0.04738975,2.0600000000000006e-05,17.7035,0.005865644000000001,0.02937298,16.93187,0.004893842,0.02032009,13870.814939592667,2.3575348708236404e-15,0.42344367705373537
GALAXY,0.4383306,0.000169139,20.76599,0.06980973,0.03739511,19.17286,0.03009638,0.02586977,104411.23096213868,1.4043072086870106e-16,1.73497672198284
GALAXY,0.1562229,3.1e-05,18.52619,0.01033793,0.05543669,17.381339999999998,0.006492986,0.03835084,43214.34720734125,1.1050504994614947e-15,0.6184913815570862
GALAXY,0.274027,4.61e-05,20.06453,0.03141074,0.05407187,18.47151,0.01276795,0.03740667,71217.61274263247,2.6794528869111637e-16,1.256034742284408
GALAXY,0.08065102,1.26e-05,16.6688,0.004329774000000001,0.1045464,15.775529999999998,0.0033208340000000004,0.07232475,23206.480023597647,6.114178663946302e-15,0.2629393907332432
GALAXY,0.7259924,0.000288742,22.5535,0.2024833,0.1449014,20.87886,0.06866246,0.1002421,149107.00508221437,2.7068121997413183e-17,3.9518063275569295
GALAXY,0.1837582,7.63e-06,19.14617,0.01100433,0.1764393,18.70982,0.01047359,0.1220599,50098.94118873841,6.242953860206789e-16,0.8228670121538335
GALAXY,0.3282811,5.17e-05,20.55834,0.04627981,0.1592813,18.92787,0.01718137,0.1101901,82891.8823184658,1.7002865728131545e-16,1.5767529502763478
GALAXY,0.1108426,2.7e-05,19.699070000000006,0.01522221,0.1088535,18.6974,0.009977548,0.07530434,31398.26652678381,3.7517174666433383e-16,1.0614747121226247
GALAXY,0.25776020000000005,5.37e-05,21.84356,0.07016069,0.1774366,20.8802,0.04215007,0.1227498,67571.68438710505,5.2051604972882996e-17,2.849755839659535
GALAXY,0.05730429,1.6800000000000002e-05,17.37196,0.007358823,0.07738551,16.832420000000006,0.006626157,0.05353494,16687.930661227736,3.199441142388428e-15,0.36348596988245907
GALAXY,0.6369212,0.000101261,21.37589,0.05652135,0.04757712,20.24752,0.03146417,0.03291363,136840.1217916895,8.00759546983141e-17,2.2975959248788764
GALAXY,0.3532099,7.509999999999998e-05,20.52192,0.04493303,0.05132403,18.67987,0.01480105,0.03550572,88013.07828821108,1.7582884577916287e-16,1.5505281391889862
GALAXY,0.4984231,0.00017595,22.19558,0.1183441,0.02621525,20.39887,0.03902132,0.01813559,115036.00139959386,3.763796423196717e-17,3.3512872347219607
GALAXY,0.7959666,0.000407151,23.65213,0.4551626,0.04231261,21.76271,0.15797,0.02927167,157895.52756103873,9.840249841566903e-18,6.554229619259497
GALAXY,0.02619953,1.34e-05,18.67978,0.01895848,0.04729917,16.97198,0.01099903,0.03272134,7751.5648212606575,9.592816239985058e-16,0.6638220165596156
GALAXY,0.13298429999999994,3.4e-05,18.4489,0.008601225,0.02054977,17.40275,0.005776966999999999,0.01421623,37237.33046336472,1.1865830088262638e-15,0.5968643671881321
GALAXY,0.1982578,1.82e-05,18.57899,0.01042795,0.04515571,17.73862,0.007762344,0.03123851,53639.42372931566,1.052596993456618e-15,0.6337145116181522
GALAXY,0.5430729999999999,0.000138362,22.05062,0.1620743,0.1297841,20.16976,0.04341946,0.08978401,122456.83453962168,4.3014029161718823e-17,3.1348708409802497
GALAXY,0.05026853,1.09e-05,16.454729999999998,0.003519621,0.13607679999999994,15.6084,0.002939382,0.0941373,14691.804740937983,7.44673887373948e-15,0.238254796360941
GALAXY,0.02699278,6.12e-06,17.45809,0.007384083,0.0630067,17.21556,0.00922056,0.04358774,7983.054675657679,2.955439852179642e-15,0.37819314462702214
GALAXY,0.07038214,1.84e-05,17.50098,0.00524392,0.06087225,16.62598,0.004172889,0.04211114,20359.2161755028,2.8409665820786658e-15,0.38573731421337143
GALAXY,0.5945377,0.000244335,22.54489,0.1631278,0.05924685,21.54887,0.1036557,0.04098669,130540.12978619589,2.7283628358959883e-17,3.936168235240001
GALAXY,0.3505493,7.94e-05,21.1846,0.05628155,0.08342125,19.39103,0.01770574,0.05771043,87473.60601616898,9.550324432997005e-17,2.1038542627863297
GALAXY,0.1281274,1.22e-05,17.545720000000006,0.006151041,0.07909173,16.84895,0.005131132,0.05471529,35968.61267028134,2.726277913434332e-15,0.3937673040954096
GALAXY,0.1259239,2.1600000000000007e-05,17.494529999999994,0.005718881,0.08995748,16.465339999999998,0.004047392,0.06223216,35390.776916654315,2.8578940561986785e-15,0.38459324523199406
GALAXY,0.07712536,9.89e-06,18.195870000000006,0.01046114,0.04139742,17.64163,0.009930467,0.02863854,22232.425532166748,1.4979941770871127e-15,0.5312141713104785
GALAXY,0.6486874,0.000316949,23.00061,0.2660769,0.09048466,21.22186,0.09336551,0.06259687,138534.39477179968,1.7931396970729553e-17,4.855317697038583
GALAXY,0.7723075,0.000196176,22.10457,0.1241313,0.03268656,21.44592,0.1020341,0.02261241,155002.7406071292,4.092890494257658e-17,3.2137319636573056
GALAXY,0.04930956,9.01e-06,17.97631,0.008849066,0.01255194,17.421310000000002,0.00776935,0.008683374,14418.593374334207,1.833724659024137e-15,0.48012868375186346
GALAXY,0.5587493,0.00014607299999999998,22.22653,0.14282899999999998,0.06744202,20.38105,0.04174921,0.04665608,124971.03794999873,3.658020417590682e-17,3.3993951642461937
GALAXY,0.08422373,9.69e-06,17.238879999999998,0.005024585,0.06152132,16.27929,0.003734176,0.04256016,24189.79670767336,3.6166470278659544e-15,0.3418783917313749
GALAXY,0.2215673,3.54e-05,19.68571,0.02107076,0.1255763,18.30601,0.01069292,0.08687313,59210.44208814692,3.7981676040758803e-16,1.0549640301817205
GALAXY,0.5071865,8.71e-05,22.23802,0.09859318,0.16518570000000002,20.62964,0.03666259,0.1142747,116523.45404976499,3.619512870028867e-17,3.417430194366728
GALAXY,0.61749,0.000241248,22.16943,0.1884883,0.1971082,20.56351,0.07098463,0.1363585,133990.60433415356,3.855548096941389e-17,3.311171324185684
GALAXY,0.05441434,1.51e-05,16.929129999999994,0.004726709,0.2101,16.12067,0.003806686,0.1453462,15869.800228078813,4.810676189825065e-15,0.2964296575376883
GALAXY,0.5474465000000001,0.000196182,22.60437,0.28404250000000003,0.1247876,20.67286,0.07432879,0.08632745,123162.93938531057,2.5829150642236544e-17,4.04547621645467
GALAXY,0.09713959,1.92e-05,16.67287,0.004573982,0.08101275,15.68893,0.0032659140000000004,0.05604424,27713.33713695269,6.091301906437148e-15,0.2634326812988085
GALAXY,0.4811762,8.71e-05,21.87451,0.09757498,0.12955719999999998,19.96741,0.02945415,0.08962708,112063.31196722899,5.058877057900255e-17,2.8906642558869575
GALAXY,0.5802376,0.000172547,22.87554,0.30132659999999994,0.1071165,20.8505,0.07395283,0.0741027,128342.91582474233,2.0120655497355486e-17,4.58356772056534
GALAXY,0.5264784,0.000127025,22.60213,0.2324444,0.1122229,20.83895,0.06639183,0.07763527,119744.29751487321,2.5882494190527132e-17,4.041305224287884
GALAXY,0.4803753,0.000144625,22.57366,0.1890598,0.2556329,20.65883,0.05389088,0.17684570000000002,111923.79310115673,2.6570157280777282e-17,3.988665826234786
GALAXY,0.5814421,0.000149072,21.93306,0.174501,0.150659,20.1495,0.05825936,0.1042252,128529.41373326727,4.793294636197465e-17,2.969666311524098
GALAXY,0.6003384,0.000187906,22.9255,0.29399899999999995,0.07786465,21.15923,0.1010916,0.0538664,131420.94941017163,1.921578474849775e-17,4.690246329772761
GALAXY,0.08237025,1.53e-05,16.84846,0.004509866,0.08397246,15.91235,0.003335747,0.05809176,23680.132731674414,5.181722189458021e-15,0.28561936697258083
GALAXY,0.001445112,1.49e-05,14.89722,0.006256396,0.1786489,14.3848,0.003524505,0.1235885,432.9206432978773,3.125864333829097e-14,0.1162892721454104
GALAXY,0.06089949,3.88e-05,15.87104,0.003996935,0.06010712,15.31817,0.003670283,0.04158183,17702.25050054588,1.274800206652447e-14,0.18209736114293137
GALAXY,0.2172196,4.29e-05,18.88238,0.01405868,0.09358592,17.49427,0.007596724,0.0647423,58182.51886045685,7.959872754239562e-16,0.7287383958408639
GALAXY,0.1126992,2.93e-05,19.21304,0.01200947,0.04317917,18.1648,0.007732323,0.02987115,31893.32598796704,5.870054388739644e-16,0.8486012209369616
GALAXY,0.5159687,0.000229909,21.76915,0.1023858,0.06283182,20.70143,0.06456256,0.04346676,117998.75601474266,5.574399951376239e-17,2.753757241896716
GALAXY,0.477507,0.000127568,21.38907,0.09644292,0.08383403,19.5549,0.02888305,0.05799599,111423.04478585457,7.91097706076058e-17,2.3115838536951916
GALAXY,0.1140197,4.72e-05,19.13525,0.01567273,0.59245,17.887970000000006,0.008822968,0.4098541,32244.826142321992,6.306060386363441e-16,0.8187393282422273
GALAXY,0.329748,9.04e-05,20.67795,0.09437336,0.07698683,18.98069,0.03304217,0.05325913,83197.38766416475,1.5229236295511742e-16,1.66604087501531
GALAXY,0.4903149000000001,0.000208504,21.56364,0.1157074,0.08236467,20.0613,0.04744456,0.0569795,113645.99753897294,6.736000724509117e-17,2.5050918398250213
GALAXY,0.1672263,1.15e-05,18.34456,0.008964113000000001,0.06943159,17.484479999999998,0.006840867,0.04803245,45991.009630735774,1.3062735260889217e-15,0.568862954133336
GALAXY,0.15687420000000002,1.87e-05,18.66923,0.0158831,0.198075,17.75037,0.01016034,0.1370273,43379.651282175255,9.686483102535697e-16,0.6606046894128719
GALAXY,0.06611691,1.91e-05,16.191689999999998,0.003360425,0.0920935,15.25099,0.0027480440000000003,0.06370986,19167.42837905969,9.48816274315882e-15,0.21107347115433092
GALAXY,0.2092406,3.13e-05,19.2943,0.0191321,0.1109327,17.93555,0.009559725,0.07674272,56282.74449009129,5.446758567491092e-16,0.8809589098218747
GALAXY,0.04240873,6.56e-06,17.3704,0.0046938990000000005,0.1813871,16.83683,0.004169076,0.1254828,12444.46134672675,3.2040414454246076e-15,0.363224932957765
GALAXY,0.6841235999999999,0.00032743400000000004,24.56573,0.7979264,0.05745482,21.70907,0.14006529999999998,0.03974698,143498.8299413318,4.241955665472366e-18,9.98255363491502
GALAXY,0.4828755,0.000100018,22.71725,0.2769569000000001,0.2116998,20.77267,0.06488531,0.1464529,112358.89819247324,2.3278667932697225e-17,4.2613347563612365
GALAXY,0.3392106,8.31e-05,21.24733,0.08486527,0.1533669,19.42498,0.02628067,0.10609849999999997,85155.57635805287,9.014177906884897e-17,2.1655172734915538
GALAXY,0.3729953,7.829999999999999e-05,21.067970000000006,0.06039913,0.1046832,19.22708,0.01735774,0.07241934,91972.42701965453,1.0633350395517446e-16,1.993837005778316
GALAXY,0.4146507,9.1e-05,20.92546,0.05693913,0.04856809,18.97969,0.01589249,0.03359918,100013.16855691961,1.2124787202455113e-16,1.8671863003852414
GALAXY,0.7449893,0.00017923,23.11409,0.3385326,0.08483515,21.2122,0.1023345,0.05868857,151563.3490816018,1.615184451365358e-17,5.115801115475195
GALAXY,0.1280656,2.51e-05,18.29767,0.008464618,0.15585710000000005,17.23425,0.005348881999999999,0.1078212,35952.42558101643,1.363923854854123e-15,0.5567108073381981
GALAXY,0.3232163,8.97e-05,20.24418,0.03286111,0.05652712,18.568,0.01276706,0.0391052,81833.02073940975,2.2708378543472985e-16,1.3643684002436358
GALAXY,0.03677864,1.7199999999999998e-05,15.47554,0.00291838,0.15438239999999998,14.8587,0.002563658,0.106801,10823.331183755667,1.8350255908534465e-14,0.1517761919702197
GALAXY,0.5949044,0.000137559,22.29983,0.1419427,0.1963942,20.64659,0.05002991,0.1358646,130595.98977943523,3.419212757300117e-17,3.5161035145640107
GALAXY,0.3734843,6.6e-05,21.59681,0.09628357,0.14682910000000002,19.60592,0.02486181,0.1015757,92069.12273496449,6.533322931723347e-17,2.543651751506559
GALAXY,0.4373773,0.000101778,20.54455,0.04649086,0.1352046,18.852120000000006,0.01698305,0.09353393,104236.53717203734,1.7220197384794308e-16,1.566771461273945
GALAXY,0.3321948,6.8e-05,20.44106,0.0432041,0.07312414,18.77507,0.01608222,0.05058694,83705.80809781936,1.8942361704185825e-16,1.4938522731444241
GALAXY,0.10208,6.11e-06,17.56938,0.007312779,0.10293610000000003,16.85125,0.0048967640000000005,0.0712107,29048.196050071376,2.667510423897833e-15,0.3980811857357786
GALAXY,0.09555814,1.53e-05,18.48445,0.009047506,0.17571889999999998,17.70251,0.007220893000000002,0.1215615,27284.53406819926,1.1483601813483224e-15,0.6067162852625042
GALAXY,0.4162262,7.57e-05,21.04095,0.07123298,0.06402887,19.29668,0.02299993,0.04429487,100309.61395235208,1.0901295827224028e-16,1.9691810704003048
GALAXY,0.4574125,0.000126205,22.21943,0.1148264,0.09269284,20.64105,0.04154878,0.06412447,107867.01294659021,3.682019847628057e-17,3.388298412280207
GALAXY,0.4766557,0.000137009,22.15105,0.15802,0.0385684,20.46864,0.05091435,0.02668144,111274.09825842186,3.921372737770414e-17,3.2832628469935363
GALAXY,0.4798934,0.000124611,21.86911,0.16016,0.08574703,20.11447,0.05035083,0.0593194,111839.78131369752,5.084100480293569e-17,2.8834847061515405
GALAXY,0.297446,4.58e-05,20.09958,0.04284504,0.1372434,18.47396,0.0166655,0.09494437,76347.39365356849,2.594335420979011e-16,1.2764730565866418
GALAXY,0.4293906,7.659999999999999e-05,21.42752,0.08397710000000001,0.10362839999999998,19.62475,0.02994561,0.07168966,102765.21951866044,7.635722297303703e-17,2.3528793180841565
GALAXY,0.6192879,0.000205182,23.00311,0.6008104999999999,0.07995595,20.20995,0.07541481,0.05531316,134256.98836174145,1.7890155902124512e-17,4.860910807149242
GALAXY,0.2543641,1.2e-05,18.82666,0.008982399,0.02852239,18.589270000000006,0.009318373,0.01973166,66801.82675202911,8.379037328542601e-16,0.7102768374118317
GALAXY,0.1215592,2.92e-05,18.46377,0.01042189,0.05535347,17.44901,0.006821736,0.03829327,34242.064551346535,1.170442613487438e-15,0.6009656541154741
GALAXY,0.02389796,5.62e-06,16.76672,0.0076548280000000015,0.0370143,16.3798,0.0077153959999999985,0.02560632,7078.844429237562,5.586890058680447e-15,0.2750677355958878
GALAXY,0.1459874,4.2e-05,18.85649,0.01280548,0.1609477,17.71455,0.008000311,0.11134289999999998,40600.717135814804,8.151961599139439e-16,0.7201013950490073
GALAXY,0.15899520000000006,1.41e-05,18.37712,0.01009555,0.08577652,17.58671,0.007569824,0.05933980000000001,43917.14344523493,1.267681420418296e-15,0.577457002654537
GALAXY,0.5332180999999999,0.00019176,20.38984,0.04932524,0.05736391,19.59713,0.0380042,0.03968409,120852.3608230171,1.985738815960242e-16,1.459028086746398
GALAXY,0.28250040000000004,3.71e-05,19.24375,0.01769723,0.04947079,17.86124,0.008755146,0.03422366,73089.77102510084,5.70634631487751e-16,0.8606878104389939
GALAXY,0.4709014,0.000110983,21.68467,0.1207634,0.05689783,19.74848,0.03513602,0.03936165,110263.37199912075,6.025458854956147e-17,2.6486809761436456
GALAXY,0.2944775,4.17e-05,19.86073,0.02010763,0.04851116,18.37394,0.009930611,0.0335598,75704.85815712887,3.232705374114879e-16,1.1435144377469308
GALAXY,0.5576966,0.00014206899999999998,21.68424,0.1069385,0.23950170000000004,20.45844,0.04990789,0.1656862,124803.65222125767,6.027845678228177e-17,2.6481565301248278
GALAXY,0.5425019,0.00014874299999999998,22.35794,0.1690315,0.09089113,20.66102,0.05244038,0.06287806,122364.3613293976,3.2410230908859173e-17,3.6114670121095767
GALAXY,0.5440421999999999,7.37e-05,21.44605,0.08930441,0.20994520000000005,20.3526,0.05296311,0.1452391,122613.62634565539,7.506510997493171e-17,2.373043243095821
GALAXY,0.4506123,0.000135414,21.40739,0.09600914,0.0985008,19.56465,0.02911939,0.06814239,106644.39148611038,7.778612285518267e-17,2.3311684261023045
GALAXY,0.181278,3.17e-05,18.65272,0.01415817,0.2062356,17.76181,0.01010453,0.1426728,49487.50589292116,9.834904003216958e-16,0.655601067843715
GALAXY,0.16376729999999998,2.22e-05,17.25119,0.008894046999999999,0.03541525,16.529420000000002,0.007263611,0.02450011,45121.82124437907,3.575873322126586e-15,0.3438219920926372
GALAXY,0.7391993,0.000191854,23.21915,0.5233034000000001,0.06459112,21.35454,0.1230638,0.04468384,150820.3848948142,1.466216576612803e-17,5.369398687156933
GALAXY,0.03008796,1.27e-05,17.13525,0.009156588,0.1357984,16.69193,0.009372942,0.09394471,8884.504229214313,3.978855115511625e-15,0.32594599738738395
GALAXY,0.1159732,2.35e-05,18.23206,0.007557181,0.03246011,17.24522,0.005441193,0.02245575,32763.895064019216,1.4488856969818507e-15,0.540141631988257
GALAXY,0.5026098,0.00012456700000000002,21.97314,0.1046229,0.09456813,20.29597,0.04166436,0.0654218,115748.54751573344,4.619576093662172e-17,3.0249879729354237
GALAXY,0.488308,0.000149454,21.93376,0.09531253,0.04003996,20.53261,0.04151031,0.02769946,113299.89334456896,4.790205280937809e-17,2.970623773153587
GALAXY,0.5029433,0.00017208799999999998,21.5738,0.1077779,0.1204262,20.22693,0.04857598,0.08331027,115805.15565100039,6.673261218085364e-17,2.5168402591973886
GALAXY,0.08975062,1.65e-05,17.25871,0.00567846,0.1380114,16.31944,0.004180706,0.09547564,25703.56492267921,3.551191767351902e-15,0.3450147420075597
GALAXY,0.3023278,4.03e-05,19.91787,0.03309676,0.1100923,18.33751,0.01236941,0.07616135,77399.25169006115,3.066974218202041e-16,1.174004204529219
GALAXY,0.6274318,0.000178352,23.47479,0.3881925,0.02888413,21.42152,0.10703419999999997,0.01998191,135456.6253963696,1.158622945868249e-17,6.040232451565382
GALAXY,0.04728481,8.25e-06,18.29567,0.008466427,0.3441156,17.69944,0.007396243,0.2380576,13840.840815058662,1.3664386109078785e-15,0.5561982937932054
GALAXY,0.6701106,0.000194053,22.62979,0.2697988,0.0408056,20.76206,0.07944749,0.02822912,141560.13135900797,2.523144511689896e-17,4.093112224797684
GALAXY,0.405331,9.96e-05,20.55317,0.04693649,0.05679806,18.68555,0.01597338,0.03929263,98248.27607161523,1.708402212525752e-16,1.5730033671829595
GALAXY,0.1070864,1.64e-05,18.57918,0.01134678,0.1025142,17.84015,0.008655273,0.07091887,30393.617230134194,1.0524128088178264e-15,0.6337699629443921
GALAXY,0.05174264,1.92e-05,17.59238,0.005800100999999999,0.08280446,16.70709,0.004248536,0.05728374,15111.24608049339,2.61159678444537e-15,0.4023200274813901
GALAXY,0.3410705,3.81e-05,20.69688,0.04452595,0.08162425,19.03593,0.01635534,0.05646728,85537.91977715545,1.4966013243733923e-16,1.6806282224130875
GALAXY,0.3961708,7.35e-05,20.62815,0.060954,0.08276483,18.9154,0.02023534,0.05725633,96494.60466155123,1.5944030820503857e-16,1.628267116736254
GALAXY,0.5762010999999999,0.000185784,23.12428,0.3926552,0.1309629,20.59257,0.06006313,0.09059955,127715.99974945729,1.6000963156027776e-17,5.139864289901511
GALAXY,0.08526053,6.99e-06,17.41699,0.0061999080000000005,0.04838387,16.90077,0.005640354,0.03347174,24474.451707513676,3.0694610389910053e-15,0.3711023053591846
GALAXY,0.628112,2.81e-05,22.14519,0.1426625,0.07715437,20.59261,0.0551904,0.05337503,135556.30596399872,3.94259462235941e-17,3.274414480868431
GALAXY,0.6667263000000001,0.000142497,23.16433,0.2770592,0.07125889,21.0888,0.06891897,0.04929657,141087.15461373984,1.5421482493850547e-17,5.235542052883496
GALAXY,0.5264031,0.000138767,21.42109,0.1290203,0.132872,19.56776,0.03861618,0.09192021,119731.86778808446,7.681077113661891e-17,2.345922454807686
GALAXY,0.3890977000000001,0.000195654,22.43872,0.1316433,0.07026364,20.95986,0.05192511,0.04860806,95127.49782432336,3.0086393074512133e-17,3.7483458241571443
GALAXY,0.4748232,0.000115028,22.02148,0.1130012,0.06900498,20.38316,0.04193218,0.04773732,110952.96932582627,4.418411140136505e-17,3.0930835571686366
GALAXY,0.3796456,1.63e-05,20.11284,0.04089922,0.1652264,19.13491,0.02949703,0.1143029,93282.71887151251,2.5628437265778436e-16,1.2842916303078022
GALAXY,0.4967932,0.000191164,21.95022,0.15153010000000006,0.1514964,20.57171,0.07092473,0.1048045,114757.65121924265,4.718132414474022e-17,2.99322698769716
GALAXY,0.3765245,7.670000000000001e-05,21.09772,0.08013817,0.1716965,19.22782,0.02361115,0.1187788,92669.05194249688,1.034594404409559e-16,2.021341312546355
GALAXY,0.1299504,2.17e-05,18.88413,0.008729862,0.1018234,18.25522,0.007220494,0.07044097,36445.6111994099,7.947053289240789e-16,0.7293259263143098
GALAXY,0.4562085,0.000139795,22.26499,0.1854571,0.1251882,20.79309,0.07808029,0.08660459,107651.25743275025,3.530710630740602e-17,3.4601398504702288
GALAXY,0.1233599,2.43e-05,17.53321,0.006581541,0.10390710000000003,16.443820000000002,0.004335452,0.07188247,34716.64343981154,2.7578721246567094e-15,0.3915053059374444
GALAXY,0.08614868,1.55e-05,17.34238,0.005125205,0.06367687,16.3761,0.003822765,0.04405137,24718.043196869578,3.287805557298221e-15,0.35856810192278266
GALAXY,0.1340471,2.54e-05,18.4216,0.01009061,0.03956258,17.23955,0.00613303,0.02736921,37514.051020886734,1.2167969857262667e-15,0.5894074925180538
GALAXY,0.1155989,2.61e-05,17.85218,0.007788724,0.1197515,16.84807,0.00520626,0.08284354,32664.5246557142,2.0558249156462055e-15,0.45345234511769
GALAXY,0.5539098000000001,0.00012623700000000002,22.20076,0.1930763,0.1183598,20.68511,0.08181827,0.08188076,124199.8107738185,3.745882282662889e-17,3.3592912000627155
GALAXY,0.7102556999999999,0.000236997,21.8927,0.1755362,0.1132112,20.7331,0.09764952,0.07831898,147030.97969520002,4.9748286321462307e-17,2.914980489408402
GALAXY,0.06769615,1.67e-05,17.69762,0.01017481,0.06960338,17.09775,0.01032565,0.0481513,19609.326540770788,2.370337160863346e-15,0.42229861032635124
GALAXY,0.254016,4.61e-05,19.37113,0.02738937,0.1176368,17.91946,0.01185837,0.08138056,66722.74596752685,5.074650362165151e-16,0.9126865537287763
GALAXY,0.1376354,3.41e-05,18.8275,0.0125832,0.1551899,17.70659,0.007351949,0.1073597,38445.941622305785,8.372557237581266e-16,0.7105516500019703
GALAXY,0.501645,0.000130774,21.76105,0.1369423,0.1171149,20.29388,0.05504414,0.08101954,115584.65737446175,5.616142583575936e-17,2.7435043445943235
GALAXY,0.08711239999999999,9.86e-06,18.1598,0.007321546,0.1409985,17.73404,0.006562996999999999,0.09754212,24982.098791430155,1.5485959716536533e-15,0.5224631352813046
GALAXY,0.1362031,2.4e-05,18.70331,0.01208946,0.09596816,17.785610000000005,0.008036040999999999,0.06639033,38074.41213061232,9.38715794479747e-16,0.6710542825199924
GALAXY,0.5680978,0.000223123,22.2382,0.13237420000000005,0.1011971,20.752370000000006,0.05519938,0.07000766,126448.44905431132,3.618912854748104e-17,3.4177134873656647
GALAXY,0.1908212,4.24e-05,19.58629,0.02541919,0.161745,18.25177,0.01216169,0.1118944,51830.81789116052,4.1623838247889085e-16,1.00775196181713
GALAXY,0.100022,2.47e-05,18.71642,0.01022772,0.1113565,17.7509,0.006839375,0.07703589999999999,28493.00778493185,9.274491877479396e-16,0.6751179455502453
GALAXY,0.2624729,4.35e-05,20.16288,0.03569058,0.14020220000000005,18.53054,0.01338686,0.09699125,68635.01607005623,2.447406590561532e-16,1.3142308341424496
GALAXY,0.5064951,0.00019145400000000005,22.14577,0.1747335,0.2482018,20.66885,0.06822634,0.1717048,116406.6572969986,3.940489051778742e-17,3.2752891933657606
GALAXY,0.000518452,4.78e-05,20.62934,0.02664721,0.1313255,19.88166,0.0196918,0.09085038,155.38770846181004,1.592656524951139e-16,1.6291596764966125
GALAXY,0.5142015999999999,0.000101714,22.35629,0.1690728,0.1358561,20.47951,0.04454648,0.09398465,117703.1312658738,3.245952238125328e-17,3.6087238700990767
GALAXY,0.1144514,1.16e-05,18.39449,0.007932383000000001,0.103282,17.903570000000006,0.007369211999999998,0.07144999,32359.629393022427,1.2475619634304223e-15,0.5820947097139005
GALAXY,0.5273319000000001,0.000119486,22.04107,0.13513470000000002,0.068522,20.22234,0.04248384,0.0474032,119885.10718450947,4.3394044019390114e-17,3.1211141475768853
GALAXY,0.08779898,6.72e-06,18.14031,0.007337446,0.1066579,17.59516,0.006192183,0.07378545,25170.052579065796,1.5766457526904749e-15,0.517794761368515
GALAXY,0.04490192,1.4499999999999997e-05,17.986639999999994,0.006593969,0.03960912,17.21892,0.005032447,0.0274014,13159.330114342956,1.8163608194465455e-15,0.48241816487799755
GALAXY,0.29620490000000005,4.49e-05,19.96568,0.03048331,0.03603574,18.48705,0.012449600000000002,0.02492936,76079.02584224928,2.9348514584312063e-16,1.2001392856454671
GALAXY,0.5274371999999999,0.000116902,22.16903,0.1047506,0.09776587,21.15995,0.06697725,0.06763398,119902.46967271097,3.856968795039293e-17,3.3105614400613077
GALAXY,0.07413610000000001,2.55e-05,18.42459,0.00892121,0.06500388,17.51608,0.006323373,0.04496938,21403.692166503795,1.213450668332855e-15,0.5902196337487683
GALAXY,0.4509692,0.000101931,22.04954,0.1147128,0.09590062,20.13696,0.03096708,0.06634361,106708.80344369271,4.305683722486776e-17,3.133312074361951
GALAXY,0.6887091,0.000116355,22.31953,0.1564671,0.02754229,20.72348,0.05538049,0.01905363,144126.40544612,3.357732738904017e-17,3.5481473912776385
GALAXY,0.4951598,0.000183847,22.00468,0.17120320000000006,0.04154175,20.12474,0.05153501,0.02873839,114478.1659223735,4.487310536893111e-17,3.0692456732002245
GALAXY,0.2623446,3.71e-05,19.33757,0.02331621,0.03549888,17.883029999999994,0.01029363,0.02455796,68606.14413117296,5.233956697100322e-16,0.8986894683717748
GALAXY,0.5193920999999999,9.46e-05,22.03823,0.12592,0.04953434,20.41573,0.04751993,0.03426763,118569.72009832079,4.350769999364796e-17,3.117034809420234
GALAXY,0.5690398,0.000197991,22.18619,0.1344789,0.06183337,20.27495,0.03795867,0.04277604,126596.4213998508,3.796488819207238e-17,3.336826702841044
GALAXY,0.1192981,2.81e-05,18.87074,0.01287466,0.3726178,17.781979999999994,0.008127534,0.2577753,33644.819115655955,8.045668324531588e-16,0.7248425044881792
GALAXY,0.5358765,0.000215718,22.76449,0.27312190000000003,0.15824760000000002,20.67329,0.06024529,0.1094749,121287.01018705143,2.2287539465264722e-17,4.35505508216835
GALAXY,0.14107129999999998,1.8e-05,18.37917,0.008955479,0.03680413,17.29741,0.00572959,0.02546093,39334.79902641339,1.2652901442767148e-15,0.5780024140578659
GALAXY,0.06241786,1.6899999999999994e-05,18.0534,0.008288587,0.4398458,17.13296,0.005571175,0.30428330000000003,18129.478397888503,1.7080403466405374e-15,0.4974800304954673
GALAXY,0.1114823,3.4e-05,18.90837,0.01233213,0.3530313,17.78189,0.007483173,0.2442254,31568.9545889799,7.77159437388151e-16,0.7375129530201179
GALAXY,0.4757861,0.000108326,22.3513,0.1223542,0.2796325,20.61656,0.03797423,0.1934485,111121.79534713022,3.260904838728445e-17,3.6004406161194016
GALAXY,0.1683571,3.04e-05,18.03269,0.008534791,0.14827279999999998,16.80825,0.00479279,0.1025745,46274.43154215768,1.7409332711280213e-15,0.4927579641842364
GALAXY,0.02852938,1.44e-05,15.55703,0.0032101720000000003,0.1088484,15.01059,0.002985476,0.07530082,8430.936843717092,1.7023392994941178e-14,0.15758020178894191
GALAXY,0.6864453,0.000158965,22.35574,0.14117910000000006,0.1797042,21.01479,0.0680588,0.1243185,143816.99769417624,3.24759695254255e-17,3.6078099525277842
GALAXY,0.4279391,0.000101795,20.84133,0.06130058,0.09153891,19.09062,0.0200651,0.06332619,102496.33145337604,1.3101653975460183e-16,1.7962287870492946
GALAXY,0.7316903,0.000162384,22.23101,0.1872864,0.1083856,22.34933,0.3226808,0.07498068,149849.42034906926,3.642957672472176e-17,3.406415751280373
GALAXY,0.34256640000000005,6.03e-05,20.83553,0.05446896,0.06003845,19.10752,0.02086078,0.04153432,85844.83124863199,1.317183025099593e-16,1.7914374639374868
GALAXY,0.17926760000000005,1.5399999999999998e-05,20.17804,0.03040023,0.1348821,19.34127,0.02116209,0.09331082,48990.634144824486,2.4134712247986856e-16,1.3234381580142458
GALAXY,0.2837925,6.06e-05,19.75383,0.02710565,0.064914,18.13498,0.01075548,0.0449072,73373.64189794564,3.5671890416969807e-16,1.0885832618382667
GALAXY,0.6117603,0.000202852,22.84844,0.3269823,0.03315032,21.01613,0.09687315,0.02293323,133137.91775998444,2.062918759457275e-17,4.526720210673053
GALAXY,0.06636605,1.25e-05,18.48568,0.009529339,0.0565991,17.81235,0.007905791,0.039155,19237.191059929344,1.1470599730308868e-15,0.6070600485182781
GALAXY,0.5586992,0.000195337,22.60932,0.2525804,0.03349187,20.547320000000006,0.06585508,0.02316952,124963.07644119086,2.571166051333153e-17,4.0547086380805215
GALAXY,0.4424406,0.000106453,21.22482,0.07111493,0.1274104,19.28736,0.02084463,0.08814195,105162.15013351117,9.203014900813598e-17,2.143184956888399
GALAXY,0.435182,0.000147938,22.02282,0.09959421,0.04835803,20.3636,0.03878295,0.03345386,103833.4970522456,4.412961364398129e-17,3.0949928658265184
GALAXY,0.6211523,0.000228967,23.87419,0.5799419,0.05554182,21.49972,0.09205587,0.03842358,134532.63376771763,8.020143246230168e-18,7.2599503777526575
GALAXY,0.03332077,1.16e-05,21.0936,0.06033058,0.03772318,21.76133,0.1329776,0.02609672,9822.979059860967,1.0385277968776282e-16,2.0175097967726168
GALAXY,0.5559103,0.000118691,22.01553,0.0983576,0.06271458,20.25509,0.03378629,0.04338566,124519.14483615005,4.442691175469841e-17,3.0846198732066044
GALAXY,0.4742671,0.00015471200000000002,21.67121,0.1036818,0.0473997,20.3195,0.04498102,0.03279089,110855.38045870772,6.100622121538802e-17,2.632313749669864
GALAXY,0.4052612,0.000114967,21.78335,0.1285913,0.126637,20.25442,0.04781115,0.08760691,98234.98464089361,5.501968824010593e-17,2.771824009361722
GALAXY,0.2943265,6e-05,20.54566,0.04031913,0.04081714,18.86506,0.01424821,0.02823711,75672.11470057337,1.7202601350370657e-16,1.5675725586701448
GALAXY,0.6149165,0.000145802,22.49662,0.190315,0.0508508,20.57896,0.05632818,0.03517835,133608.32715108307,2.852398012736871e-17,3.8496358695221424
GALAXY,0.4612272,0.000182112,21.94901,0.12660610000000005,0.1026741,20.2382,0.03900557,0.07102945,108548.58263593791,4.723393473786737e-17,2.991559549628167
GALAXY,0.07986506,5.03e-06,18.33581,0.008667684,0.07169333,18.10319,0.0086312,0.04959711,22989.655755149724,1.3168433811849617e-15,0.5665753193914022
GALAXY,0.6583651999999999,0.000180832,22.35847,0.1765406,0.02574853,20.58825,0.05746687,0.01781271,139910.6140421126,3.2394413779038766e-17,3.612348584960948
GALAXY,0.6189764,0.000245013,22.42571,0.2188835,0.057204,20.84079,0.07832444,0.03957346,134210.8754295325,3.0449076492573977e-17,3.725955401960763
GALAXY,0.05277847,5.61e-06,18.03849,0.007954371,0.08515297,17.68892,0.008909049,0.05890843,15405.592944156982,1.7316580063701411e-15,0.4940758793612085
GALAXY,0.04132546,9.89e-06,18.09303,0.008054388,0.1413374,17.63062,0.007891505,0.09777658,12133.27914795436,1.646819971580238e-15,0.5066425399570019
GALAXY,0.4502075,6.74e-05,20.92449,0.08380976,0.09981774,19.29955,0.02854805,0.06905345,106571.30188398749,1.2135624364166916e-16,1.8663524117125863
GALAXY,0.5272882,0.000140973,22.19074,0.14677939999999998,0.02743824,20.76747,0.0615827,0.01898165,119877.90103686879,3.7806121454889617e-17,3.3438258610875886
GALAXY,0.07409221,1.97e-05,17.33375,0.005880285,0.09704451,16.38641,0.0042837890000000005,0.06713495,21391.50457914401,3.3140428937347176e-15,0.35714588638777905
GALAXY,0.4537546,0.00010449,21.35858,0.0786215,0.06680793,19.57753,0.02562298,0.04621742,107210.57110019056,8.136284483624651e-17,2.2793533324893596
GALAXY,0.3059547,0.000106495,21.77629,0.08397252,0.02168357,20.23729,0.04162676,0.01500059,78176.86081675002,5.537861949010932e-17,2.7628267502275015
GALAXY,0.1689568,1.1e-05,19.02732,0.01929081,0.4322413,18.19125,0.01486147,0.2990225,46424.59379247339,6.965144410303887e-16,0.7790398117876877
GALAXY,0.08543771,3.2899999999999987e-05,19.03551,0.01126295,0.4064784,17.94056,0.00741292,0.2811999,24523.06510721903,6.912802118214284e-16,0.7819836131084775
GALAXY,0.5595555,0.000192833,23.06608,0.2626252,0.1322014,21.11244,0.07271895,0.09145632,125099.08858117276,1.688208665693144e-17,5.003934914838945
GALAXY,0.5212377,0.00013533799999999998,21.56607,0.1015256,0.08520272,19.80981,0.03467336,0.05894285,118876.57976052984,6.720941653905139e-17,2.507896747901119
GALAXY,0.1325189,1.64e-05,17.76598,0.00888314,0.11049180000000003,16.88715,0.006517236,0.07643775,37116.05249049104,2.2256974345086264e-15,0.4358044417351252
GALAXY,0.5473946,0.000113595,22.63698,0.159484,0.2090292,20.98963,0.05810966,0.1446054,123154.58138975907,2.5064908595397445e-17,4.106687461955939
GALAXY,0.446333,0.000165432,22.00516,0.115808,0.09805901,20.41549,0.04611594,0.06783678,105869.96377725755,4.485327151793862e-17,3.0699241993269966
GALAXY,0.3994162,8.06e-05,21.06386,0.06159545,0.1938848,19.30608,0.02117523,0.1341286,97118.08416132534,1.0673678692850237e-16,1.9900667898547317
GALAXY,0.1550105,2.79e-05,16.64058,0.006090732,0.08201799,15.48396,0.003997718,0.05673967,42906.31273667807,6.275179095184354e-15,0.2595443936755408
GALAXY,0.07661728,1.04e-05,18.06115,0.01010699,0.03924213,17.60766,0.01180869,0.02714753,22091.75306015509,1.6958917411342494e-15,0.4992587123298253
GALAXY,0.4057207000000001,7.219999999999999e-05,20.97579,0.05737519,0.1816241,19.17014,0.01954241,0.1256467,98322.46330593064,1.1575563059800526e-16,1.910969045544254
GALAXY,0.5435671,9.53e-05,21.9838,0.1228866,0.1823369,20.490070000000006,0.04747484,0.12613980000000002,122536.78965743273,4.5744419970406485e-17,3.0398744858123457
GALAXY,0.189124,3.73e-05,18.73624,0.01160725,0.07173819999999999,17.48325,0.006799687,0.04962815,51415.91701056186,9.10672296645605e-16,0.681308256919459
GALAXY,0.1199585,6.77e-06,18.18954,0.00730247,0.06478985,17.63724,0.006598166999999999,0.04482131,33819.409562938876,1.506753209436916e-15,0.5296678982113502
GALAXY,0.17993270000000006,1.83e-05,18.2131,0.00746502,0.06477892,17.522170000000006,0.006198515999999999,0.04481376,49155.13853462345,1.474409515997507e-15,0.5354459675994755
GALAXY,0.3180657,9.84e-05,20.51549,0.06964381,0.13934520000000006,18.7046,0.02235989,0.09639839,80749.77666589564,1.7687323748177626e-16,1.5459436234479018
GALAXY,0.4655984,0.000152857,21.5223,0.1537583,0.1426601,19.50607,0.040064800000000005,0.09869156,109325.81929679839,6.997422952267582e-17,2.457851570229267
GALAXY,0.5562673,0.000108294,22.6041,0.2416299,0.12757870000000002,21.17013,0.10371500000000003,0.08825838,124576.05272208492,2.583557461321866e-17,4.044973234851154
GALAXY,0.35616,6.39e-05,20.68696,0.07474509,0.1392808,18.84719,0.02152633,0.09635384,88609.28563329967,1.5103379160197484e-16,1.6729680704299597
GALAXY,0.2056948,3.15e-05,18.99415,0.01253181,0.03240769,17.66242,0.006983512,0.02241949,55432.94867309405,7.181218238318657e-16,0.7672301344915976
GALAXY,0.3987749,9.86e-05,20.97794,0.08577337,0.0994218,19.16984,0.02925887,0.06877954,96995.07170075698,1.1552663542069135e-16,1.9128620551350748
GALAXY,0.0747406,8.15e-06,18.05572,0.007029795,0.03045249,17.507720000000006,0.006141466999999999,0.02106689,21571.49475621762,1.7043945043966311e-15,0.4980118219351888
GALAXY,0.5303227,0.000158109,22.63871,0.1683605,0.11939,21.02284,0.06403531,0.08259343,120377.4106250259,2.5025002250260726e-17,4.109960540681326
GALAXY,0.6923413,0.00022882900000000005,22.13545,0.17201770000000002,0.1658431,21.10683,0.1053945,0.1147295,144621.14433519865,3.978122250814965e-17,3.259760195057194
GALAXY,0.2214861,8.83e-05,19.85686,0.03273626,0.7949705,18.25957,0.01228403,0.5499569000000001,59191.29074754845,3.244248594839993e-16,1.141478280290026
GALAXY,0.09681034,3.06e-05,18.68432,0.009492738,0.09042322,17.80804,0.007027837,0.06255436,27624.122808770288,9.55278767928936e-16,0.6652113524938733
GALAXY,0.07342774,5.7000000000000005e-06,18.14814,0.008794757,0.1378476,17.79605,0.009049318,0.09536236,21206.921804844715,1.5653163631777964e-15,0.5196652209756588
GALAXY,0.1555667,3.620000000000001e-05,18.85513,0.0145809,0.1766993,17.72413,0.008811292,0.1222398,43047.678119541415,8.162179195495884e-16,0.719650534482792
GALAXY,0.1753055,3.86e-05,18.57176,0.01342301,0.08246013,17.49779,0.008372833,0.05704554,48008.10295970136,1.0596297066253048e-15,0.6316080437707978
GALAXY,0.5016751,0.00013135,21.71947,0.09662445,0.1135992,20.10301,0.03358943,0.07858744,115589.773266756,5.835393203221752e-17,2.6914706748110304
GALAXY,0.5475568000000001,0.000145851,21.47627,0.1854384,0.09493825,19.90757,0.07331958,0.06567784,123180.70044312783,7.300458309651968e-17,2.406299341866801
GALAXY,0.03921596,1.3699999999999998e-05,16.34156,0.003812463,0.05278356,15.79254,0.003685687,0.03651542,11526.295347281506,8.264833810750454e-15,0.2261557594452003
GALAXY,0.4926496,9.68e-05,22.06844,0.1399157,0.141354,20.20946,0.03591439,0.09778806,114047.60340181584,4.231380937388528e-17,3.1607027352829618
GALAXY,0.2712448,4.45e-05,19.70442,0.02055339,0.04788029,18.17711,0.009562316,0.03312336,70598.8805807269,3.7332762306049665e-16,1.0640931617799094
GALAXY,0.4050412000000001,6.05e-05,20.79638,0.04070417,0.03116253,19.0924,0.01459014,0.0215581,98193.08472803535,1.3655453421152368e-16,1.7594286202923162
GALAXY,0.3528008,8.669999999999999e-05,20.95538,0.05122209,0.06222007,19.14891,0.01613691,0.04304355,87930.23725962198,1.1795222162143518e-16,1.8930917038916009
GALAXY,0.3239983,9.09e-05,21.58677,0.08128795,0.178731,19.64183,0.02172013,0.1236453,81996.91730957023,6.594017952636895e-17,2.531918093220894
GALAXY,0.327096,0.000139705,20.5807,0.0489781,0.1442781,18.9378,0.01724352,0.09981091,82644.68338494885,1.6656284306158867e-16,1.5930729089456799
GALAXY,0.5408609000000001,0.000153414,21.50319,0.08236881,0.06279885,19.98151,0.03417709,0.04344396,122098.30227147513,7.121674583247474e-17,2.436316195896352
GALAXY,0.5393720000000001,0.000134466,22.71475,0.1932113,0.1514096,21.0353,0.05998039,0.1047445,121856.45825120338,2.3332330804418334e-17,4.256431536479963
GALAXY,0.5480658,0.000154535,21.51912,0.1215373,0.10559489999999998,20.44939,0.0657642,0.07305003,123262.63229991743,7.017947664672782e-17,2.454254818215481
GALAXY,0.2334911,4.33e-05,19.82955,0.01965626,0.05760527,18.31442,0.00918237,0.03985106,62003.50454271302,3.32688757602004e-16,1.1272121265789008
GALAXY,0.1107797,1.07e-05,17.6364,0.007735561,0.07488655,16.98378,0.006368379,0.05180617,31381.476802462654,2.507830184010716e-15,0.41055907127427904
GALAXY,0.1666176,3.85e-05,18.34331,0.01070148,0.04732217,17.17439,0.006250896999999999,0.03273726,45838.29739461411,1.3077782951116704e-15,0.5685355845273853
GALAXY,0.1272813,4.4e-05,18.37363,0.01332586,0.1455193,17.480079999999994,0.009073409,0.1006696,35746.90069125843,1.271762822852488e-15,0.5765296566389123
GALAXY,0.2101258,2.8600000000000007e-05,19.32896,0.01842029,0.04430754,17.97331,0.00858826,0.03065175,56494.359931793166,5.275627521710647e-16,0.8951331734256767
GALAXY,0.144946,2.88e-05,17.97597,0.008078069,0.04667355,16.9403,0.005526491,0.03228854,40333.12719039626,1.834298982705391e-15,0.48005351311077443
GALAXY,0.4970444000000001,0.000130978,22.62801,0.1838441,0.03861597,20.88303,0.06392828,0.02671435,114800.58540732287,2.5272844498713128e-17,4.08975839243508
GALAXY,0.3636681,8.809999999999999e-05,20.14582,0.04155136,0.05123093,18.37394,0.01398997,0.03544132,90117.37452226164,2.486166013251241e-16,1.3039461376390116
GALAXY,0.4165303,6.879999999999999e-05,20.91248,0.05291547,0.03885562,19.26042,0.020068,0.02688014,100366.76992461948,1.227060921371009e-16,1.856058465430792
GALAXY,0.07083914,1.51e-05,17.677629999999994,0.005210205,0.02495737,16.97154,0.004317661,0.01726539,20486.591463589863,2.4143827814504694e-15,0.41842888032693654
GALAXY,0.1020918,3.94e-05,18.74497,0.01291729,0.2471918,17.79737,0.008268817,0.17100610000000002,29051.375779542792,9.033792797641048e-16,0.68405284310355
GALAXY,0.07562222,2.6e-05,18.45096,0.008411103,0.2560703,17.48989,0.005885962,0.1771483,21816.02934548595,1.1843338035649212e-15,0.5974308602214223
GALAXY,0.5838685,0.000262848,22.15324,0.156613,0.1939503,20.87439,0.07308047,0.1341739,128904.30355533001,3.9134710476556916e-17,3.286575793854129
GALAXY,0.6597598000000001,0.000126877,20.84394,0.05094132,0.1868748,20.38092,0.05016224,0.1292791,140107.65406206556,1.3070196749847267e-16,1.798389061205516
GALAXY,0.3780639,0.000115066,22.42536,0.2459796,0.8628935,20.13595,0.05079774,0.5969456999999999,92972.0083590226,3.0458893697383115e-17,3.725354897301428
GALAXY,0.4665265,0.000145097,21.66603,0.1616021,0.3097512,20.10553,0.06057389,0.2142844,109490.3280863095,6.129797464964476e-17,2.6260419063661566
GALAXY,0.1736512,1.24e-05,20.37253,0.02382228,0.2058055,18.90624,0.01109627,0.14237529999999998,47596.56933457417,2.0176513633459883e-16,1.4474436064715326
GALAXY,0.1302411,3.26e-05,18.63884,0.01244665,0.1642767,17.61221,0.007811796,0.11364589999999998,36521.58616373104,9.961440040244363e-16,0.6514238459833683
GALAXY,0.03870239,9.37e-06,17.21545,0.007618707,0.14746479999999998,16.59512,0.007850589,0.1020155,11378.320589419653,3.695541853508445e-15,0.33820938311243065
GALAXY,0.8099735,1.92e-05,21.38003,0.04664648,0.02993572,21.18628,0.07552136,0.02070939,159571.61019768956,7.977120000019562e-17,2.3019805628802232
GALAXY,0.4569098,0.000128599,21.69729,0.09226471,0.04634857,19.99664,0.03262301,0.03206373,107776.96691251063,5.95582769901305e-17,2.664119198890211
GALAXY,0.5857393,0.000124585,21.73074,0.1039259,0.04161061,20.1718,0.04058269,0.02878603,129192.62221998857,5.775134792811571e-17,2.705475791772588
GALAXY,0.5507276999999999,0.000233729,22.40867,0.2715555,0.1418513,20.42911,0.06607682,0.09813206,123690.30981702771,3.093072681224957e-17,3.696831467747297
GALAXY,0.5217223,0.000195648,22.362920000000006,0.1366672,0.05225363,20.73981,0.04845853,0.03614882,118957.04144687296,3.226191370523123e-17,3.61975896401732
GALAXY,0.5190713,0.00017113599999999998,22.14943,0.1442661,0.02921822,20.4683,0.0477006,0.02021303,118516.31398014312,3.927228087772931e-17,3.2808143230160645
GALAXY,0.6334435,0.000168988,22.74079,0.2006468,0.05818729,20.68869,0.0578552,0.0402537,136334.87534683332,2.2779391841018497e-17,4.307781355675357
GALAXY,0.6390979,0.000149895,22.75141,0.28526050000000003,0.06033445,20.70498,0.07796228,0.04173909,137155.31339246506,2.255766408933557e-17,4.328900984741498
GALAXY,0.1510302,3.79e-05,18.76419,0.01178036,0.04628978,17.64692,0.007272673,0.03202305,41892.11021563204,8.875281267186162e-16,0.6901343630798404
GALAXY,0.8369563,0.000326158,24.40853,1.213124,0.03251613,21.56224,0.1682924,0.02249451,162725.94418163484,4.902821988733819e-18,9.285422130825108
GALAXY,0.5027152,0.000312016,22.87447,0.165922,0.02281547,21.44486,0.07102235,0.01578363,115766.44046936558,2.0140494306550135e-17,4.581309709225074
GALAXY,0.5279585,0.00014979700000000002,22.48038,0.1198022,0.04508754,20.91737,0.04641904,0.03119135,119988.39298077402,2.895383700389939e-17,3.820952618499418
GALAXY,0.16576629999999998,1.24e-05,18.28789,0.0089333,0.02918335,17.49662,0.005856549,0.02018891,45624.546459911224,1.3762651894867524e-15,0.5542090996772462
GALAXY,0.8490875,1.8e-05,21.923070000000006,0.06896218,0.02445276,21.76324,0.07424781,0.01691631,164112.88961824568,4.837601889232979e-17,2.9560355472328497
GALAXY,0.5746399,0.000324905,23.48245,0.30161259999999995,0.02570298,21.60817,0.08568768,0.0177812,127472.72849483124,1.1504774884895238e-17,6.061577361737027
GALAXY,0.6049787,0.000262137,22.23177,0.2142134,0.02000511,20.51346,0.06725807,0.01383945,132121.264396362,3.6404085458631264e-17,3.40760818138293
GALAXY,0.5633399,0.000183279,22.7734,0.245796,0.03008625,20.91521,0.07748772,0.02081353,125698.55348245759,2.2105387136509675e-17,4.372961484792316
GALAXY,0.3951539,6.91e-05,20.62958,0.04279722,0.07826382,19.02634,0.01635956,0.05414255,96298.75551928647,1.5923045100501293e-16,1.6293397478292273
GALAXY,0.5009031,9.08e-05,22.30818,0.1371194,0.1675438,20.46535,0.04279931,0.115906,115458.50425284449,3.393017700107644e-17,3.529650076273148
GALAXY,0.3448245,6.500000000000001e-05,20.05776,0.04364039,0.08976196,18.40357,0.01676265,0.06209691,86307.10461492724,2.6962125458901363e-16,1.252124900521433
GALAXY,0.05268735,8.1e-06,17.237560000000002,0.00525296,0.115099,16.36618,0.003936002,0.07962494,15379.712614955397,3.62104669442156e-15,0.34167063300487543
GALAXY,0.1493344,2.85e-05,18.7203,0.01079239,0.1169641,17.63177,0.007043446,0.08091526,41458.64546220703,9.241407591825907e-16,0.6763253287263129
GALAXY,0.5617419,0.000136886,22.50273,0.1431806,0.1273714,21.05426,0.06425665,0.08811494,125445.74899099051,2.8363911733019056e-17,3.8604830705818243
GALAXY,0.5059463,9.87e-05,21.28557,0.07813013,0.109941,19.62774,0.02949233,0.07605664,116313.88184505014,8.702221337513403e-17,2.203990165370898
GALAXY,0.4879505,0.00017920700000000002,22.74104,0.2605237,0.1630245,20.75074,0.0645062,0.1127796,113238.15388962334,2.2774147296034177e-17,4.308277335882396
GALAXY,0.4696323000000001,0.000112257,21.68674,0.09741341,0.0485653,20.17205,0.03987255,0.03359725,110039.5330522763,6.01398201788069e-17,2.651207088705657
GALAXY,0.030177,2.4e-05,17.488229999999998,0.006740964,0.1055341,17.00975,0.006589208,0.07300799,8910.39411100943,2.874525232368359e-15,0.383479058356482
GALAXY,0.1221145,2.25e-05,18.80976,0.01166383,0.08502064,17.79964,0.007535716,0.05881688,34388.51509624479,8.510481367094446e-16,0.7047703945469328
GALAXY,0.5421519,0.000147105,22.132,0.1406739,0.12695,20.81294,0.07104944,0.08782344,122307.65816009232,3.990783107214524e-17,3.254585253167472
GALAXY,0.1578008,3.14e-05,18.55666,0.01022807,0.03669681,17.46699,0.006567071,0.02538669,43614.62153508442,1.07446958196066e-15,0.6272311988512516
GALAXY,0.08539484,9.61e-06,17.98568,0.009995594,0.169012,17.53098,0.01059577,0.1169217,24511.303585478392,1.817967542601278e-15,0.4822049367111608
GALAXY,0.2751906,7.45e-05,19.38306,0.02233075,0.05655536,17.81186,0.009270919,0.03912473,71475.7947454269,5.019195652781611e-16,0.9177146238592406
GALAXY,-0.000351584,3.86e-05,19.39391,0.0120588,0.2081952,18.94507,0.0109909,0.1440285,-105.4207604214172,4.969287516706757e-16,0.9223115605916689
GALAXY,0.05732637,1.2e-05,17.521179999999998,0.0074930130000000015,0.08401385,16.73133,0.005730385,0.05812039,16694.171844703313,2.7885993718422447e-15,0.3893423557421378
GALAXY,0.5162402,0.000173673,22.95299,0.2493489,0.17586400000000002,21.28153,0.07847454,0.1216619,118044.12170582055,1.8735363568673816e-17,4.750000466513104
GALAXY,0.5708337,0.00013805799999999998,21.77745,0.1062713,0.1295107,20.13714,0.03732876,0.08959492,126877.76014259008,5.531948459713809e-17,2.7643030458467526
GALAXY,0.4817957000000001,0.00016203299999999998,22.01941,0.1072576,0.1219985,20.57753,0.04553945,0.08439803,112171.14008684433,4.4268430550702327e-17,3.090136417632686
GALAXY,0.4895178,9.4e-05,21.35956,0.09495711,0.1324573,19.52949,0.03159428,0.09163336,113508.63005983211,8.128943877940604e-17,2.2803822520320116
GALAXY,0.1547206,3.950000000000001e-05,18.52404,0.01228251,0.1464657,17.322589999999998,0.007017317,0.1013243,42832.596202103574,1.107240914114735e-15,0.6178793091319028
GALAXY,0.5615595999999999,0.000176097,22.77984,0.3315143,0.09424543,20.27967,0.06182832,0.06519856,125416.8788239339,2.1974658025092562e-17,4.385949756437352
GALAXY,0.08880018,5.62e-06,18.23418,0.008310247,0.2540132,17.58544,0.006943646,0.17572520000000005,25443.886515519986,1.4460593743565086e-15,0.5406692276487854
GALAXY,0.2949432,1.64e-05,19.93004,0.018439700000000003,0.32018,19.0334,0.0124234,0.221499,75805.80624976323,3.032788504041086e-16,1.180602374262307
GALAXY,0.1821375,5.710000000000001e-05,19.09243,0.0147926,0.2134239,17.79593,0.008030091999999999,0.14764570000000002,49699.588968359196,6.559732433624137e-16,0.8027524732368407
GALAXY,0.9349271999999998,0.0004985969999999999,22.35011,0.1035888,0.03348551,21.92089,0.09632806,0.02316512,173402.895148315,3.2644808492534896e-17,3.5984680602920953
GALAXY,0.1519027,1.26e-05,18.43958,0.0104572,0.08395428,17.56021,0.007187452,0.05807918,42114.81251062148,1.1968125240021225e-15,0.5943081039034843
GALAXY,0.07854126,1.5399999999999998e-05,17.47591,0.006488769,0.07705455,16.78306,0.00545886,0.05330598,22624.044884612173,2.9073286311064544e-15,0.3813095235254142
GALAXY,0.041528,9.78e-06,14.8893,0.00245662,0.1785233,14.08869,0.002086615,0.1235016,12191.487781768852,3.148749599039809e-14,0.11586590343387367
GALAXY,0.34428000000000003,7.659999999999999e-05,20.22543,0.04621089,0.1052932,18.34629,0.01369575,0.07284132,86195.74761823665,2.3103944104689736e-16,1.3526382126418504
GALAXY,0.4349651,7.38e-05,21.54548,0.08481783,0.1835626,20.21538,0.0427276,0.12698779999999998,103793.61921143065,6.849614426675242e-17,2.4842291430263077
GALAXY,0.13577170000000002,3.12e-05,18.71382,0.01098931,0.03742222,17.65064,0.007011016,0.02588852,37962.39456452757,9.296728010170688e-16,0.6743100807038572
GALAXY,0.3095684,5.03e-05,20.17504,0.02851191,0.02985555,18.56049,0.01073123,0.02065393,78948.37877629085,2.4201491138321865e-16,1.3216110230604894
GALAXY,0.16973139999999998,4.58e-05,18.37004,0.01200646,0.02796247,17.3681,0.00747723,0.01934431,46618.40096697315,1.2759748819083044e-15,0.5755772929365764
GALAXY,0.2118693,5.5399999999999985e-05,18.849120000000006,0.0144088,0.06202804,17.46635,0.007267921,0.04291071,56910.537258225675,8.20748552004417e-16,0.7176615062518251
GALAXY,0.6973535,0.000218461,21.85697,0.2383425,0.06570503,20.48219,0.1071306,0.04545444,145300.43522008212,5.141266605257196e-17,2.8674090544179847
GALAXY,0.1209984,1.2e-05,18.13248,0.009054303,0.06856906,17.45064,0.007422335,0.04743575,34094.07304972819,1.5880571416441419e-15,0.5159310342094927
GALAXY,0.1974008,4.69e-05,18.56986,0.01176204,0.1636578,17.33643,0.006605296,0.1132177,53431.77386764327,1.0614856446152215e-15,0.6310556395968314
GALAXY,0.5847737,0.000160094,22.45238,0.1693441,0.04309575,20.63377,0.05279528,0.02981344,129043.88769818188,2.9710237615537684e-17,3.7719997239192855
GALAXY,0.6840203,0.000212474,21.90436,0.1514,0.06011055,20.65673,0.06903104,0.0415842,143484.65366415383,4.9216885229314576e-17,2.9306749505398884
GALAXY,0.09926151,2.1600000000000007e-05,17.1177,0.005006499,0.04394407,16.16416,0.003697926,0.0304003,28287.53673189084,4.043692524895362e-15,0.32332229458330675
GALAXY,0.2749408,5.4299999999999985e-05,19.35737,0.01843729,0.05640693,17.81405,0.008341873,0.03902205,71420.39792065595,5.139372841507678e-16,0.9069214052457619
GALAXY,0.5327725,9.28e-05,21.79725,0.09328664,0.17905839999999998,20.36632,0.04076618,0.1238718,120779.37176623181,5.431979536671484e-17,2.789623881324216
GALAXY,0.02856308,1.26e-05,17.58745,0.006855310999999999,0.02260271,16.86969,0.005240299,0.01563645,8440.7516735968,2.623482219892041e-15,0.4014076567407242
GALAXY,0.593093,9.990000000000003e-05,23.20438,0.4104941,0.5505154999999999,20.92862,0.08151472,0.3808441,130319.82232268288,1.486298793323227e-17,5.3330008423309945
GALAXY,0.5483029,0.000188766,22.67096,0.1836586,0.1581129,20.91447,0.0617145,0.1093818,123300.78065769558,2.4292607049769793e-17,4.1714558580229735
GALAXY,0.11252,5.95e-05,18.6041,0.01275275,0.09974372,17.64728,0.008579656,0.06900224,31845.58624209346,1.028532750889228e-15,0.6410850543602994
GALAXY,0.16578120000000002,2.7300000000000006e-05,18.66405,0.009644705,0.3135121,17.47961,0.005984169,0.2168862,45628.289417297485,9.73280730775178e-16,0.659030709450104
GALAXY,0.07299989,6.96e-06,17.62442,0.006432288,0.4805841,17.14314,0.005974981,0.3324658,21088.00052698175,2.5356547773902667e-15,0.4083002560537401
GALAXY,0.4839733,0.000135837,21.17585,0.1294721,0.2629173,19.82902,0.05507949,0.181885,112549.54111771123,9.627601927611082e-17,2.095393789013972
GALAXY,0.1140655,2.7600000000000007e-05,17.575570000000006,0.007736224,0.1924696,16.55489,0.00519727,0.1331496,32257.008434757914,2.652345681324072e-15,0.3992175750275623
GALAXY,0.5564859999999999,0.000158878,22.27756,0.24476660000000006,0.1432226,20.181420000000006,0.05816338,0.09908073,124610.90297465539,3.4900698999811524e-17,3.480227643297641
GALAXY,0.5489834,0.00015023399999999998,22.79929,0.2544617,0.1856772,20.79986,0.06331595,0.1284506,123410.21103180338,2.1584506581630105e-17,4.425411420407757
GALAXY,0.363347,7.37e-05,20.7339,0.04391213,0.06004281,19.02844,0.01702968,0.04153734,90053.14956765693,1.4464323460201953e-16,1.709525771522476
GALAXY,0.622971,0.000211872,23.10323,0.3539672,0.04167552,21.14955,0.09985349,0.02883093,134800.94361719824,1.631421288741404e-17,5.090279767178148
GALAXY,0.6366217,0.000168352,21.37395,0.1221337,0.181789,20.43388,0.07797016,0.1257608,136796.69066630484,8.021916280165066e-17,2.2955441624117072
GALAXY,0.08887082,7.54e-06,18.00866,0.007714084,0.1205557,17.45828,0.006497295,0.08339986,25463.19584078345,1.7798939432169187e-15,0.48733505510048963
GALAXY,0.4047582,0.000104858,20.73845,0.06624687,0.1446571,18.96588,0.01994047,0.1000731,98139.17023359319,1.4403834583487393e-16,1.71311158597045
GALAXY,0.2624401,5.58e-05,18.99733,0.01875865,0.0691957,17.61637,0.009311575,0.04786927,68627.63534224466,7.160216024266475e-16,0.768354523251391
GALAXY,0.6320720000000001,0.000225433,22.88119,0.2212619,0.02951894,21.30061,0.09142792,0.02042107,136135.05597586487,2.001622274043934e-17,4.595509331210846
GALAXY,0.07470341,6.2e-06,17.08032,0.005635828000000001,0.1314349,16.64565,0.005730879,0.09092607,21561.174334929226,4.185334035828707e-15,0.3178042145404888
GALAXY,-0.00017417,0.000103259,21.43024,0.1951848,0.1188286,20.3264,0.1044236,0.08220509,-52.21939954020273,7.616617130981795e-17,2.355828396150254
GALAXY,0.561339,0.000150584,22.21071,0.1501014,0.04268344,20.54543,0.04734308,0.02952821,125381.93495078682,3.7117107541315206e-17,3.3747192770486256
GALAXY,0.2687455,6.08e-05,20.26984,0.04190771,0.04704334,18.71905,0.01726309,0.03254436,70041.36143634174,2.2177987032372911e-16,1.3805865951558731
GALAXY,0.4664998,0.000122027,21.98387,0.14595279999999994,0.0486103,20.1924,0.041829000000000005,0.03362838,109485.5979395797,4.574147081373073e-17,3.039972481367298
GALAXY,0.345031,0.00016403400000000002,20.81965,0.04804819,0.03217002,19.04633,0.01663787,0.02225507,86349.31784588116,1.336589746637972e-16,1.7783844499773902
GALAXY,0.4640999,0.000160404,22.1775,0.1348318,0.1018607,20.58525,0.04811028,0.07046676,109059.82466608511,3.8269970301729414e-17,3.323499764055233
GALAXY,0.1473139,1.01e-05,17.838279999999994,0.00720503,0.03733783,17.23183,0.0062126230000000005,0.02583013,40941.11690034603,2.0823135501796886e-15,0.4505589824180681
GALAXY,0.09922989,1.7899999999999998e-05,18.649520000000006,0.01388657,0.2432139,17.85146,0.01012426,0.16825420000000002,28278.989902767797,9.8639332615856e-16,0.6546356499273471
GALAXY,0.430121,6.15e-05,21.26945,0.08084378,0.05497411,19.5148,0.02627466,0.03803083,102900.3509899994,8.832387718880446e-17,2.187689348390857
GALAXY,0.06335079,1.67e-05,17.64232,0.006193425,0.03175082,16.75798,0.004548176,0.02196507,18391.64024153217,2.4941933972351535e-15,0.4116798894830345
GALAXY,0.08562526,3.14e-05,17.2382,0.007135486,0.1327943,16.439970000000002,0.005217187,0.09186651,24574.513695392638,3.618912854748104e-15,0.34177134873656645
GALAXY,0.31753590000000004,6.14e-05,20.19025,0.03064815,0.05551221,18.41279,0.01070822,0.03840309,80637.98225041568,2.386481791997469e-16,1.3309006963081353
GALAXY,0.4388847,8.52e-05,22.64794,0.1456034,0.03315791,21.77713,0.09812181,0.02293849,104512.68046356335,2.4813162813032925e-17,4.127467404947984
GALAXY,0.4655532,0.000142702,22.21684,0.1466825,0.21257670000000006,20.51748,0.04551742,0.1470596,109317.80284601444,3.690813710159145e-17,3.384259465539012
GALAXY,0.3775651,0.000102853,20.34306,0.04102822,0.1375337,18.553320000000006,0.01349542,0.09514519,92873.9037511823,2.0731662263813369e-16,1.4279324143463514
GALAXY,0.08160398,2.25e-05,18.40781,0.007738182,0.07496989999999999,17.487000000000002,0.005541417,0.05186383,23469.130741291796,1.2323501582889723e-15,0.585676302794596
GALAXY,0.5247826999999999,0.000133631,22.86081,0.1785451,0.08804829,20.83116,0.04530732,0.0609114,119464.12188431954,2.0395489132841452e-17,4.552580693166539
GALAXY,0.5989021999999999,9.44e-05,22.02117,0.1294467,0.1445736,20.57748,0.05657167,0.1000153,131203.42447369636,4.419672867438091e-17,3.0926420192248396
GALAXY,0.08177792,2.4e-05,17.17944,0.005710592,0.09162012,16.192239999999998,0.003979649,0.06338238,23517.04245990548,3.820165034337752e-15,0.3326470315520616
GALAXY,0.6029248,0.00027566900000000003,23.47925,0.4462017,0.3817284,21.30838,0.1048644,0.26407790000000003,131811.75935253577,1.1538733028512947e-17,6.052651269829133
GALAXY,0.2227749,1.6100000000000002e-05,18.71891,0.009793286,0.2333419,17.85598,0.007210144,0.1614249,59495.04979603276,9.253246363239082e-16,0.6758925387992013
GALAXY,0.1354858,4.760000000000001e-05,18.78899,0.01467425,0.1694856,17.65371,0.009038435,0.1172494,37888.128224728935,8.674853020556913e-16,0.698061445574234
GALAXY,0.645115,0.000128934,22.05786,0.1874266,0.1203083,20.81773,0.1059384,0.08322869999999999,138022.4461472448,4.272815350448473e-17,3.1453403931179085
GALAXY,0.13318470000000002,1.4800000000000002e-05,18.36389,0.01001325,0.06765199,17.63198,0.008055798000000001,0.04680134,37289.5332832941,1.2832229706438855e-15,0.5739494608767727
GALAXY,0.5117664000000001,0.000265809,22.68993,0.1903835,0.17971389999999998,20.83628,0.05767696,0.1243252,117294.72704042429,2.3871852655671398e-17,4.208057371892017
GALAXY,0.1220661,3.27e-05,21.23362,0.08258158,0.08998068,20.8462,0.09117432,0.06224822,34375.7539969168,9.128725019224044e-17,2.1518879433108515
GALAXY,0.04603573,2.67e-05,21.45821,0.1058103,0.06270757,20.67485,0.08066991,0.04338081,13483.812788189445,7.422908808293458e-17,2.3863692943417223
GALAXY,0.06260754,1.16e-05,17.33138,0.005337646,0.115597,16.39979,0.004005835,0.07996946,18182.80111613725,3.321284855664748e-15,0.3567563009597904
GALAXY,0.3101682,4.86e-05,20.31672,0.03388843,0.1242716,18.70457,0.01409327,0.08597051,79076.1207527346,2.1240763587190552e-16,1.4107161956907812
GALAXY,0.1493698,9.9e-06,18.371270000000006,0.01090593,0.03744411,17.68626,0.01084034,0.02590366,41467.702432292164,1.2745301843463007e-15,0.5759034129517723
GALAXY,0.3920876,0.000132565,21.2735,0.08554026,0.06502354,19.46928,0.02692974,0.04498298,95706.78232509333,8.799502625438286e-17,2.191773401892844
GALAXY,0.06765661,1.18e-05,16.15435,0.0035120570000000003,0.04219879,15.33434,0.002888136,0.02919293,19598.271592823272,9.820150082328256e-15,0.20747494220387205
GALAXY,0.1154584,2.11e-05,17.23507,0.006583833000000001,0.05204234,16.369410000000002,0.004880135,0.03600265,32627.213765260738,3.6293606413426485e-15,0.3412790681472959
GALAXY,0.13810770000000006,1.51e-05,18.57864,0.01247092,0.108153,17.78278,0.009277306,0.07481973,38568.32445310284,1.0529363653344163e-15,0.633612377138302
GALAXY,0.642691,0.000127772,21.68253,0.1708293,0.07867762,20.23874,0.06908546,0.05442882,137673.85289494426,6.037346823544489e-17,2.6460719698450426
GALAXY,0.08035171,1.6e-05,17.15101,0.005832341,0.12772160000000002,16.25924,0.00428979,0.08835718,23123.930273684895,3.921517209142207e-15,0.3283202367613876
GALAXY,0.3686726,6.2e-05,21.27168,0.09239638,0.5663155,19.33664,0.0253277,0.3917744,91115.22790581152,8.814265442703268e-17,2.1899371564230945
GALAXY,0.08724757,2.53e-05,18.01943,0.007874879,0.2343505,17.00654,0.005377537,0.1621226,25019.113024882827,1.7623254996040023e-15,0.4897581280265095
GALAXY,0.1267217,2.22e-05,17.95703,0.008253416,0.09321267,16.90646,0.005269444,0.0644841,35600.1498732419,1.8665779243329598e-15,0.47588460149381256
GALAXY,0.1898591,3.35e-05,18.8392,0.01514907,0.09999031,17.6277,0.008655262,0.06917283,51595.718683103645,8.28281812545893e-16,0.7143904697804537
GALAXY,0.4535923,0.000115335,22.21069,0.16911510000000002,0.09119259,20.29649,0.04442466,0.06308661,107181.37926647282,3.7117791270000505e-17,3.3746881948785727
GALAXY,0.5890238,0.00020590400000000005,22.27241,0.2491946,0.07589467,20.30572,0.06951766,0.05250358,129697.28408914093,3.506663760734491e-17,3.471983497427904
GALAXY,0.1067467,2.31e-05,18.85112,0.009014913,0.1657566,17.87741,0.006440601,0.1146697,30302.557168072573,8.192380689331045e-16,0.7183228014171977
GALAXY,0.531055,0.00016853700000000002,22.61431,0.1844967,0.1051039,20.90936,0.06030117,0.07271037,120497.68738954287,2.5593761890246494e-17,4.064036991202724
GALAXY,0.5169427,0.000122743,21.93708,0.13457539999999998,0.06258068,20.21328,0.04738047,0.04329303,118161.43701707038,4.7755800053573464e-17,2.9751690826747956
GALAXY,0.6403161999999999,0.000183178,21.76588,0.1355225,0.09149104,20.51792,0.07149561,0.06329308,137331.37671185445,5.59121413252593e-17,2.7496135054016158
GALAXY,0.5024092,0.000155241,22.09517,0.1590055,0.13255250000000002,20.0459,0.04126671,0.0916992,115714.4870389214,4.1284794311656567e-17,3.1998502356957803
GALAXY,0.04893252,1.19e-05,17.97775,0.008666659,0.1213201,17.34674,0.008134427,0.08392869,14311.099362362742,1.831294222242032e-15,0.4804471840452314
GALAXY,0.5067956,0.000154633,21.71791,0.0891179,0.08775138,20.05013,0.03287034,0.060706,116457.43183257275,5.843783598880054e-17,2.6895377990302007
GALAXY,0.4698386,0.000164074,22.58936,0.185842,0.08169606,20.90205,0.06471087,0.05651696,110075.9422671164,2.6188711125904123e-17,4.017608852251221
GALAXY,0.5267957,0.000142242,22.04166,0.128356,0.03621699,20.43106,0.04608744,0.02505475,119796.66192526436,4.337046966422505e-17,3.121962285240647
GALAXY,0.5467647,0.00013335200000000002,21.44846,0.1078489,0.15935729999999998,19.85501,0.03819172,0.1102426,123053.10133704767,7.489867333599288e-17,2.375678417730715
GALAXY,0.05124296,1.27e-05,15.93294,0.003621853,0.07280101,15.19744,0.002941377,0.0503634,14969.140244394126,1.2041542565815262e-14,0.18736292264731066
GALAXY,0.3395167,5.1e-05,21.30443,0.06079993,0.08026624,19.46966,0.01874856,0.05552782,85218.55921797789,8.552362985002869e-17,2.223215964039309
GALAXY,0.5435827,0.000239326,22.71311,0.32628850000000004,0.09714037,20.88046,0.09794522,0.06720126,122539.3132874492,2.3367600823494868e-17,4.2532180890833065
GALAXY,0.6112177,0.00016919599999999998,22.7407,0.3827102000000001,0.08718447,20.91304,0.1024586,0.06031381,133056.8717044792,2.27812801728532e-17,4.307602816778881
GALAXY,0.504774,0.000126025,22.13245,0.2167964,0.03589612,20.14247,0.05024119,0.02483277,116115.50155865432,3.9891294087539863e-17,3.255259779410883
GALAXY,0.06891976,1.4300000000000004e-05,17.82601,0.006061039,0.02537685,16.90837,0.004352669,0.01755559,19951.205597978373,2.1059794313225017e-15,0.44802025848547233
GALAXY,0.3678465,0.000100486,20.94343,0.0633898,0.1091138,19.08534,0.01863999,0.07548443,90950.91473951469,1.192576164943186e-16,1.8827022961722009
GALAXY,0.1509209,3.620000000000001e-05,18.7962,0.01186985,0.04943132,17.683629999999994,0.007300704,0.03419636,41864.196579326526,8.617437161393543e-16,0.7003830905092044
GALAXY,0.204898,3.4899999999999995e-05,18.80519,0.01244997,0.03716949,17.55612,0.007535621,0.02571368,55241.513793151826,8.546378546528588e-16,0.7032887206943511
GALAXY,0.5162181,0.00017475400000000006,21.99353,0.1240575,0.1485848,20.736,0.05782178,0.1027903,118040.42949812376,4.533630540126338e-17,3.053526211093778
GALAXY,0.4820011,0.000107623,22.04195,0.1142569,0.03031241,20.46499,0.04355953,0.02096999,112206.8739366401,4.335888696431923e-17,3.1223792509444017
GALAXY,0.6912371999999999,0.000156663,21.852,0.1992857,0.19920710000000005,20.88331,0.1182627,0.1378106,144470.97649686216,5.164854901485913e-17,2.860853720479946
GALAXY,0.634256,0.00016789599999999998,21.7141,0.1084993,0.2002632,20.78884,0.07345771,0.1385412,136453.10072095433,5.864326274276723e-17,2.684822954593642
GALAXY,0.1062407,1.76e-05,18.05848,0.007088129,0.06734554,17.206970000000002,0.005212785,0.04658933,30166.85637643529,1.700067343894763e-15,0.49864521083482877
GALAXY,0.1174135,8.83e-06,17.79739,0.007987521,0.4344266,16.9397,0.005949014,0.3005343,33145.89201910753,2.1622311774810482e-15,0.44215409571287145
GALAXY,0.17927320000000002,3.39e-05,18.30224,0.01891482,0.2088522,17.40474,0.01216323,0.144483,48992.01975065865,1.3581949933152094e-15,0.5578836739325439
GALAXY,0.106122,3.11e-05,18.9802,0.01039927,0.3807546,17.951620000000005,0.006948804,0.2634043,30135.012209509136,7.274080872758002e-16,0.7623170832799666
GALAXY,0.4758571,0.000143009,21.88419,0.1149872,0.1523072,20.12704,0.035836400000000004,0.1053654,111134.23624198172,5.0139745496924367e-17,2.903579037108274
GALAXY,0.3342133,7.6e-05,20.7141,0.046095,0.2122046,19.00887,0.0167968,0.14680220000000002,84124.13805562485,1.473052159830078e-16,1.6940087618298734
GALAXY,0.1026981,1.5e-05,19.04877,0.01637046,0.2054278,18.18776,0.01125805,0.14211400000000002,29214.699902613193,6.828890126726153e-16,0.7867733707114913
GALAXY,0.8217959,5.65e-05,22.78998,0.2128645,0.1071535,22.14544,0.1632269,0.07412832,160965.59905371608,2.1770385791078324e-17,4.406478467692378
GALAXY,0.2733055,2.95e-05,22.95948,0.2770325,0.09050237,21.4745,0.1163042,0.06260912,71057.35001268242,1.8623706776011622e-17,4.764218292517157
GALAXY,0.03875254,2.82e-05,18.99412,0.01848897,0.13412190000000002,18.46921,0.01610498,0.09278493,11392.773761539696,7.181416665452826e-16,0.7672195348887922
GALAXY,0.2165987,1.82e-05,20.0222,0.0254155,0.09844862,19.06211,0.01715761,0.0681063,58035.30345992994,2.78598083919493e-16,1.231787101951093
GALAXY,0.5288354000000001,0.00016523700000000002,22.1499,0.13256329999999994,0.03252777,20.64247,0.05435318,0.02250256,120132.8090706981,3.925528413633909e-17,3.2815245091610947
GALAXY,0.3382162,8.01e-05,20.77259,0.03992186,0.1241971,19.05071,0.01484096,0.08591896,84950.81366114106,1.3957965649795154e-16,1.7402580536177914
GALAXY,0.5674191999999999,0.000259574,23.09247,0.349324,0.1354992,21.66879,0.1430941,0.09373775,126341.75082121546,1.6476695859263575e-17,5.065118989964743
GALAXY,0.4695155,0.000168185,23.06031,0.2274866,0.1469274,20.99511,0.05106729,0.1016437,110018.91547106973,1.697204306988524e-17,4.990656192874226
GALAXY,0.06035747,2.0600000000000006e-05,18.33867,0.007992739,0.06271145,17.51663,0.005928522,0.0433835,17549.5751579437,1.3133791731560051e-15,0.567322035295182
GALAXY,0.4971130999999999,0.000142784,22.09917,0.1158298,0.1190372,20.41051,0.03749463,0.08234937,114812.32514561825,4.113297534113407e-17,3.2057500098823857
GALAXY,0.5945185000000001,0.00043103,24.05055,0.5243061,0.06620246,21.41539,0.08577231,0.04579856,130537.20435753211,6.817703739307867e-18,7.874185692145672
GALAXY,0.3819939000000001,3.37e-05,22.05668,0.1118831,0.03220439,20.73169,0.04801596,0.02227885,93742.95633969869,4.2774616567202465e-17,3.1436316477539177
GALAXY,0.4038746,3.3100000000000005e-05,22.39986,0.1290344,0.03385575,21.45373,0.07962044,0.02342125,97970.71937757937,3.1182729344660666e-17,3.68186323447108
GALAXY,0.7061679,0.00018447,23.32054,0.3304962,0.04489125,21.34034,0.08914532,0.03105556,146485.49018881723,1.335494565831386e-17,5.626050838893196
GALAXY,0.5336593000000001,0.000175343,22.58274,0.16293829999999998,0.08948559,21.07817,0.06096023,0.06190572,120924.59142198783,2.6348877914316115e-17,4.005379329924022
GALAXY,0.5661877,0.00014255,22.3146,0.1759042,0.132329,20.41195,0.04934925,0.09154458,126147.90096555474,3.373013855787443e-17,3.540100996263094
GALAXY,0.3785541,8.329999999999999e-05,21.19715,0.06734424,0.13300610000000002,19.44827,0.02372889,0.09201299,93068.36546951323,9.440568008982847e-17,2.116048669252144
GALAXY,0.05696792,1.6100000000000002e-05,16.73346,0.004022031,0.05433834,15.87609,0.003182178,0.03759101,16592.833632973987,5.760684959979552e-15,0.27088668111310926
GALAXY,0.5300560999999999,0.000120209,20.94573,0.09135234,0.04350439,19.25786,0.03216913,0.03009613,120333.5970791743,1.1900525114616034e-16,1.8846974904609306
GALAXY,0.4617588,0.000118116,22.25587,0.1461537,0.05082322,20.54102,0.05023988,0.03515927,108643.31991094614,3.56049290923011e-17,3.4456380310077006
GALAXY,0.5394094,0.000188,23.56176,0.399902,0.09227657,21.35122,0.08502514,0.06383651,121862.53837697623,1.0694343395841826e-17,6.2870606841225145
GALAXY,0.08909257,7.34e-06,18.18214,0.008949155,0.1144496,17.685129999999994,0.00830755,0.07917571,25523.801310295177,1.5170577911050922e-15,0.5278659543089531
GALAXY,0.5131957,0.00017083900000000002,22.32813,0.17593889999999998,0.1229558,20.49767,0.05280922,0.08506027,117534.57521797883,3.331241553521571e-17,3.562227502055702
GALAXY,0.5345325,0.000158504,22.45704,0.2108342,0.17092120000000002,20.45461,0.05707585,0.1182425,121067.43582226032,2.95829939840366e-17,3.7801031623487726
GALAXY,0.1025813,2.79e-05,18.20662,0.007966878,0.1160713,17.23725,0.005741036,0.08029756,29183.244848447128,1.4832355471433211e-15,0.5338504981094148
GALAXY,0.1077778,2.87e-05,18.59642,0.008808569,0.08642817,17.598589999999994,0.006401991,0.05979061,30578.850294184125,1.0358339119796115e-15,0.638821688384569
GALAXY,0.436794,0.00012192,20.9714,0.10517089999999997,0.09279381,19.30436,0.03792588,0.06419433,104129.54958304712,1.162246174001446e-16,1.9071095998816885
GALAXY,0.4978973,0.000117745,22.17701,0.13951229999999998,0.1219768,20.67231,0.05506248,0.08438302,114946.26507681087,3.828724569285882e-17,3.3227498898449137
GALAXY,0.4980492,0.00013989,21.99456,0.1182463,0.10651760000000003,20.38663,0.04427605,0.07368839,114972.19499957659,4.529331682655984e-17,3.0549749414671314
GALAXY,0.12550039999999998,2.44e-05,17.83314,0.006852111,0.06075108,16.82091,0.004725448,0.04202732,35279.55992817038,2.092194833000214e-15,0.44949374464742764
GALAXY,0.04988921,1.0800000000000003e-05,16.898429999999998,0.003939983,0.05128982,16.067239999999998,0.003335644,0.03548206,14583.768883410772,4.9486430079255815e-15,0.29226825881959834
GALAXY,0.4759844,0.000222795,22.73403,0.1886957,0.1427185,21.301820000000006,0.08554188,0.098732,111156.53963136651,2.2921663109168102e-17,4.2943916753663185
GALAXY,0.675925,0.000207825,22.14487,0.2033461,0.1438378,20.84382,0.09429121,0.09950634,142368.391393953,3.94375679804503e-17,3.2739319808710006
GALAXY,0.27008730000000003,5.69e-05,19.46152,0.02618955,0.1984645,17.92039,0.01112461,0.1372968,70340.87730465141,4.669282229917631e-16,0.9514799745407452
GALAXY,0.1401114,1.75e-05,17.414379999999998,0.006100964,0.09011635,16.59741,0.004716175,0.06234207,39086.81544603848,3.076848588716686e-15,0.37065652711415514
GALAXY,0.2141578,4.84e-05,18.93328,0.01664643,0.1016276,17.53813,0.008222114,0.07030549,57455.55496017135,7.595320861647118e-16,0.7460220298592344
GALAXY,0.1552124,3.65e-05,18.38213,0.01328925,0.1239872,17.48272,0.008974507,0.08577374,42957.63834298696,1.2618453312817328e-15,0.5787908439496068
GALAXY,0.5525227,0.000250575,23.94708,0.5020531,0.1498985,21.7418,0.1162712,0.1036991,123977.95025221778,7.49939320953217e-18,7.507781975008533
GALAXY,0.5115659,0.000215247,22.41151,0.1727331,0.08389895,20.70315,0.05562382,0.05804091,117261.04916879263,3.084992589905805e-17,3.701669599685867
GALAXY,0.6009639,0.000166053,21.67695,0.1501886,0.1129763,20.45641,0.07766255,0.0781565,131515.57233564288,6.068454851612047e-17,2.6392811273907317
GALAXY,0.4703485,0.00017832299999999998,21.576,0.14480510000000002,0.1225366,19.93241,0.05395417,0.08477028,110165.89484106418,6.659753046755144e-17,2.5193914564352937
GALAXY,0.1919447,4.07e-05,19.80589,0.01938697,0.167116,19.22776,0.018115,0.1156101,52105.03352522874,3.4001816966582845e-16,1.1149968803630712
GALAXY,0.08153279,8.37e-06,18.49984,0.01234316,0.3024751,17.65803,0.008565857,0.2092509,23449.51890785971,1.1321973269416052e-15,0.6110315740556994
GALAXY,0.1505059,5.31e-06,17.94043,0.008251085,0.1084444,17.21461,0.00636665,0.07502136,41758.18070569861,1.895335622639209e-15,0.4722605322901657
GALAXY,0.2119912,4.23e-05,18.48298,0.01327539,0.1242261,17.096610000000002,0.006701959,0.08593901,56939.60417909968,1.1499160222092597e-15,0.6063057015855611
GALAXY,0.251766,4.9700000000000015e-05,22.929,0.2432671,0.12229769999999998,19.46565,0.02685302,0.08460502,66210.82887870351,1.9153940112512673e-17,4.697812209410361
GALAXY,0.1934379,2.18e-05,18.29455,0.01087313,0.1469216,17.11286,0.006182993,0.1016397,52468.944116154904,1.3678488990267418e-15,0.5559114923290487
GALAXY,0.5531181,0.000103171,21.0745,0.08184347,0.2064557,19.94401,0.04259997,0.1428251,124073.22621810908,1.0569589612606904e-16,1.9998418491176708
GALAXY,0.5604489,0.00013306,21.31384,0.07198457,0.06527961,20.45748,0.05270315,0.04516013,125240.84761264072,8.478560533524115e-17,2.23287109791296
GALAXY,0.1363695,1.96e-05,17.09299,0.005280466,0.06713299,16.12244,0.003687185,0.04644229,38117.60539689253,4.1367771434461766e-15,0.3196639431302933
GALAXY,0.4477295,0.000134996,22.17552,0.1305508,0.215707,20.48503,0.04138291,0.1492251,106123.119183059,3.833982490905236e-17,3.320470699410288
GALAXY,0.03337455,1.99e-05,17.59188,0.006570193,0.03080554,16.685779999999998,0.004445557,0.02131113,9838.564812806711,2.6127997461812386e-15,0.4022274005360816
GALAXY,0.3049355,6.28e-05,20.2438,0.03541731,0.08095239,18.69208,0.01371882,0.05600249,77958.67559502224,2.2716327706503347e-16,1.3641296614836382
GALAXY,0.09104724,1.4499999999999997e-05,16.990660000000002,0.005036325,0.09724245,16.03554,0.003535084000000001,0.06727187,26057.398702000803,4.545630445693783e-15,0.3049493080683997
GALAXY,0.102419,1.96e-05,18.39747,0.006796394,0.05982747,17.6232,0.005526494,0.04138837,29139.529717580575,1.2441424980937167e-15,0.5828940903701273
GALAXY,0.06301888,6.46e-06,17.17134,0.004926253,0.05847886,16.74315,0.004736045,0.0404554,18298.400084861874,3.8487714754545465e-15,0.3314085070370612
GALAXY,0.3401856,7.11e-05,19.96657,0.03449704,0.12600450000000002,18.2486,0.01255215,0.0871693,85356.1129364327,2.9324466868881507e-16,1.2006312757256419
GALAXY,0.492541,9.91e-05,22.22155,0.1959147,0.1253767,20.66821,0.07649928,0.086735,114028.94697817504,3.6748373790427546e-17,3.3916080100468267
GALAXY,0.2227989,3.32e-05,19.26722,0.01886909,0.08792594,17.91086,0.008706323,0.06082676,59500.70214899562,5.584317793058896e-16,0.8700408665583714
GALAXY,0.2737603,4.13e-05,20.152520000000006,0.03241584,0.1007532,18.56585,0.01249803,0.06970056,71158.38777011569,2.4708713014835965e-16,1.3079756297664697
GALAXY,0.5257746999999999,0.000140781,22.16274,0.1176595,0.13799920000000002,20.68567,0.04927295,0.09546722,119628.09514783235,3.879378237832121e-17,3.300985770875615
GALAXY,0.08907653,1.52e-05,16.18714,0.003425738,0.05429989,15.24725,0.002664969,0.03756442,25519.41797635945,9.528008265064178e-15,0.21063166087842938
GALAXY,0.4665218,0.00012526,21.9902,0.1154973,0.1605332,20.32507,0.04005177,0.11105610000000002,109489.49544956515,4.547556726690187e-17,3.048847151110174
GALAXY,0.4579651,7.47e-05,20.97964,0.0698835,0.02609706,19.21637,0.02183966,0.01805382,107965.93570189776,1.1534589022140317e-16,1.9143601808861563
GALAXY,0.2287531,3.08e-05,22.13595,0.2611718,0.12709949999999998,19.44577,0.04769174,0.08792685,60898.22323484371,3.9762906795836334e-17,3.2605108690015947
GALAXY,0.1020639,3.92e-05,18.80309,0.01239051,0.214564,17.81954,0.008403528,0.1484344,29043.85754006512,8.562924704549628e-16,0.702608908973221
GALAXY,0.4044528,6.2e-05,20.63296,0.04831861,0.03175726,18.97081,0.01853632,0.02196952,98080.9681357429,1.5873552225668816e-16,1.6318778674170398
GALAXY,0.4316642,0.000144921,21.1578,0.0627071,0.05091157,19.39788,0.02300859,0.03522039,103185.47631405655,9.788995417523238e-17,2.078048370094963
GALAXY,0.1385836,3.32e-05,17.56321,0.005880612,0.04451552,16.41752,0.003976874,0.03079563,38691.57554945603,2.6827124527916913e-15,0.3969516872662972
GALAXY,0.2748407,6.19e-05,18.43704,0.00831705,0.05743641,17.59218,0.006085956,0.03973424,71398.19477513307,1.1996156564645046e-15,0.5936133402696145
GALAXY,0.4600269,0.000139398,22.58659,0.1982729,0.2060026,20.89769,0.06599217,0.1425116,108334.45658910323,2.6255610752244767e-17,4.012487128679372
GALAXY,0.09834608,1.87e-05,17.53099,0.0065015080000000005,0.1851572,16.4649,0.004196465999999999,0.12809089999999998,28039.979391386485,2.7635169025116603e-15,0.39110525588654
GALAXY,0.5152673,0.00014450299999999998,22.63851,0.2238774,0.18909360000000006,20.80825,0.05795933,0.13081410000000002,117881.48990124532,2.5029612450633345e-17,4.109582016758329
GALAXY,0.1520578,2.8000000000000006e-05,18.8387,0.01070276,0.216962,17.67486,0.006735745,0.1500933,42154.37858151651,8.286633382595715e-16,0.7142259942324958
GALAXY,0.496185,0.00034210400000000003,22.23333,0.157412,0.1839675,21.03984,0.08117978,0.1272679,114653.64718835987,3.6351817150709445e-17,3.4100571089743874
GALAXY,0.1502901,1.26e-05,18.705920000000006,0.01443602,0.1289134,17.78588,0.00982145,0.08918171,41703.03312475865,9.364619267933641e-16,0.6718613407491039
GALAXY,0.13082069999999998,8.06e-06,19.34712,0.01442712,0.4256217000000001,18.94322,0.01443441,0.2944431,36672.993144706124,5.188121344478714e-16,0.9026505524259487
GALAXY,0.03621683,8.25e-06,16.41251,0.005088416,0.1004765,15.64412,0.004325048,0.06950915,10661.044141467952,7.742017081843784e-15,0.23366714499926033
GALAXY,0.08219963,1.73e-05,17.43918,0.006413254,0.1350345,16.7578,0.00536926,0.09341627,23633.165354860583,3.0073648902044837e-15,0.3749139949707143
GALAXY,0.02542531,9.79e-06,14.7417,0.0023915060000000003,0.1236564,13.92739,0.002088914,0.08554491,7525.446838490373,3.6072656412154314e-14,0.10825193105748902
GALAXY,0.07092981,1.64e-05,16.91615,0.004209709,0.03570144,16.06425,0.003359986,0.02469809,20511.855710983233,4.868533079664268e-15,0.29466303130226634
GALAXY,0.360498,0.000101122,21.26704,0.0722582,0.07783491,19.40341,0.02263033,0.05384583,89482.24392130712,8.852014674342534e-17,2.185262696939683
GALAXY,0.7008083,0.000184645,23.25766,0.442461,0.03403378,21.12115,0.1081289,0.02354441,145766.36088775974,1.4151227901257338e-17,5.465471730127297
GALAXY,0.4649819000000001,0.00018867900000000005,21.866,0.1055223,0.02976978,20.54989,0.052102,0.0205946,109216.44301208013,5.098684335462643e-17,2.879357912414345
GALAXY,0.5655724,0.00021857,23.11665,0.3359523,0.08604278,21.29816,0.0958517,0.059524,126050.9416624299,1.6113805795702453e-17,5.12183581050058
GALAXY,0.5305065,0.000148804,21.78393,0.1171024,0.01518744,20.18952,0.04381878,0.0105066,120407.60864921221,5.49903045859355e-17,2.7725644620794796
GALAXY,0.6810575,0.000426217,24.41703,0.6582806999999999,0.08782745,21.85416,0.15101099999999998,0.06075862,143077.33123250733,4.864588683849917e-18,9.321840168396749
GALAXY,0.04621543,2.3800000000000006e-05,17.76531,0.006648416999999999,0.05213774,17.0017,0.005312341999999999,0.03606864,13535.205573579364,2.2270713202453088e-15,0.4356699965848006
GALAXY,0.5503232,2.62e-05,20.74387,0.05239281,0.04898306,19.82187,0.03283707,0.03388625,123625.4066243099,1.4332109750986005e-16,1.717392857136293
GALAXY,0.3629265,7.53e-05,21.16747,0.06240886,0.1319724,19.36969,0.01777558,0.09129786,89969.00645333662,9.702197817951051e-17,2.087322969697247
GALAXY,0.15005710000000005,1.11e-05,18.222,0.00800515,0.1111346,17.37199,0.005949019,0.07688241,41643.4752433055,1.462372882753246e-15,0.5376450507312148
GALAXY,0.5281111999999999,0.000227987,22.31401,0.1357463,0.03201488,20.70943,0.04726628,0.02214775,120013.55177559881,3.374847283629701e-17,3.539139263636569
GALAXY,0.5246781,0.000127039,22.27784,0.1286237,0.03075653,20.5721,0.04372411,0.02127722,119446.82078668123,3.4891699635405987e-17,3.480676429367666
GALAXY,0.05760247,7.46e-06,17.581570000000006,0.0061681,0.1285448,16.88849,0.005090926,0.08892667,16772.202674646243,2.637728702821638e-15,0.40032217931654857
GALAXY,0.09125953,2.04e-05,21.82006,0.07846776,0.15392809999999998,21.45713,0.07893796,0.1064867,26115.283382480677,5.31905064201131e-17,2.819081634479446
GALAXY,0.5391098000000001,0.00018956,22.00653,0.1303137,0.07213196,20.74397,0.06408371,0.04990055,121813.82482172754,4.4796710606238203e-17,3.0718616511452184
GALAXY,0.4476183,0.00015560200000000002,22.29753,0.15502670000000002,0.0996302,20.64016,0.0583631,0.06892371,106102.97629515667,3.4264636206831126e-17,3.512381267526319
GALAXY,0.6684224,0.000360425,22.9678,0.30144040000000005,0.1675946,20.90133,0.08037360000000003,0.1159412,141324.42801519536,1.8481538664627125e-17,4.782507417534142
GALAXY,0.1606656,4.31e-05,18.31861,0.01225829,0.11598310000000002,17.378529999999998,0.007993192,0.08023658,44339.55277499556,1.3378706464476855e-15,0.5621052638550561
GALAXY,0.5135911,0.000194155,21.827,0.1876728,0.09378773,19.76383,0.04220171,0.06488191,117600.85521421692,5.285159826837415e-17,2.828105798741274
GALAXY,0.3771677,9.13e-05,21.15262,0.07235282,0.16993329999999998,19.34175,0.0216929,0.1175591,92795.70143427495,9.835809873067084e-17,2.073097138975043
GALAXY,0.1207738,1.32e-05,18.15043,0.01028525,0.195544,17.36293,0.008179964,0.1352764,34034.77706681785,1.5620183273588611e-15,0.5202135406625721
GALAXY,0.07397862,1.41e-05,17.77007,0.008978017,0.07603303,17.270120000000002,0.008618723,0.052599300000000015,21359.95971647968,2.217328939334452e-15,0.4366260592879533
GALAXY,0.02411415,2.31e-05,15.64339,0.003299988,0.08583017,15.08182,0.003039536,0.05937691,7142.101547278923,1.5721794858439245e-14,0.16397349453805696
GALAXY,0.5060787,0.000204035,22.5885,0.1965009,0.3212842,21.05124,0.07868373,0.2222629,116336.26975676742,2.620946314067324e-17,4.01601801485787
GALAXY,0.3620324,0.000118696,21.42274,0.08652385,0.2944771,19.47103,0.02308747,0.2037179,89789.95665053405,7.669412998704741e-17,2.3477056886240906
GALAXY,0.09570225,3.65e-05,18.47079,0.01112579,0.1172225,17.44847,0.006733337,0.08109401,27323.63916381489,1.162899343123897e-15,0.6029116173817901
GALAXY,0.3862532,7.929999999999999e-05,21.06735,0.06480762,0.1779114,19.36981,0.02415416,0.12307830000000003,94574.48905191725,1.0639424209690342e-16,1.9932678055997977
GALAXY,0.477521,9.66e-05,22.22429,0.15847999999999998,0.1235871,20.35619,0.0455709,0.08549698,111425.49302626839,3.66557512937724e-17,3.395890298602883
GALAXY,0.4395607,0.000104372,20.83057,0.09635496,0.1361932,19.05785,0.02747526,0.09421781,104636.35873132583,1.3232141157941378e-16,1.7873501960086473
GALAXY,0.6068989,0.000180012,21.56995,0.137461,0.1975662,20.49936,0.07003712,0.1366754,132409.94877468055,6.696966480227033e-17,2.512381878774465
GALAXY,0.3397194000000001,0.000110452,20.04644,0.04141887,0.03130452,18.23656,0.01335179,0.02165632,85260.25416466701,2.7244705965344606e-16,1.2456144917855765
GALAXY,0.6168981,0.000199048,22.300320000000006,0.17408479999999998,0.03535027,20.80319,0.07189261,0.02445515,133902.78330766634,3.4176699919048257e-17,3.516897024588462
GALAXY,0.122247,1.88e-05,17.897129999999994,0.007340555,0.1601755,17.11289,0.00564766,0.1108087,34423.44646208353,1.972450554970546e-15,0.46293674347532154
GALAXY,0.1371964,2.64e-05,18.10129,0.008915365,0.1753593,17.16937,0.006200816,0.1213128,38332.130258098754,1.6343389279925845e-15,0.5085734126728234
GALAXY,0.3671177,0.000112908,21.93934,0.13029870000000002,0.15119029999999994,20.41177,0.04880915,0.1045928,90805.82232106221,4.7656497978745715e-17,2.9782671567345016
GALAXY,0.5254255999999999,0.000112791,22.06706,0.15208929999999998,0.2001963,20.565,0.059907,0.13849489999999998,119570.412302624,4.2367625560526535e-17,3.158694704203509
GALAXY,0.3075897,4.47e-05,20.06834,0.02991499,0.03713119,18.55031,0.01293172,0.02568719,78526.3326629268,2.6700667906535817e-16,1.2582404774546265
GALAXY,0.1108185,1.3699999999999998e-05,18.06711,0.006768538,0.0459194,17.07028,0.00501623,0.03176683,31391.83371582194,1.6866078805453776e-15,0.5006309006952886
GALAXY,0.3373429,7.170000000000001e-05,20.51705,0.03684224,0.04043896,18.81647,0.01488002,0.02797549,84770.7906577524,1.7661928618143848e-16,1.5470546385038533
GALAXY,0.5050694,0.000184248,22.29083,0.1493481,0.04822822,20.51047,0.04959511,0.03336406,116165.51592477891,3.447673456027079e-17,3.501560643392337
GALAXY,0.3794429,7.91e-05,20.50686,0.07368694,0.1104636,18.69337,0.0229195,0.07641818,93242.93258363628,1.7828472078197481e-16,1.5398118313957938
GALAXY,0.3506161,5.15e-05,20.06425,0.04172202,0.09524024,18.25095,0.013528299999999998,0.06588675,87487.17121951238,2.680143978866786e-16,1.2558727936209149
GALAXY,0.08308369,6.82e-06,18.13975,0.008210007,0.07854124,17.62792,0.0077746119999999985,0.05433447,23876.43188518275,1.5774591633081205e-15,0.5176612447376631
GALAXY,0.08019851,2.2e-05,17.56365,0.006648908,0.114473,16.64526,0.004735297,0.07919192,23081.667471762496,2.681625490483378e-15,0.39703212873916793
GALAXY,0.5213677999999999,0.000198357,21.42243,0.08637777,0.08234128,20.135,0.04355856,0.05696332,118898.18572932709,7.671603086376748e-17,2.3473705534351232
GALAXY,0.20923000000000005,3.85e-05,18.65569,0.01644629,0.114555,17.31454,0.008578381999999999,0.07924859,56280.20916835333,9.808037670429839e-16,0.6564983702239985
GALAXY,0.1701074,2.71e-05,18.83123,0.01104329,0.09739432,17.849529999999994,0.007611282,0.06737693,46712.41662336787,8.343843029012042e-16,0.7117732336814155
GALAXY,0.4914677,0.000118077,22.2219,0.1270298,0.04539796,20.71734,0.05023888,0.0314061,113844.43588162861,3.673652942354092e-17,3.3921547167281685
GALAXY,0.7062736999999999,0.00019839,22.08592,0.1477809,0.05170707,20.89162,0.07534572,0.03577071,146499.6410833999,4.1638025344669694e-17,3.1862485605646484
GALAXY,0.5153106,0.000213286,22.9297,0.5181978,0.167503,20.23647,0.07085527,0.1158778,117888.73197810707,1.9141595090952005e-17,4.699326849259175
GALAXY,0.5123977,0.000190079,22.52439,0.1897592,0.1826672,20.705920000000006,0.05623569,0.1263683,117400.7141599051,2.780366999672654e-17,3.8991833044395263
GALAXY,0.01746445,1.12e-05,21.31287,0.06111728,0.244759,20.76885,0.051629199999999986,0.1693231,5189.997843594142,8.486138689746574e-17,2.231873893769138
GALAXY,0.09299392,1.49e-05,17.52805,0.005937233,0.10778110000000002,16.57048,0.004209254,0.07456247,26587.70082856003,2.7710102050664434e-15,0.3905760889506186
GALAXY,0.5137295999999999,5.99e-05,21.99093,0.1337315,0.09326699,20.36593,0.04822858,0.06452167,117624.06434578836,4.544500182538627e-17,3.0498722769927302
GALAXY,0.124999,6.05e-06,18.20482,0.007262116,0.06789195,17.68216,0.00642299,0.04696734,35147.81846337136,1.4856965853730035e-15,0.5334081564384432
GALAXY,0.07910118,2.01e-05,17.68385,0.006149938000000001,0.1382371,16.764029999999998,0.004488939,0.0956318,22778.74824829188,2.400590732692532e-15,0.41962915286539226
GALAXY,0.5644568,0.000197133,21.59282,0.1410691,0.05422217,19.91542,0.0482505,0.03751064,125874.96581386706,6.557376579394689e-17,2.5389821771705523
GALAXY,0.4818666,0.000139151,21.53185,0.07227073,0.05607101,19.91903,0.02804589,0.03878966,112183.47568070427,6.936144388645321e-17,2.468684852475238
GALAXY,0.2637647,6.159999999999999e-05,20.85054,0.05828619,0.12704469999999998,19.43075,0.02364356,0.08788896,68925.47750532771,1.2990986312817028e-16,1.8038634222851506
GALAXY,0.1483178,1.14e-05,18.51633,0.009679871,0.1431204,17.7524,0.007216203000000002,0.09901004,41198.39980488628,1.115131606187954e-15,0.6156893654679022
GALAXY,0.4853195,0.000124007,22.42771,0.1911313,0.1272142,20.60969,0.05415441,0.08800618,112782.98415178359,3.039303884929454e-17,3.729388714563232
GALAXY,0.5298265999999999,0.000156999,22.41364,0.174104,0.17262239999999998,20.84188,0.06326572,0.1194194,120295.8695924538,3.078946376410335e-17,3.705302353416931
GALAXY,0.5470669,0.000119242,22.35775,0.1326931,0.07998088,20.55638,0.040779400000000014,0.0553304,123101.7966653817,3.241590308105564e-17,3.6111510289497373
GALAXY,0.1912298,6.45e-05,19.11289,0.03130092,0.2453286,18.35434,0.02144625,0.1697172,51930.5862766936,6.437275928532413e-16,0.810351895424276
GALAXY,0.09286553,2.59e-05,17.98545,0.00758959,0.1589471,17.01239,0.005259635,0.1099588,26552.759872192168,1.8183526976916498e-15,0.4821538647925947
GALAXY,0.4727513,0.000192374,21.91442,0.153622,0.2030357,19.96659,0.03902042,0.1404591,110589.05039135498,4.876296729770778e-17,2.944283683926441
GALAXY,0.340396,0.000160232,20.74564,0.05664873,0.3074932,18.77251,0.01591618,0.2127223,85399.3576744105,1.4308764146708858e-16,1.7187933007099596
GALAXY,0.09274556,2.47e-05,17.45249,0.007597469,0.13736679999999998,16.427120000000002,0.004939363,0.09502973,26520.106026402183,2.9707227712601905e-15,0.37721908064664345
GALAXY,0.5775615,0.000256533,23.93631,0.5777321,0.0631898,21.80074,0.1748779,0.04371442,127927.61814614412,7.574153897476796e-18,7.470637306656815
GALAXY,0.1572746,7.159999999999999e-05,20.34817,0.0246968,0.032743400000000006,19.24925,0.0143238,0.02265173,43481.21580182373,2.0634318282156237e-16,1.4312966416950026
GALAXY,0.10689189999999997,2.25e-05,18.07603,0.007631786,0.03590939,17.20042,0.00567412,0.02484195,30341.483626230383,1.6728081095001105e-15,0.5026916278615082
GALAXY,0.01320752,9.59e-06,18.26025,0.02149703,0.34035079999999995,17.82609,0.02898346,0.2354531,3933.3694495286472,1.4117510688040312e-15,0.5471994501049052
GALAXY,0.4677010999999999,0.000134018,21.39413,0.08453811,0.06948356,19.65174,0.02934081,0.0480684,109698.2716965464,7.874194266744959e-17,2.3169766243605503
GALAXY,0.4582542000000001,0.000110821,21.78325,0.08236546,0.03737183,20.29408,0.03424364,0.02585366,108017.66275699354,5.502475597403889e-17,2.771696365087969
GALAXY,0.4956729,0.000182556,22.3462,0.1138084,0.14553729999999998,20.70544,0.03744351,0.100682,114566.01866610591,3.276258232220569e-17,3.5919944112270064
GALAXY,0.3688483,9.26e-05,19.90692,0.03488882,0.05954495,18.36398,0.01485289,0.04119292,91150.15447592433,3.0980621453108845e-16,1.1680990003837126
GALAXY,0.5697209,0.000127809,22.4083,0.129323,0.1485305,20.88277,0.04488082,0.1027527,126703.3087180524,3.09412692617992e-17,3.6962016135015223
GALAXY,0.2126219,3.9299999999999986e-05,19.59427,0.01731851,0.06932572,18.18812,0.008925064,0.04795921,57089.929483499625,4.131903073020605e-16,1.0114621887388544
GALAXY,0.377239,1.83e-05,21.90668,0.06625367,0.1249619,21.84725,0.0814015,0.08644804,92809.7348869444,4.9111830919774334e-17,2.933807755387867
GALAXY,0.5717952,0.000216768,22.80893,0.158156,0.0428634,20.89244,0.05064958,0.0296527,127028.30891743446,2.139371102091492e-17,4.445101194219941
GALAXY,0.065256,2.3800000000000006e-05,17.597279999999994,0.007390368,0.12696459999999998,16.76153,0.005574266,0.08783351,18926.21997407514,2.5998370299874072e-15,0.403228901123524
GALAXY,0.09623525,2.24e-05,18.19364,0.007915643,0.2634558,17.15023,0.005576667,0.1822575,27468.21901881327,1.5010740780006313e-15,0.5306689193713496
GALAXY,0.111881,3.18e-05,18.39229,0.009227331,0.04402529,17.41084,0.006074726,0.03045649,31675.277643308098,1.2500924297448192e-15,0.5815052664132884
GALAXY,0.4811614000000001,0.000160724,21.79712,0.09326554,0.02608015,20.23389,0.03609578,0.01804213,112060.73496414344,5.432629970555871e-17,2.78945687931778
GALAXY,0.28079740000000003,4.73e-05,20.6185,0.04058662,0.08841026,18.9476,0.01556157,0.06116181,72714.97605707264,1.6086372651512378e-16,1.6210471697722855
GALAXY,0.4385332,0.000123332,21.505470000000006,0.07690427,0.04645982,19.73081,0.0272822,0.03214069,104448.33244196457,7.106735060219896e-17,2.4388756196932375
GALAXY,0.5485566,0.000161984,21.78541,0.14408929999999998,0.08529934,20.31488,0.0597944,0.05900969,123341.5880934427,5.4915396697628844e-17,2.774454789614553
GALAXY,0.3180538,2.35e-05,22.4698,0.10843,0.05217277,21.13653,0.04983918,0.03609288,80747.26637629008,2.923735797727489e-17,3.802381184727226
GALAXY,0.4268197,7.18e-05,20.46416,0.05698681,0.09131449,18.91765,0.01970541,0.06317094,102288.64983605633,1.854360318338589e-16,1.5098286157176672
GALAXY,0.04769291,8.42e-06,17.891289999999994,0.00714417,0.1113898,17.305529999999994,0.006268246999999999,0.07705895,13957.38842554862,1.9830886331070836e-15,0.461693385127172
GALAXY,0.4620145000000001,0.000183428,22.35148,0.12750699999999998,0.1318203,20.7675,0.04908089,0.09119264,108688.86744992537,3.2603642707562604e-17,3.600739080041609
GALAXY,0.5903451999999999,0.000245543,22.41661,0.1543225,0.02583957,20.81453,0.05861722,0.01787569,129899.76832751893,3.070535516685112e-17,3.710373694487678
GALAXY,0.1080896,6.84e-06,18.05621,0.006874409000000001,0.07994708,17.284329999999994,0.005358987,0.05530702,30662.339146612063,1.7036254733219507e-15,0.4981242126459185
GALAXY,0.6127971999999999,0.000144919,21.16454,0.1238946,0.1480704,19.48202,0.04421471,0.1024344,133292.6522694478,9.728415817844819e-17,2.0845084130758025
GALAXY,0.07298554,1.02e-05,17.39886,0.005492686,0.1026427,16.71885,0.004563538,0.07100774,21084.010994387736,3.121146293003359e-15,0.3680168064148807
GALAXY,0.5574311,0.000134321,22.57816,0.1835121,0.09726232,21.01889,0.06482951,0.06728562,124761.40335508324,2.6460261092355952e-17,3.9969402151167626
GALAXY,0.214919,2.79e-05,19.03999,0.01464126,0.03133629,17.76614,0.007864560999999999,0.0216783,57636.52388103767,6.884337056657929e-16,0.7835986015843278
GALAXY,0.5808272,0.000133662,22.0532,0.1544928,0.04390394,20.4569,0.05588129,0.03037254,128434.23909271722,4.2911937655006835e-17,3.1385977008894717
GALAXY,0.3811866,7.03e-05,21.06295,0.04757672,0.09211412,19.36375,0.01743643,0.06372412,93584.87896989034,1.068262849037645e-16,1.989232986319529
GALAXY,0.1570185,2.53e-05,18.4529,0.0124428,0.1649703,17.514210000000002,0.008806528000000001,0.1141257,43416.25930427213,1.1822195182520057e-15,0.5979648452502458
GALAXY,0.6524986999999999,0.000178522,21.47688,0.08095668,0.08473489,20.50042,0.05191651,0.0586192,139078.231089999,7.296357839584863e-17,2.4069754033176323
GALAXY,0.3762479,7.51e-06,21.60969,0.04950444,0.06482898,21.59444,0.08087144,0.04484839,92614.55848204833,6.45627655589578e-17,2.558784152331616
GALAXY,0.355035,4.11e-05,20.37166,0.05197705,0.08507358,18.78403,0.02029637,0.05885351,88382.16948873612,2.0192687545222505e-16,1.4468638046276416
GALAXY,0.4868590999999999,0.000113992,21.42209,0.09515778,0.1078231,19.83987,0.03422477,0.07459149999999999,113049.51036240137,7.674005837140888e-17,2.3470030408174716
GALAXY,0.1765929,2.59e-05,18.41019,0.01063442,0.09475777,17.303320000000006,0.006519798,0.06555299,48327.83561796393,1.2296517301981625e-15,0.586318573798093
GALAXY,0.1341446,3.3799999999999995e-05,18.18975,0.009537415,0.2464605,17.06012,0.005888207,0.17050020000000002,37539.4208030233,1.5064618057108342e-15,0.5297191241153827
GALAXY,0.5064141,5.03e-05,20.87397,0.04858616,0.181107,19.74023,0.02838499,0.125289,116392.96790393583,1.271364630674981e-16,1.8234323366152487
GALAXY,0.4349547,0.000111381,21.73241,0.12818110000000002,0.11383039999999997,20.33634,0.05759168,0.07874732,103791.70687792073,5.766258730974295e-17,2.7075572745341407
GALAXY,0.4586081,0.000161895,22.47239,0.1978455,0.09540853,20.57454,0.05706264,0.06600318,108080.96009989461,2.9167696020043733e-17,3.806919139116147
GALAXY,0.1577695,1.89e-05,18.43848,0.009325114,0.06955234,17.64024,0.007493947,0.04811599,43606.68833942855,1.1980256740200238e-15,0.5940071222481157
GALAXY,0.3824197,7.65e-05,21.24275,0.06379763,0.143494,19.42011,0.02030797,0.09926848,93826.2717764601,9.052283050714794e-17,2.1609546472375323
GALAXY,0.1431989,3.2899999999999987e-05,17.97201,0.009187487,0.03482027,16.85284,0.005758121999999999,0.0240885,39883.51186048052,1.8410014272888853e-15,0.47917886254229236
GALAXY,0.7567838000000001,0.000316686,23.32416,0.3553445,0.08168572,21.74335,0.1347627,0.05650980000000001,153061.55642780152,1.3310492504635783e-17,5.635437690611148
GALAXY,0.11040139999999997,6.5000000000000004e-06,18.01592,0.008024699,0.052622900000000014,17.4915,0.007452431999999998,0.03640428,31280.473967136197,1.7680320165439318e-15,0.48896711524622943
GALAXY,0.6146981,0.000115474,22.61472,0.1665289,0.04675321,20.95938,0.05995086,0.03234365,133575.8321431577,2.5584098897255506e-17,4.064804402510111
GALAXY,0.584767,0.000164755,23.30012,0.273445,0.07677098,21.36179,0.07625538,0.05310981,129042.85508606849,1.3608495850334374e-17,5.573392800769394
GALAXY,0.4830335,0.0001512,21.83159,0.1075931,0.04075848,20.26187,0.0459276,0.02819653,112386.35153961473,5.262863731426298e-17,2.834090095240418
GALAXY,0.5353300999999999,0.000148502,21.89806,0.1399276,0.08979833,20.56049,0.06545619,0.06212207,121197.78468484657,4.9503297067078517e-17,2.9221846309444177
GALAXY,0.05678672,1.13e-05,17.669710000000006,0.009211849,0.14628770000000002,17.20723,0.009348507,0.1012012,16541.59164283517,2.4320591052997274e-15,0.4169055266016499
GALAXY,0.5536711,0.000307959,22.17731,0.138846,0.1044614,20.77611,0.06644885,0.07226589,124161.65755609798,3.827666799734674e-17,3.3232089764186026
GALAXY,0.2381691,3.65e-05,19.25412,0.01559544,0.06899184,17.85864,0.008269993,0.04772824,63088.91678097805,5.652103750590825e-16,0.8648079080548077
GALAXY,0.5742991999999999,0.000114771,21.477970000000006,0.06630153,0.05785118,20.47758,0.04281836,0.04002118,127419.58016357599,7.289036503872997e-17,2.408183920526921
GALAXY,0.05519782,1.6899999999999994e-05,17.23058,0.005715434,0.15323520000000002,16.35446,0.00426967,0.1060074,16091.84480075974,3.64440073205668e-15,0.3405741271720438
GALAXY,0.1021389,2.87e-05,18.31295,0.01024136,0.0842453,17.36441,0.006554936,0.05828051,29064.067345688334,1.344863247129121e-15,0.560642029495119
GALAXY,0.08433171,1.86e-05,17.44835,0.007160073,0.1305736,16.455470000000002,0.004842906,0.09033023,24219.457532630353,2.982072001575729e-15,0.3765005823489137
GALAXY,0.1714443,3.09e-05,16.92363,0.007820339,0.2062003,15.62906,0.004251228,0.14264839999999998,47046.376509105095,4.835107398832183e-15,0.2956797976158995
GALAXY,0.1156432,1.29e-05,18.62267,0.0171583,0.460837,17.69323,0.01205127,0.3188049000000001,32676.28768578289,1.0110907219579897e-15,0.6465909954928876
GALAXY,0.5259265999999999,0.000150393,21.910020000000006,0.1356598,0.1089767,20.47016,0.05495248,0.07538955,119653.18663426343,4.89609826117597e-17,2.9383237960774085
GALAXY,0.4913834,0.000108581,21.58039,0.1036733,0.1380067,19.83944,0.03175602,0.0954724,113829.93396360165,6.632879770212686e-17,2.5244899858692853
GALAXY,0.17649779999999998,4.74e-05,19.01833,0.01546852,0.3888653,17.70496,0.008045175,0.2690152,48304.2328446102,7.02305590011633e-16,0.7758212167413652
GALAXY,0.04490295,1.86e-05,18.25809,0.01118467,0.04747927,17.72776,0.01011598,0.03284594,13159.625061749626,1.414562449302746e-15,0.5466554122673645
GALAXY,0.7549315999999999,0.000273883,22.25592,0.2402167,0.05090997,20.71473,0.09838403,0.03521928,152827.62341742704,3.560328946247602e-17,3.445717370668786
GALAXY,0.12650319999999998,3.13e-05,17.92437,0.009028794,0.1247393,16.71529,0.005015312,0.08629408,35542.82542993836,1.9235794342107964e-15,0.46878062344917854
GALAXY,0.5034166,0.000128399,21.55386,0.115891,0.1073886,20.19159,0.05214526,0.07429093,115885.45516084721,6.796950783217208e-17,2.493834635250465
GALAXY,0.09241592,8.8e-06,17.96728,0.007033129,0.2016125,17.42505,0.006264842,0.1394746,26430.361755456273,1.8490392290233806e-15,0.47813622931006045
GALAXY,0.6225199,0.000176973,22.73335,0.1867336,0.08017471,20.96158,0.05597115,0.0554645,134734.44681804144,2.2936023515382888e-17,4.293047090400073
GALAXY,0.1277398,2.31e-05,17.76575,0.006399892,0.06385391,16.71896,0.004483817,0.04417384,35867.07158248586,2.226168971363094e-15,0.4357582842463367
GALAXY,0.8774999,0.000485914,23.06152,0.7153645000000001,0.0803762,21.15287,0.1970516,0.05560388,167287.67620979933,1.6953139092110756e-17,4.993437889172496
GALAXY,0.3809009,7.269999999999999e-05,20.7208,0.05231716,0.103603,18.99054,0.01663212,0.07167208,93528.90010311578,1.4639900505086477e-16,1.6992436367780042
GALAXY,0.5161265,0.000136079,21.906270000000006,0.1105888,0.1368395,20.36655,0.04140666,0.09466494,118025.12502333439,4.9130380225726375e-17,2.9332538696353834
GALAXY,0.1041953,1.88e-05,17.67934,0.008106903,0.0405896,16.79231,0.005782475,0.028079700000000003,29617.553805890093,2.4105831982351174e-15,0.41875851619239807
GALAXY,0.5753655,0.000151686,21.88889,0.10168889999999997,0.02503714,20.45541,0.04392369,0.01732058,127585.84935322653,4.9923166667414176e-17,2.9098704368379975
GALAXY,0.4177217,0.000157617,22.40398,0.1494895,0.09361388,20.62754,0.04060394,0.06476165,100590.49778321851,3.1064625704963304e-17,3.6888555757633954
GALAXY,0.06325883,1.29e-05,18.24668,0.008125606,0.04443081,17.69792,0.007175231999999998,0.03073703,18365.810110393013,1.4295064695778066e-15,0.5437905451631024
GALAXY,0.5195531,0.000114034,22.15547,0.1332337,0.04156591,20.68684,0.05451378,0.0287551,118596.51543400054,3.90544139526791e-17,3.289952686223874
GALAXY,0.4732669,8.31e-05,21.58691,0.1457299,0.1285315,19.88437,0.04603071,0.08891747,110679.6961372019,6.593167743356456e-17,2.532081337275223
GALAXY,0.5887272,0.000233539,22.56413,0.1881937,0.1151276,20.79837,0.06118846,0.07964472,129651.79152317897,2.6804402156966515e-17,3.9711990166489683
GALAXY,0.1073928,1.15e-05,17.05087,0.005157914,0.07599314,16.43075,0.0046512540000000005,0.0525717,30475.72206513671,4.3004125955677585e-15,0.3135231777100349
GALAXY,0.14128949999999998,2.07e-05,18.29194,0.009351132,0.04540589,17.51652,0.007130174,0.03141159,39391.13277745109,1.3711410247877077e-15,0.5552437162310224
GALAXY,0.6960284000000001,6.97e-05,20.88108,0.104702,0.1474618,20.31854,0.08414368,0.1020134,145121.2318047337,1.2630662341702486e-16,1.829412542436179
GALAXY,0.1322725,2.25e-05,17.32435,0.006109412,0.1685728,16.23316,0.004044117,0.11661789999999997,37051.81825938895,3.342859512117496e-15,0.3556031933152147
GALAXY,0.31777940000000005,4.49e-05,20.04885,0.02911186,0.11426669999999997,18.47376,0.01257812,0.07904916,80689.37237715529,2.718429817680903e-16,1.246997699497097
GALAXY,0.04063483,7.84e-06,17.0727,0.005443071,0.14902079999999998,16.74875,0.00510786,0.1030919,11934.704706068122,4.21481119780586e-15,0.31669094960370986
GALAXY,9.96e-05,2.11e-05,18.79436,0.009489463,0.2135235,18.12476,0.007624594,0.1477145,29.857841822229563,8.632053536507858e-16,0.6997898713450165
GALAXY,0.2261859,3.21e-05,19.83296,0.02591414,0.3288994,18.31356,0.01099183,0.2275311,60296.83773073328,3.3164551247999404e-16,1.128983649436254
GALAXY,0.04695329,7.66e-06,16.87407,0.0054759280000000006,0.28875500000000004,16.03657,0.004207934,0.1997593,13746.126847323185,5.060927608472684e-15,0.2890078587187887
GALAXY,0.2182914,1.9e-05,19.91105,0.0337937,0.3114444000000001,19.11807,0.02843213,0.2154558,58436.397495084675,3.0862999030873516e-16,1.1703227631471225
GALAXY,0.3247663,6.48e-05,21.29537,0.07051767,0.06677945,19.83544,0.03107889,0.04619771,82157.7339767782,8.624027350974424e-17,2.2139593991626993
GALAXY,0.5796753000000001,0.000164302,22.82413,0.25857420000000003,0.09924725,21.05008,0.08029615,0.06865879,128255.76211716204,2.1096291862934754e-17,4.476325429533402
GALAXY,0.2213701,2.08e-05,19.78909,0.02655537,0.10537910000000003,18.99024,0.02108676,0.07290081,59163.92860883753,3.453203124572584e-16,1.106403783614158
GALAXY,0.07190952,1.67e-05,16.84017,0.004370548,0.02366189,15.988370000000002,0.003404203,0.01636918,20784.686590983674,5.22143799638219e-15,0.2845310406558718
GALAXY,0.2062601,1.9e-05,18.57064,0.009367377,0.04659468,17.74329,0.007067107,0.03223399,55568.65956218672,1.0607233402314599e-15,0.6312823575654521
GALAXY,0.339885,9.8e-05,22.06303,0.09209176,0.04150528,20.21208,0.02948316,0.02871316,85294.31037789414,4.2525176537536716e-17,3.152837970940686
GALAXY,0.05330928,1.21e-05,18.00754,0.01042484,0.07718639999999999,17.526020000000006,0.01230331,0.05339719,15556.306982506772,1.7817309545988552e-15,0.4870837626947102
GALAXY,0.8536226999999998,3.12e-05,21.65629,0.05916755,0.03458232,21.5661,0.07306962,0.02392389,164626.51585159506,6.185034482132713e-17,2.6142893414807546
GALAXY,0.09824158,1.76e-05,16.464979999999994,0.003870515,0.08680524,15.47595,0.002957753,0.06005146,28011.70414850371,7.376768002202901e-15,0.23938208882881407
GALAXY,0.02602734,5.93e-06,16.35974,0.003636804,0.06589354,15.91317,0.003358751,0.04558485,7701.290676725904,8.127596323526965e-15,0.2280571287737251
GALAXY,0.7934960999999999,0.000321954,24.13817,0.9330184,0.0606384,22.25118,0.2827022,0.04194936,157597.1116408926,6.289123530657334e-18,8.198410355262425
GALAXY,0.14083320000000002,2.45e-05,18.18872,0.01241952,0.5017273,17.39467,0.008780885,0.34709270000000003,39273.31207793384,1.5078916114837559e-15,0.529467920685187
GALAXY,0.04252624,7.8e-06,16.316470000000002,0.004177141,0.09060043,15.9414,0.00351413,0.06267696,12478.19644649061,8.458047605324067e-15,0.22355770999031613
GALAXY,0.0481413,1.21e-05,17.19902,0.004657931,0.02668985,16.3857,0.003680745,0.01846391,14085.38508894712,3.751890243595904e-15,0.33566004795069304
GALAXY,0.1940525,4.1e-05,18.6144,0.0129984,0.04367016,17.25646,0.006569445,0.03021081,52618.550980973254,1.0188215562544024e-15,0.6441331526586053
GALAXY,0.5588451999999999,0.000167099,21.52201,0.1269615,0.05163345,20.15916,0.05791297,0.03571979,124986.2763358211,6.999292212662557e-17,2.457523346228475
GALAXY,0.1507105,2.1e-05,21.92867,0.08509927,0.03714237,21.61085,0.1008342,0.02569492,41810.45391988265,4.812714788042593e-17,2.9636686917342834
GALAXY,0.11773419999999997,4.650000000000001e-05,21.8185,0.06653263,0.08051922,21.54975,0.06980863,0.05570282,33230.866409183676,5.326698616682172e-17,2.8170571150721084
GALAXY,0.1381343,2.23e-05,18.32487,0.01009539,0.20946170000000006,17.35825,0.00701751,0.1449046,38575.2151716108,1.330179116417722e-15,0.5637280594503473
GALAXY,0.3000608,6.01e-05,20.47858,0.03784855,0.0439809,18.79527,0.01509561,0.03042578,76911.53526400619,1.8298948092286383e-16,1.5198882315335263
GALAXY,0.4991193,0.00016046,23.18603,0.241105,0.215295,21.27636,0.0726908,0.14894010000000002,115154.73365523896,1.511632167788171e-17,5.288124268004387
GALAXY,0.3054338,5.98e-05,21.33707,0.06099841,0.15512320000000002,19.4845,0.02045531,0.1073135,78065.38152538882,8.299083328099145e-17,2.2568861546684857
GALAXY,0.5064287999999999,0.000165634,22.6741,0.1682852,0.1907585,21.03809,0.06310865,0.1319659,116395.45237239251,2.4222453184452682e-17,4.177492244292099
GALAXY,0.5549569999999999,0.00021129,22.50257,0.17015170000000002,0.1182081,20.93063,0.07120723,0.08177584,124367.06605192949,2.836809190151951e-17,3.860198630156459
GALAXY,0.4784262,0.000184132,21.13919,0.08499855,0.1026325,19.365820000000006,0.02884069,0.07100067,111583.70344506792,9.958229368903406e-17,2.0603151322565703
GALAXY,0.3583107,0.000120314,20.59119,0.04519955,0.2062284,18.81072,0.01496899,0.14266779999999998,89042.63764538286,1.6496132078986082e-16,1.6007873816569236
GALAXY,0.8511843000000001,0.000106681,22.22998,0.1177606,0.1396195,21.02476,0.06529209999999999,0.0965881,164350.68696935812,3.646415258911383e-17,3.40480036062816
GALAXY,0.6545399000000001,0.000166948,22.75402,0.258301,0.08730312,20.86743,0.07380866,0.06039589,139368.49810104174,2.250350287198926e-17,4.334107232959784
GALAXY,0.5544695,0.00015621,21.97752,0.1927127,0.07154159,20.19448,0.05583637,0.04949214,124289.22982390264,4.600977666842076e-17,3.0310957267099576
GALAXY,0.6156498,0.000203795,22.66053,0.3421868,0.08959612,20.57369,0.08155604,0.06198218,133717.37163007542,2.4527095676686124e-17,4.151467594681851
GALAXY,0.4312452,0.000110509,20.95162,0.08690869,0.02496011,19.20781,0.02892958,0.01726729,103108.11218148761,1.1836140865873933e-16,1.8898165686679902
GALAXY,0.2304574,4.54e-05,19.33676,0.02155986,0.1363676,17.8606,0.009851174,0.09433851,61296.493381530716,5.237862882336122e-16,0.8983543028335363
GALAXY,0.411797,8.909999999999997e-05,21.03749,0.07024485,0.07900327,19.23502,0.02385204,0.0546541,99474.8141929775,1.0936091247605169e-16,1.966045897609508
GALAXY,0.6066041999999999,0.000177485,21.10442,0.08206172,0.05172262,20.31905,0.05983147,0.03578147,132365.6855408598,1.0282296551822344e-16,2.027587720024925
GALAXY,0.05178009,1.57e-05,16.85162,0.0045407,0.02247425,16.04374,0.003655249,0.01554758,15121.893630808863,5.166662880578763e-15,0.2860353124988564
GALAXY,0.2457557,2.7300000000000006e-05,21.13895,0.04778273,0.0577268,22.5017,0.2459345,0.03993513,64836.85266158493,9.96043086058003e-17,2.0600874303963748
GALAXY,0.5129165,8.06e-05,21.83299,0.1244295,0.1436254,20.86948,0.08184603,0.09935941,117487.75494565663,5.2560819174813065e-17,2.8359178897979964
GALAXY,0.1788105,0.000123265,21.55816,0.06447394,0.2511969,20.33252,0.03624443,0.17377679999999998,48877.504625450296,6.770085059474014e-17,2.4987778771479823
GALAXY,0.5191840999999999,0.000229194,21.42685,0.09984194,0.04670912,20.05929,0.04984471,0.03231316,118535.09499220335,7.64043570074783e-17,2.3521534576217165
GALAXY,0.4925422,9.63e-05,21.84402,0.1421242,0.08852395,20.03343,0.04193866,0.06124046,114029.15313956203,5.202955664594184e-17,2.8503595896948153
GALAXY,0.28582440000000003,5.5e-05,20.33997,0.03952356,0.08701497,18.82051,0.01630267,0.06019656,73819.18487568258,2.0790748514294827e-16,1.4259019150061327
GALAXY,0.4634328,9.68e-05,22.009120000000006,0.1261661,0.1218285,20.16548,0.03783504,0.08428037,108941.25819441472,4.4689976388298167e-17,3.075527766504172
GALAXY,0.4656758,0.000183937,22.18807,0.1490244,0.07681372,20.69603,0.06105665,0.05313937,109339.54558911604,3.789920719926991e-17,3.339716884891221
GALAXY,0.32564040000000005,5.91e-05,20.86458,0.05266301,0.1064918,19.07452,0.01775765,0.07367051,82340.59210503614,1.282407724218413e-16,1.8155643743698384
GALAXY,0.5303730999999999,0.000128878,21.54057,0.1085459,0.07367691,20.30929,0.05787374,0.05096935,120385.69190919229,6.880660427695896e-17,2.4786183025503012
GALAXY,0.5514243000000001,0.000140169,22.75116,0.2403764,0.1683411,20.80124,0.06372254,0.1164576,123802.00889764178,2.2562858781479947e-17,4.32840263028583
GALAXY,0.06059408,2.22e-05,18.19047,0.008449119,0.3882308,17.23251,0.00576902,0.26857620000000004,17616.23381532725,1.505463135007789e-15,0.5298947934009518
GALAXY,0.6054295999999999,0.000141071,22.46803,0.1862932,0.1637263,20.78873,0.05647016,0.1132651,132189.1114430787,2.928506047502022e-17,3.7992830691524313
GALAXY,0.5040908,0.00011492,21.76865,0.1023273,0.2701875,20.02774,0.03280486,0.1869145,115999.76175104763,5.576967648611077e-17,2.7531232388543243
GALAXY,0.1800246,2.75e-05,18.3081,0.012437299999999998,0.08872639,17.39184,0.008966676,0.06138051,49177.859200806684,1.3508842093877755e-15,0.5593912286514175
GALAXY,0.4224972,6.620000000000001e-05,20.44444,0.0458663,0.05942279,18.58704,0.01421494,0.04110841,101484.12120636638,1.888348402526578e-16,1.4961793358216942
GALAXY,0.399232,3.7e-05,20.91994,0.04552386,0.08505111,19.5986,0.02167299,0.05883797,97082.76091568725,1.2186587896256974e-16,1.86244583989455
GALAXY,0.1458811,2.9600000000000005e-05,18.33028,0.01265276,0.140801,17.42089,0.008136987,0.09740546,40573.417282138886,1.3235675933182954e-15,0.5651342808868949
GALAXY,0.006295866999999999,1.0800000000000003e-05,21.93074,0.09329624,0.1723401,22.10649,0.1508547,0.119224,1881.511982264542,4.803547893895173e-17,2.9664952158718685
GALAXY,0.6024510999999999,0.000275941,22.3323,0.1837658,0.04857407,20.8717,0.0781154,0.03360332,131740.27101374365,3.3184717525889945e-17,3.5690748194361857
GALAXY,0.02116582,7.82e-06,16.63044,0.004315505999999999,0.1870407,16.09054,0.004079093,0.12939389999999998,6278.21562835637,6.334059303597476e-15,0.258335239482529
GALAXY,0.13735899999999998,3.07e-05,17.78458,0.007328721,0.09833995,16.65261,0.004550546,0.06803112,38374.29096929649,2.1878932338106233e-15,0.4395534086568761
GALAXY,0.539461,0.00019655,21.80004,0.1347357,0.1598674,20.1869,0.05077926,0.1105955,121870.9265600804,5.418038979623525e-17,2.7932104121656494
GALAXY,0.3952214000000001,8.82e-05,21.19872,0.06300721,0.07244851,19.40579,0.02130815,0.05011955,96311.76290082587,9.426926591651664e-17,2.1175791504496586
GALAXY,0.2339615,3.55e-05,19.32816,0.01800315,0.02958754,17.917279999999995,0.008246678,0.02046852,62112.91250184097,5.27951618018152e-16,0.8948034549175777
GALAXY,0.1514504,1.4499999999999997e-05,17.61358,0.008323101,0.01432489,16.85446,0.006275748,0.00990989,41999.39162969615,2.5610975766378257e-15,0.4062670983341075
GALAXY,0.3045518,6.05e-05,20.47559,0.04168943,0.06155929,18.89862,0.01630767,0.04258643,77876.46788156994,1.8349410867478132e-16,1.517796867864266
GALAXY,0.06719522,2.18e-05,18.04876,0.007466538000000002,0.0906396,17.31431,0.005821568,0.06270406,19469.2378156158,1.715355444094041e-15,0.49641815059652494
GALAXY,0.6025064,0.000201633,23.12142,0.2821597,0.0539314,20.97033,0.06745620000000001,0.03730949,131748.61864913444,1.6043167773071423e-17,5.133099140357228
GALAXY,0.1095676,3.14e-05,18.32259,0.008429584,0.03802076,17.30251,0.005609689,0.02630259,31057.70966245656,1.3329753711496151e-15,0.5631364675714202
GALAXY,0.09145331,8.76e-06,18.03769,0.006362016999999999,0.06740699,17.45362,0.005453241,0.04663185,26168.10943690557,1.7329344093283515e-15,0.49389388860646166
GALAXY,0.1645858,2.7e-05,18.19097,0.007502181,0.06111507,17.08202,0.004848752,0.04227912,45327.80035288696,1.5047700032249872e-15,0.5300168202344847
GALAXY,0.07079531,7.16e-06,18.07597,0.007288958000000002,0.06822945,17.57559,0.00660876,0.04720082,20474.37782056787,1.6729005548468382e-15,0.5026777381704183
GALAXY,0.004881246,5.31e-06,16.68071,0.005245134,0.1552666,16.38356,0.006232301,0.1074127,1459.789266913274,6.047475606012675e-15,0.2643855117654454
GALAXY,0.3933046,5.98e-05,20.88205,0.04893422,0.1449349,19.14288,0.01641842,0.1002653,95941.98944950386,1.2619383109071827e-16,1.830229926327425
GALAXY,0.6555246,0.000230816,21.61651,0.16738440000000002,0.4895588,20.6887,0.09933547,0.3386745,139508.27956467442,6.41584886896652e-17,2.5668332257692095
GALAXY,0.08476103,1.6899999999999994e-05,18.33083,0.008608935,0.09003448,17.24075,0.005446509,0.06228544,24337.352708259903,1.3228972851690162e-15,0.5652774386907232
GALAXY,0.1419516,4.13e-05,18.4679,0.01754909,0.443892,17.50047,0.01145309,0.30708240000000003,39561.98711167039,1.165998858364765e-15,0.602109739542541
GALAXY,0.6475525,0.00024207,22.1174,0.2069417,0.0993039,20.69004,0.08613733,0.06869798,138371.98739261375,4.044809992807558e-17,3.2327762904301998
GALAXY,0.5282456999999999,0.000117765,22.93509,0.229997,0.1743988,21.07818,0.06288204,0.1206483,120035.70819581358,1.904680454679785e-17,4.71100594485707
GALAXY,0.5046678,0.000159255,22.26615,0.182288,0.2424662,20.37474,0.05010195,0.167737,116097.51650911028,3.526940435723399e-17,3.4619887500810442
GALAXY,0.04087796,9.51e-06,17.76662,0.01024523,0.275437,17.32431,0.01014219,0.190546,12004.627261568305,2.2243858575289147e-15,0.43593290569715065
GALAXY,0.6980579,0.000198868,21.86572,0.1586707,0.1679827,20.82133,0.09398705,0.1162096,145395.58452330352,5.0999994023353694e-17,2.878986658220532
GALAXY,0.07293427,1.18e-05,17.407239999999998,0.006037164,0.157866,16.44722,0.004323073,0.109211,21069.756606199102,3.097149185237002e-15,0.36943977602390277
GALAXY,0.1788543,9.28e-06,18.87188,0.01585926,0.1105309,18.25909,0.0134915,0.07646475,48888.347384127606,8.03722497678343e-16,0.7252231390263831
GALAXY,0.5852246,0.000162709,21.939020000000006,0.12909669999999998,0.13320910000000002,20.20701,0.04448704,0.09215344,129113.36228542004,4.767054589097515e-17,2.977828295404078
GALAXY,0.0219618,2.13e-05,17.12912,0.004844526,0.09055571,16.42493,0.00409071,0.06264602,6511.701012827088,4.0013830231325625e-15,0.3250271593714379
GALAXY,0.1933105,7.55e-05,20.89784,0.03702844,0.06303141,19.63983,0.02173692,0.04360484,52437.91919678535,1.2437185882208626e-16,1.8435870646513903
GALAXY,0.4058897,0.00015453,22.12993,0.12268139999999997,0.05281405,20.73355,0.05271161,0.03653651,98354.62526999236,3.9983989543169295e-17,3.2514842322298194
GALAXY,0.5767478,0.000166459,22.71224,0.27531700000000003,0.04374007,20.55615,0.0571028,0.03025918,127801.08287490973,2.3386332776927923e-17,4.251514379398525
GALAXY,0.07603774,1.31e-05,15.75906,0.002989966,0.06498712,15.026320000000002,0.002640413,0.04495779,21931.20238721592,1.4132992393059316e-14,0.17294485727854375
GALAXY,0.123596,1.95e-05,17.71068,0.006881605,0.1373344,16.62414,0.004475874,0.09500729,34778.79874464118,2.3419958717487616e-15,0.42484611604826933
GALAXY,0.3310247,1.25e-05,19.86284,0.02244321,0.07577092,18.91297,0.01410329,0.05241797,83462.85461269034,3.226429093846121e-16,1.1446261203491446
GALAXY,0.1306255,2.7e-05,21.3368,0.05316401,0.04943088,20.99329,0.05853048,0.03419605,36622.012483024635,8.301147394053785e-17,2.256605551803387
GALAXY,0.4875934,0.000150956,22.00878,0.1155317,0.03079594,20.52126,0.05078172,0.02130449,113176.45751222028,4.4703973316151096e-17,3.075046251023596
GALAXY,0.4667509,8.740000000000001e-05,21.89708,0.1074198,0.06825149,20.12416,0.03714531,0.04721607,109530.07668909393,4.954799957570564e-17,2.92086612705264
GALAXY,0.5059831,0.000135864,21.70942,0.08974826,0.05825439,20.10925,0.03391416,0.04030012,116320.10481781409,5.889658654303104e-17,2.679042802399248
GALAXY,0.4826912999999999,0.000180285,22.60932,0.16866879999999998,0.05147141,20.81017,0.05285089,0.03560768,112326.88599308724,2.571166051333153e-17,4.0547086380805215
GALAXY,0.1106249,7.93e-06,17.49071,0.007533331,0.03706823,17.095779999999998,0.008918163,0.02564363,31340.15156632453,2.867966837208365e-15,0.3839172731564832
GALAXY,0.1684882,3.44e-05,18.469,0.01054331,0.04547333,17.30317,0.006417478000000001,0.03145824,46307.26702399078,1.1648181394815444e-15,0.6024148267701743
GALAXY,0.6333420999999999,0.00023901,23.20686,0.3073494,0.04346769,21.45519,0.1059426,0.03007074,136320.11293714898,1.482907716876015e-17,5.339095047077233
GALAXY,0.6242089,0.000197519,22.70926,0.1527921,0.1126884,21.1844,0.06679568,0.07795732,134983.24262919405,2.345060897873411e-17,4.24568385476172
GALAXY,0.08701964,8.84e-06,17.98511,0.006971905,0.14571170000000006,17.35791,0.006200386,0.1008027,24956.694779829304,1.8189222068652722e-15,0.4820783770820112
GALAXY,0.5979237,0.000220207,22.48189,0.22250370000000005,0.02209667,20.87292,0.07278892,0.01528638,131055.01216929728,2.8913597113652503e-17,3.823610559231849
GALAXY,0.1433192,2.31e-05,18.37816,0.008132408,0.02910018,17.30565,0.005372049,0.02013137,39914.49891156261,1.2664677209515436e-15,0.5777336348223554
GALAXY,0.09337257,9.69e-06,18.15368,0.01157593,0.1550476,17.52058,0.009174677,0.1072612,26690.721160362675,1.557349634235742e-15,0.5209927169695785
GALAXY,0.7062444999999999,0.000273631,22.71362,0.3447177,0.06565075,21.15227,0.12677639999999998,0.04541688,146495.73571684115,2.335662699962918e-17,4.2542171328483
GALAXY,0.1180075,2.42e-05,18.09248,0.007339879,0.05061,17.07186,0.005162064,0.03501176,33303.257937631264,1.6476544103985344e-15,0.5065142315753417
GALAXY,0.1272858,2.05e-05,18.11117,0.008405006,0.09950338,17.25899,0.005690624,0.06883597,35748.08041622197,1.6195342062808487e-15,0.5108926471357278
GALAXY,0.05974163,1.33e-05,16.96315,0.00438703,0.1543213,16.08238,0.003297341,0.1067588,17376.000484297703,4.66227756361839e-15,0.30111032822942657
GALAXY,0.05033734,7.37e-06,17.9259,0.006336756999999999,0.1759704,17.528029999999998,0.005971162,0.1217355,14711.398240476348,1.9208706695681344e-15,0.4691110384655231
GALAXY,0.09379204,1.16e-05,16.51541,0.005501511999999999,0.0802794,15.72885,0.004349577,0.05553691,26804.79843964114,7.041969264405762e-15,0.24500652593286124
GALAXY,0.2886593,3.86e-05,19.98071,0.02607387,0.1421164,18.4239,0.01193827,0.09831549,74439.0517025436,2.8945038076247477e-16,1.2084749493326974
GALAXY,0.2359719,2.64e-05,19.66661,0.02283076,0.3995071,18.16112,0.01044826,0.2763772,62579.836956792045,3.8655751897714334e-16,1.0457253889156686
GALAXY,0.5303989,0.00012209799999999998,22.5938,0.1479763,0.08745642,20.75277,0.04713516,0.06050195,120389.93094769468,2.6081833923331507e-17,4.02583204333983
GALAXY,0.5802316,0.0001716,22.51845,0.14524620000000002,0.06856233,21.03932,0.06235752,0.0474311,128341.98615835616,2.7956199126272923e-17,3.888531776349289
GALAXY,0.08163816,2.02e-05,17.983079999999994,0.005946004,0.1965481,17.00538,0.004470458,0.1359711,23478.54631516084,1.822326225323729e-15,0.48162791691826
GALAXY,0.6313753000000001,0.00018866,22.48718,0.2261712,0.1357132,20.38815,0.05721754,0.09388579,136033.42815222064,2.877306489367357e-17,3.8329367461630586
GALAXY,0.0796483,1.88e-05,18.10943,0.008125577,0.07740038,17.31573,0.006266913000000001,0.05354523,22929.82573280996,1.6221317514002057e-15,0.5104834330290668
GALAXY,0.06223603,2.01e-05,17.63491,0.006960763000000001,0.2072203,16.67814,0.004987368,0.1433541,18078.35244741563,2.5112741440824005e-15,0.4102774544390936
GALAXY,0.33325229999999995,9.2e-05,20.41681,0.05602853,0.1540141,18.74752,0.02061084,0.1065462,83925.09599646479,1.937020090587264e-16,1.4772624278407696
GALAXY,0.08737984,2.33e-05,18.25653,0.007158744,0.08832346,17.328329999999998,0.005511293,0.06110176,25055.327939920546,1.4165963719913613e-15,0.5462628324719688
GALAXY,0.6464878000000001,0.000241254,22.67871,0.23057070000000005,0.08147526,21.13705,0.09603047,0.0563642,138219.43011276735,2.411982348505636e-17,4.186370411980249
GALAXY,0.09523784,1.52e-05,18.02661,0.009947243,0.2413389,17.256120000000006,0.006781163000000001,0.16695710000000002,27197.59700311227,1.7507096483829425e-15,0.491380199470373
GALAXY,0.6687684,0.000175813,22.70678,0.2341964,0.13723929999999998,20.69274,0.05782611,0.0949415,141372.7736470305,2.3504235247500627e-17,4.2408377026571475
GALAXY,0.4728099,0.00013359100000000002,22.03085,0.10345619999999997,0.1085796,20.4619,0.03790731,0.07511485,110599.35542042187,4.3804439249406115e-17,3.1064591877157266
GALAXY,0.543197,0.000120698,21.60071,0.1321631,0.04427262,19.91508,0.04793353,0.0306276,122476.90455577086,6.50989712014765e-17,2.5482242966521302
GALAXY,0.2048534,1.05e-05,18.12936,0.007785721,0.07702794,17.61502,0.007192215,0.05328757,55230.793315712006,1.5926271874039768e-15,0.5151902700391284
GALAXY,0.5752866999999999,0.000264111,22.57177,0.2322479,0.1364874,21.0372,0.08797424,0.09442134,127573.56912099067,2.6616449677275715e-17,3.985195692961663
GALAXY,0.1102025,1.85e-05,18.65472,0.01073059,0.07845646,17.91507,0.008301799,0.05427582,31227.352698237657,9.81680411626787e-16,0.6562051769018201
GALAXY,0.8016686,0.000321076,22.48498,0.3752828,0.1342671,20.83995,0.136878,0.09288538,158581.0731661898,2.8831426140337013e-17,3.8290554209267995
GALAXY,0.5435591,0.000138445,22.93722,0.2405425,0.1909572,20.95741,0.06120024,0.13210329999999998,122535.49547021229,1.9009475106502523e-17,4.715629243604396
GALAXY,0.2035155,3.01e-05,19.12368,0.01624187,0.06699047,17.79245,0.008381925,0.0463437,54908.95045145487,6.373619387376136e-16,0.8143885373641007
GALAXY,0.3460273,5.290000000000001e-05,21.12747,0.06402701,0.1303085,19.33265,0.02144475,0.09014682,86552.84044246684,1.0066305932011774e-16,2.049225031918633
GALAXY,0.4661831,0.000233873,22.85928,0.2307918,0.1980513,20.96322,0.06609076,0.137011,109429.48029877577,2.0424250350714373e-17,4.549374115403902
GALAXY,0.5504234,7.56e-05,21.38384,0.1060378,0.158626,20.06656,0.05055851,0.1097367,123641.48688281704,7.949176229653457e-17,2.30602309396458
GALAXY,0.5369674,0.000117866,21.57616,0.07175216,0.07926344,20.3475,0.03821072,0.05483408,121464.97923871195,6.658771701587412e-17,2.5195770988972885
GALAXY,0.606143,0.000202015,21.19952,0.1627754,0.07443221,19.85455,0.07467717,0.05149186,132296.38371263377,9.419983133824577e-17,2.1183594391649323
GALAXY,0.6047813,0.00025554,21.64499,0.0943514,0.13388670000000005,20.72283,0.05900041,0.09262221,132091.55027590288,6.249742516700508e-17,2.6007203281181503
GALAXY,0.4605139,0.00012405,21.56603,0.132741,0.1126937,19.71336,0.04115192,0.07796099,108421.37091883562,6.721189267107304e-17,2.50785055116128
GALAXY,0.4792846,0.000111726,21.8072,0.1176187,0.07989454,20.30933,0.04716668,0.05527067,111733.57816455716,5.382426713140843e-17,2.8024356709071023
GALAXY,0.4646827,0.000109422,21.40344,0.1031488,0.08154296,19.75703,0.03600083,0.05641104,109163.33179023696,7.806963073903897e-17,2.326931786786347
GALAXY,0.09618109,2.92e-05,17.83148,0.008231045,0.08515988,16.90674,0.005635861999999999,0.05891321,27453.53154832127,2.0953960707943096e-15,0.44915025675342046
GALAXY,0.6686003,0.000170652,22.20243,0.2927054,0.114235,20.15429,0.07312036,0.07902721,141349.2879275074,3.740125069373725e-17,3.361875701740828
GALAXY,0.4104356,8.859999999999999e-05,21.10748,0.07162168,0.1678706,19.30208,0.02393801,0.11613210000000003,99217.345695175,1.0253358094512325e-16,2.030446974431227
GALAXY,0.3098648,8.47e-05,20.05817,0.04450684,0.1834431,18.45538,0.01618958,0.12690510000000002,79011.51551890366,2.6951945836599083e-16,1.2523613390206447
GALAXY,0.2260951,3.89e-05,19.21744,0.01490761,0.1504664,17.84675,0.007493225,0.104092,60275.534809426084,5.846313838585505e-16,0.8503224635420478
GALAXY,0.4961399,7.099999999999999e-05,21.86497,0.1065347,0.04111454,20.01704,0.03386308,0.02844285,114645.93198056958,5.103523574180446e-17,2.8779924631575122
GALAXY,0.05663657,2.3e-05,18.40538,0.01133502,0.1089877,17.71665,0.009215599,0.07539717,16499.1229659241,1.2351113856583224e-15,0.5850212645865563
GALAXY,0.2662049,3.79e-05,19.77887,0.02718877,0.1629056,18.23335,0.01101864,0.1126973,69472.97549124138,3.4858614794834304e-16,1.1012087467547398
GALAXY,0.4591906,0.000160123,21.9983,0.1126865,0.05616494,20.42521,0.03854408,0.03885465,108185.08651849207,4.5137564830132134e-17,3.0602411613994662
GALAXY,0.06675532,2.39e-05,17.930310000000006,0.00791401,0.05657892,17.12753,0.005898174,0.03914104,19346.1552883978,1.9130843774475825e-15,0.47006471478905265
GALAXY,0.5676555,0.000136669,22.30595,0.2089642,0.1659015,20.57073,0.06478998,0.11476989999999998,126378.91461174388,3.3999938008655697e-17,3.5260271523142737
GALAXY,0.1872171,3.64e-05,19.40211,0.0207558,0.02508393,18.03819,0.009705617,0.01735295,50948.802728324605,4.931898444386127e-16,0.9258010143465228
GALAXY,0.4842739,0.00014874700000000002,21.76429,0.08742915,0.04464366,20.27235,0.03413709,0.03088428,112601.69998427073,5.599408151558272e-17,2.7476009146592526
GALAXY,0.08206671,2.62e-05,21.29273,0.06385314,0.03202431,20.98971,0.06333865,0.02215427,23596.569894956097,8.645022445732021e-17,2.2112693805172423
GALAXY,0.1693279,1.02e-05,18.61204,0.01102096,0.05372386,17.856379999999994,0.008282003000000001,0.03716592,46517.46508420302,1.0210385164400537e-15,0.6434334760402621
GALAXY,0.10882730000000003,1.25e-05,17.11919,0.005253734,0.1875536,16.29399,0.00415742,0.1297487,30859.756087222555,4.038147007043109e-15,0.323544224890128
GALAXY,0.498463,0.000129074,21.57546,0.1048636,0.05146379,19.64314,0.03064879,0.03560241,115042.80871199301,6.663066154574955e-17,2.5187650141033147
GALAXY,0.5809946,0.000156021,21.48935,0.1383769,0.04270383,19.84962,0.05170399,0.02954231,128460.15618848964,7.213036422854273e-17,2.4208375786264638
GALAXY,0.6109094,0.000227697,22.2766,0.1684785,0.03875533,20.59241,0.05952121,0.02681076,133010.79917211624,3.493157158889157e-17,3.4786893874553275
GALAXY,0.5843055,0.000145144,22.79024,0.203027,0.22156370000000006,21.1204,0.06881637,0.15327670000000002,128971.70859153196,2.176517308600117e-17,4.407006106444891
GALAXY,0.1380296,1.28e-05,18.18433,0.01068391,0.1879367,17.421429999999994,0.008109594,0.13001369999999998,38548.09151176032,1.5140008716656504e-15,0.5283985927048511
GALAXY,0.6477392,0.000148014,23.14152,0.3726214000000001,0.1126952,20.98989,0.07945372,0.07796202,138398.71947400007,1.574889636697582e-17,5.18083370263878
GALAXY,0.09267327,2.23e-05,18.40842,0.009726235,0.1457589,17.57036,0.0070487369999999985,0.1008353,26500.42784914262,1.2316579805212422e-15,0.5858408513875704
GALAXY,0.521951,0.000158047,21.94258,0.1192984,0.1380233,20.45014,0.05053539,0.0954839,118994.99822277333,4.751449581021898e-17,2.982714272010134
GALAXY,0.1869162,2.32e-05,18.28768,0.01037389,0.2493962,17.40887,0.007248034,0.17253110000000002,50875.00236262254,1.3765314085191717e-15,0.5541555054971203
GALAXY,0.3198964,7.96e-05,20.20189,0.0315181,0.2236106,18.43822,0.0111405,0.1546928,81135.54537113631,2.361033369557345e-16,1.338054035801776
GALAXY,0.17373010000000005,4.06e-05,19.07719,0.01407799,0.1356707,17.81492,0.00758676,0.09385637,47616.214338449994,6.652457752927583e-16,0.7971382562362153
GALAXY,0.4475291,5.12e-05,21.71948,0.07346438,0.08020483,20.21375,0.0305027,0.05548533,106086.81660082305,5.835339457511696e-17,2.691483069520069
GALAXY,0.4099949000000001,7.159999999999999e-05,21.93411,0.1301488,0.16669520000000002,20.25201,0.04201587,0.115319,99133.91181145473,4.7886613500652956e-17,2.971102619724218
GALAXY,0.2324254,4.58e-05,19.31191,0.01791466,0.039192800000000014,17.95755,0.009559328,0.027113400000000003,61755.420491180455,5.35912793998892e-16,0.8881322740496087
GALAXY,0.1067388,5.5e-06,18.1879,0.009075158,0.0871004,17.78971,0.009123679,0.06025565,30300.43909237811,1.5090308736311043e-15,0.5292680186610736
GALAXY,0.5284995,0.000133661,21.23521,0.1153441,0.05133976,19.72586,0.04119958,0.03551661,120077.50755006631,9.115366295493981e-17,2.1534641801399346
GALAXY,0.137791,3.4e-05,18.1832,0.01129991,0.06057721,17.25226,0.007974410999999999,0.04190703,38486.26789662183,1.515577416291009e-15,0.5281236939422129
GALAXY,0.6999809,0.000199141,23.47453,0.3600129,0.06039243,21.69103,0.1136396,0.0417792,145654.9449835824,1.1589004331957592e-17,6.03950927110258
GALAXY,0.2272825,3.2200000000000003e-05,19.56606,0.0183168,0.1067678,18.06035,0.008615854000000001,0.07386147,60553.94046186927,4.240666556156834e-16,0.9984070805021229
GALAXY,0.4178348,8.73e-05,21.3957,0.06434694,0.04537905,19.66687,0.02272013,0.03139302,100611.72002003393,7.862816225716296e-17,2.318652431354128
GALAXY,0.2134246,9.9e-06,18.50532,0.009797392,0.0722888,17.779420000000005,0.008050581,0.05000906,57281.094350809275,1.126497222349286e-15,0.6125755410438695
GALAXY,0.3311307,0.000124761,20.26414,0.03810121,0.1319467,18.49696,0.01326443,0.0912801,83484.87760176597,2.229472527727715e-16,1.37696738070758
GALAXY,0.367063,0.000128426,20.647170000000006,0.05196904,0.03370783,18.75625,0.01674456,0.02331892,90794.92741448664,1.5667154464173064e-16,1.6425918069129244
GALAXY,1.1509200000000002,6.21e-05,21.44361,0.06921828,0.04494535,21.15466,0.07453799,0.03109299,193227.18390860892,7.523399522566605e-17,2.370378243264778
GALAXY,0.3563996,0.000124078,21.42163,0.1022626,0.1124876,19.51928,0.02664767,0.07781839,88657.61761675127,7.677257815450006e-17,2.3465059094471634
GALAXY,0.09036759,9.49e-06,18.58112,0.009599555,0.07108888,17.8531,0.0077371559999999985,0.04917896,25871.99099124027,1.0505340302689832e-15,0.6343364279438816
GALAXY,0.1176794,4.24e-05,17.318170000000002,0.008333593,0.02739312,16.403,0.005863602,0.01895044,33216.34841737307,3.361941291334243e-15,0.35459258711516456
GALAXY,0.5573516,0.000153421,22.06846,0.1479341,0.04459601,20.4152,0.05111348,0.03085131,124748.74999701146,4.231302993189058e-17,3.1607318465650347
GALAXY,0.08229865,1.09e-05,17.981279999999995,0.007553806,0.07083049999999999,17.28448,0.005952751,0.04900021,23660.424103936235,1.8253498951084183e-15,0.4812288462078071
GALAXY,0.6942995,0.00026068900000000004,22.76502,0.2454811,0.1023051,21.38406,0.1015452,0.07077419,144887.00471910607,2.2276662501565046e-17,4.356118167699445
GALAXY,0.08245877,1.96e-05,17.55892,0.005529226,0.04113114,16.592570000000002,0.004120234,0.02845433,23704.496674461865,2.6933334520846763e-15,0.39616823651844224
GALAXY,0.5079254,0.000160147,22.28031,0.1308201,0.15167229999999998,20.577,0.04705103,0.1049262,116648.16965575052,3.4812412842347245e-17,3.48463787147319
GALAXY,0.6004695999999999,0.00015419200000000002,21.76555,0.14429460000000002,0.07629888,20.25629,0.05585237,0.05278321,131440.80252958307,5.592913791324403e-17,2.749195676692705
GALAXY,0.09833973,8.58e-06,18.15161,0.008837239,0.1156698,17.62343,0.008379698,0.08001982,28038.261321820388,1.5603216165210948e-15,0.5204963067673523
GALAXY,0.07531944,1.57e-05,17.07977,0.00547824,0.2562519,16.14875,0.003941079,0.1772739,21732.073254886676,4.187454732229799e-15,0.3177237298965122
GALAXY,0.5869345,0.000168093,22.11889,0.2075983,0.07164744,20.40652,0.06680219,0.04956536,129376.48939529224,4.0392629424603835e-17,3.2349952869115404
GALAXY,0.3774233,7.780000000000001e-05,22.10713,0.09132721,0.1097279,20.61693,0.04310539,0.07590923,92846.00384572012,4.083251452290356e-17,3.2175229422071565
GALAXY,0.2960015,3.26e-05,19.50815,0.02649152,0.1355338,17.94921,0.01056761,0.09376165,76035.00692099215,4.472992038838043e-16,0.9721329246756666
GALAXY,0.1224656,1.8e-05,18.21926,0.01134894,0.2015725,17.49376,0.009181267,0.1394469,34481.06554068359,1.4660680362465098e-15,0.5369670690988536
GALAXY,0.433569,6.68e-05,20.97982,0.06284989,0.03418282,19.37469,0.02435466,0.02364752,103536.69693694655,1.1532676905808885e-16,1.914518874643115
GALAXY,0.33183090000000004,6.01e-05,20.80954,0.06146367,0.1211825,19.04142,0.01909821,0.08383346,83630.28541653941,1.3490937341085765e-16,1.7701238444329037
GALAXY,0.217526,4.5e-05,18.99516,0.0157317,0.07575801,17.62819,0.008509227,0.05240904,58255.12790289679,7.174541056615248e-16,0.7675870732546881
GALAXY,0.4712239,0.00013541,22.03843,0.1852861,0.08982211,20.33083,0.06266837,0.06213852,110320.19990915255,4.3499686317242577e-17,3.117321912157063
GALAXY,0.5354257,0.000150757,21.57732,0.1044751,0.06108028,20.20071,0.0478314,0.04225505,121213.40002697086,6.65166127240881e-17,2.520923415901481
GALAXY,0.5623670000000001,0.00019140400000000005,21.62223,0.1034543,0.04735053,19.87179,0.03449544,0.03275687,125544.69674150155,6.38213703834291e-17,2.5736035815441696
GALAXY,0.3607821,5.95e-05,20.13987,0.03196865,0.1526444,18.454,0.01223954,0.1055987,89539.25992275076,2.499827982844343e-16,1.3003781163397075
GALAXY,0.8178025999999999,0.000193731,24.13743,0.7011056,0.13052660000000002,21.8657,0.1540521,0.0902977,160496.84433188094,6.2934114393945366e-18,8.19561695571484
GALAXY,0.04961282,8.31e-06,18.08555,0.007236348,0.06776306,17.66568,0.0071170769999999986,0.04687817,14505.022009079164,1.6582046367422241e-15,0.5049003273613648
GALAXY,0.4447049,9.65e-05,21.06515,0.08377241,0.115136,19.31296,0.0270446,0.07965056,105574.29723099203,1.0661004464103742e-16,1.9912493740031267
GALAXY,0.07298999,2.04e-05,18.05078,0.007385165,0.08167136,17.14793,0.0053387,0.05649986,21085.248173026463,1.712167011520437e-15,0.4968801556455215
GALAXY,0.5842963000000001,0.000183096,23.08046,0.2898962,0.147633,21.18732,0.08989092,0.1021318,128970.28989454663,1.6659966554267955e-17,5.037182110270202
GALAXY,0.047567800000000014,1.01e-05,15.9723,0.003715592,0.09458316,15.12626,0.0027088190000000003,0.06543219,13921.664046016673,1.1612831517386427e-14,0.19079001944917656
GALAXY,0.4721617,4.6e-05,21.63309,0.08688519,0.1369943,20.17453,0.03518307,0.09477199,110485.32736681931,6.318618361764183e-17,2.5865069653241
GALAXY,0.06535141,1.17e-05,17.27536,0.006638161,0.1298293,16.6647,0.005442616999999999,0.08981533,18952.96261860785,3.497148910543918e-15,0.34767034799016816
GALAXY,0.5085599000000001,0.000107271,21.86914,0.16312520000000005,0.1923157,19.88034,0.04455354,0.1330431,116755.17736695406,5.083960003346592e-17,2.8835245432401315
GALAXY,0.08221833,1.28e-05,17.44107,0.006584112,0.1598287,16.47717,0.004355973,0.1105688,23638.3134108807,3.0021343606033726e-15,0.37524045360129327
GALAXY,0.3858097,4.2e-05,21.98143,0.1646485,0.2627698,19.80836,0.03402169,0.181783,94488.09983054189,4.584438226979752e-17,3.0365584996909045
GALAXY,0.6944581,0.000231013,21.80473,0.142464,0.1789026,20.67424,0.08082763,0.123764,144908.51103909238,5.394685425425202e-17,2.7992497769708526
GALAXY,0.07736394,1.46e-05,16.313589999999998,0.003890364,0.1084634,15.37044,0.00299283,0.07503451,22298.45506257362,8.480513019013207e-15,0.22326140439252204
GALAXY,0.5344988,0.000278815,23.43506,0.3063827,0.09779915,21.68832,0.08700947,0.06765700000000001,121061.92565694774,1.2018053284177286e-17,5.930723162559476
GALAXY,0.4335726,9.84e-05,21.78228,0.08828993,0.02400678,20.06037,0.03132517,0.01660778,103537.35998393295,5.5073937223051786e-17,2.7704585206359367
GALAXY,0.5073612,0.000140455,21.97244,0.14212750000000002,0.01880462,20.13921,0.04596845,0.01300895,116552.95068662387,4.6225554047492125e-17,3.0240129891828524
GALAXY,0.3730772,0.000125833,21.42768,0.08842958,0.13669589999999998,19.67006,0.02739595,0.09456559,91988.62594333974,7.634597138589022e-17,2.3530526910263587
GALAXY,0.6046587,0.000168309,23.0924,0.3224316,0.04505223,21.08321,0.071124,0.03116692,132073.0921477202,1.647775818534792e-17,5.064955712451772
GALAXY,0.09476718,2.92e-05,18.54192,0.009373481,0.1427476,17.65139,0.006602477,0.09875212,27069.79413604111,1.0891560925895375e-15,0.6229879582888422
GALAXY,0.4075665,0.000149456,20.94379,0.08987308,0.1801671,19.07044,0.02545087,0.1246387,98673.38615318424,1.1921808053255903e-16,1.8830144479681128
GALAXY,0.2401763,3.37e-05,20.34519,0.05741153,0.1123751,18.33013,0.01523348,0.07774059,63552.85403063207,2.0691030705548646e-16,1.4293337622155302
GALAXY,0.1192775,2.39e-05,17.58332,0.006176951,0.13863599999999998,16.6356,0.0044799290000000005,0.09590773,33639.37104899454,2.633480610945559e-15,0.4006449309114775
GALAXY,0.1521289,2.07e-05,18.34098,0.008863645,0.1137608,17.14775,0.005249589,0.0786992,42172.51393822567,1.3105878130516254e-15,0.5679258703711639
GALAXY,0.6015982,0.00015444799999999998,23.303420000000006,0.3923619,0.16976270000000002,20.90509,0.07142686,0.1174411,131611.4556361566,1.3567196814545255e-17,5.581869159304309
GALAXY,0.2134383,3.15e-05,19.34275,0.01696586,0.05153965,17.92959,0.007859439000000001,0.0356549,57284.35552095754,5.209045191461547e-16,0.9008358315012646
GALAXY,0.5457717,0.000168072,22.40105,0.1650652,0.08812435,20.62636,0.05038668,0.06096401,122892.9711492706,3.114857084489085e-17,3.6838815046507576
GALAXY,0.6852775,0.000254864,22.93249,0.28113740000000004,0.04528727,21.21037,0.09078331,0.03132952,143657.0686795274,1.9092470366428862e-17,4.705368624565042
GALAXY,0.03310177,1.21e-05,21.4936,0.08147585,0.07761478,21.36769,0.09009195,0.05369354,9759.502675285692,7.184856940401475e-17,2.4255802751519315
GALAXY,0.6611001,0.000204089,23.59672,0.7393473,0.02776387,20.72591,0.09161175,0.01920692,140296.72054412257,1.035547740030597e-17,6.389099509591984
GALAXY,0.7147308000000001,0.000243731,23.87365,0.7195371,0.04617165,21.75672,0.1744812,0.03194134,147625.19794120497,8.02413312380042e-18,7.258145203636898
GALAXY,0.1352108,3.68e-05,18.16269,0.01039625,0.08180778,17.06918,0.006329006999999999,0.05659424,37816.6711988422,1.544479418038139e-15,0.5231589413486919
GALAXY,0.4763342,0.000138306,21.79816,0.1001973,0.08463964,20.27092,0.03246821,0.05855331,111217.8085237259,5.427428679448987e-17,2.790793175353712
GALAXY,0.5050317,0.000157477,21.69684,0.1034095,0.04019253,20.14295,0.04165565,0.02780501,116159.13388316124,5.958296694647954e-17,2.6635671635882576
GALAXY,0.4240772,0.000116676,20.90526,0.09407984,0.03584777,19.23187,0.03288876,0.02479932,101778.67547422322,1.2352479027574964e-16,1.8498974437901199
GALAXY,0.2979636,8.03e-05,19.60413,0.02242498,0.0608586,17.986,0.009128639,0.0421017,76459.20184940862,4.0945494946345524e-16,1.0160653758091618
GALAXY,0.4713329000000001,0.000101106,21.71642,0.1421802,0.15379479999999998,19.65996,0.03158238,0.1063945,110339.40197259614,5.851808766417531e-17,2.68769295092898
GALAXY,0.493311,0.00016694599999999998,22.73223,0.2358718,0.1107602,20.84907,0.06719764,0.07662337,114161.17389867449,2.295969556416686e-17,4.290833397540961
GALAXY,0.8123795,0.5125104,21.30866,0.07668192,0.1423047,19.67453,0.0289825,0.0984457,159856.8279747261,8.51910802366418e-17,2.2275509807174823
GALAXY,0.11870150000000003,2.2e-05,18.75507,0.01071128,0.12773679999999998,17.75402,0.007029945,0.08836770000000001,33486.98704240937,8.95014611056101e-16,0.6872419354986488
GALAXY,0.0807191,1.76e-05,18.06816,0.008554479,0.1547711,17.02873,0.00573003,0.10707,23225.252814018877,1.6849775745666344e-15,0.5008730357342005
GALAXY,0.1140481,1.3e-05,18.62586,0.01393648,0.33212020000000003,18.00145,0.009770432,0.2297592,32252.380299273336,1.0081243975555424e-15,0.6475415675829779
GALAXY,0.4938823000000001,0.000117778,22.37173,0.1990408,0.3203185,20.22622,0.04428052,0.2215948,114259.20181865159,3.2001189768455936e-17,3.634474718820422
GALAXY,0.6716028,0.000177365,23.71204,0.5228033,0.2573951,21.26456,0.09417222,0.17806470000000002,141768.08418626484,9.311981943932006e-18,6.737575615333849
GALAXY,0.5460176999999999,0.00014435,21.90952,0.1175347,0.1234787,20.33897,0.04372771,0.08542202,122932.6583085646,4.8983535170019556e-17,2.9376472999077747
GALAXY,0.2760579,6.42e-05,19.89633,0.02828153,0.1050794,18.18735,0.01111297,0.07269343,71668.00690393956,3.128427718742838e-16,1.1624161957339803
GALAXY,0.2586878,3.54e-05,19.71659,0.02337244,0.08205768,18.40384,0.01219724,0.05676712,67781.43714724405,3.691663649271278e-16,1.0700736065399457
GALAXY,0.3287132,5.88e-05,20.34646,0.04101745,0.05373456,18.6331,0.01538684,0.03717332,82981.92849258186,2.0666842282764268e-16,1.4301699620240858
GALAXY,0.4766213,0.000142452,22.24295,0.1537093,0.04814608,20.25102,0.04403462,0.03330723,111268.0763644512,3.6031150129216463e-17,3.4251977674691574
GALAXY,0.09944194,9.45e-06,18.10017,0.008565318,0.2211539,17.4179,0.007318405,0.1529932,28336.301044960066,1.6360257134463507e-15,0.5083111687914355
GALAXY,0.3979324,6.4e-05,20.81662,0.05052545,0.1299923,19.02726,0.01663321,0.08992805,96833.32434827418,1.3403250215822705e-16,1.7759046822685982
GALAXY,0.1370243,2.92e-05,17.56084,0.006557972,0.03694215,16.48498,0.004502561,0.02555641,38287.49803577976,2.68857480945857e-15,0.39651868047868116
GALAXY,0.12522529999999998,1.03e-05,18.2862,0.00807502,0.08472534,17.5166,0.006102122,0.05861259,35207.28713902597,1.3784090797589464e-15,0.5537779410780946
GALAXY,0.4971428,0.000141109,21.83637,0.10752910000000003,0.04288167,20.0381,0.03444433,0.02966534,114817.40010912485,5.239744677788193e-17,2.8403355680355244
GALAXY,0.4554182,0.000134391,21.88616,0.1090577,0.03419697,20.26183,0.04007876,0.0236573,107509.46980404107,5.0048852569536756e-17,2.90621441305449
GALAXY,0.0907141,2.78e-05,18.38842,0.008472702,0.05687408,17.47179,0.005994918,0.03934522,25966.535443212982,1.2545562119870498e-15,0.580469830177984
GALAXY,0.393564,0.000122866,20.39547,0.04570724,0.08448166,18.6696,0.01538192,0.05844402,95992.07961487694,1.9754685737343634e-16,1.462815832789119
GALAXY,0.5373779000000001,0.000108471,21.3526,0.1032201,0.1976055,19.71913,0.03328982,0.1367026,121531.88887443332,8.181221014143523e-17,2.2730848753911443
GALAXY,0.6123841999999999,0.000260336,22.38712,0.5690985,0.02656614,19.53316,0.06448766,0.01837833,133231.0436282,3.155078180458698e-17,3.6603250353592154
GALAXY,0.09022959,1.05e-05,18.45148,0.01389456,0.07835486,17.68599,0.01088218,0.05420553,25834.328199382235,1.1837667172681292e-15,0.5975739434335806
GALAXY,0.32493130000000003,7e-05,20.7886,0.05993873,0.2149522,19.01139,0.01832162,0.1487029,82192.2656022603,1.3753654968592506e-16,1.7531361790928526
GALAXY,0.4214519000000001,0.00016836900000000005,21.25159,0.10471980000000003,0.1201228,19.68208,0.04262042,0.08310038,101288.94753359794,8.978879127909658e-17,2.169769760596865
GALAXY,0.4845170999999999,8.62e-05,22.11345,0.15467379999999994,0.19069,20.27687,0.05306,0.1319185,112643.88550540865,4.059552153485744e-17,3.2269010791076687
GALAXY,0.2297483,4.48e-05,18.94797,0.02251936,0.1036576,17.6055,0.01167768,0.07170982,61130.88140227613,7.493248323620258e-16,0.7510859746313912
GALAXY,0.06542233,1.25e-05,16.84068,0.004526663,0.118347,16.009610000000002,0.003521282,0.0818719,18972.839168067498,5.218985920050918e-15,0.28459787451112234
GALAXY,0.1785875,2.56e-05,18.74559,0.01072073,0.1433732,17.538510000000002,0.006400464,0.09918491,48822.29234102588,9.028635603262186e-16,0.6842481821339156
GALAXY,0.6693799,0.000269065,22.16756,0.1873715,0.1033142,20.53955,0.0708535,0.0714723,141458.1692498454,3.8621943590637026e-17,3.3083210807338395
GALAXY,0.3151994,4.64e-05,20.996,0.06128372,0.1143979,19.314770000000006,0.02081168,0.07913991,80144.12601962117,1.1362087388178922e-16,1.9288375505280628
GALAXY,0.4686496,0.000107166,22.48434,0.1681822,0.1409848,20.75337,0.0573677,0.0975326,109865.97781801957,2.8848426174162046e-17,3.827927046299056
GALAXY,0.5561368,0.00016339,22.73307,0.3191235,0.1516362,20.49137,0.06788165,0.1049012,124555.25303144856,2.2941939238485684e-17,4.2924935601391505
GALAXY,0.4009216,0.000102673,22.09825,0.10881789999999998,0.1284891,20.44841,0.03877912,0.08888818,97406.48126387876,4.1167844192844725e-17,3.2043920993175465
GALAXY,0.3043778,6.69e-05,20.57129,0.05562813,0.136537,19.0459,0.02225567,0.09445567,77839.1762764405,1.680127054638914e-16,1.5861843195323821
GALAXY,0.4263917,0.000109511,22.75589,0.3501632,0.1055073,20.97818,0.1208432,0.07298943,102209.17077982861,2.2464777690174814e-17,4.337841229890214
GALAXY,0.1199929,2.43e-05,18.55165,0.01012672,0.0964294,17.65717,0.007476966,0.06670941,33828.50046035598,1.0794390501667824e-15,0.6257857252689901
GALAXY,0.3992615,0.000134659,21.61863,0.1379786,0.09949955,19.99659,0.05211471,0.06883333,97088.41851971208,6.403333555400493e-17,2.5693404386759893
GALAXY,0.09687936,1.04e-05,17.97417,0.007432676,0.05912354,17.19118,0.006049658,0.04090139,27642.82725258071,1.8373425181234844e-15,0.4796557469311095
GALAXY,0.4712161,0.000158667,22.35047,0.1025264,0.0462072,20.77426,0.04585813,0.03196593,110318.82572184903,3.2633986174111e-17,3.599064685828595
GALAXY,0.5262725,0.000158125,22.76294,0.2560929,0.0749557,20.97963,0.07599269,0.05185401,119710.30710717004,2.231937994043397e-17,4.351947547059202
GALAXY,0.08167969,1.63e-05,18.16643,0.01197933,0.06034576,17.51398,0.01006508,0.04174692,23489.986132433725,1.5391683529703824e-15,0.5240607720011488
GALAXY,0.37729,7.020000000000001e-05,20.7334,0.06923864,0.1576545,19.04208,0.0245551,0.1090647,92819.7721188492,1.4470986061320733e-16,1.7091321839818965
GALAXY,0.1236927,8.99e-06,17.977520000000005,0.009650429,0.17107709999999998,17.246,0.007745598,0.1183504,34804.25118618025,1.831682200726336e-15,0.4803962982960576
GALAXY,0.6059613,0.000181313,20.31319,0.09859276,0.09961727,19.48036,0.06907184,0.06891476,132269.0704269872,2.130993500888291e-16,1.408424763078212
GALAXY,0.09425829,1.75e-05,18.36205,0.01145952,0.1641766,17.69363,0.00977305,0.1135766,26931.537303351037,1.2853994957456018e-15,0.5734633300376917
GALAXY,0.128304,2.62e-05,17.901510000000005,0.009429984,0.1920259,16.81905,0.00562775,0.1328426,36014.86292039994,1.9645094632861205e-15,0.4638714591395276
GALAXY,0.1689674,3.13e-05,18.76227,0.01224443,0.117679,17.77411,0.007950212,0.08140976,46427.24707872151,8.890990070083495e-16,0.6895244210236388
GALAXY,0.1863394,5.89e-05,20.68662,0.04091115,0.1869765,19.40647,0.02240336,0.12934949999999998,50733.46319034606,1.5108109547759203e-16,1.6727061446449951
GALAXY,0.09504072,2.51e-05,17.85633,0.008212669,0.2799288,16.87429,0.005398592,0.1936534,27144.078996599874,2.0479819526438025e-15,0.45431978722426736
GALAXY,0.4495851,0.000159923,21.32304,0.1093115,0.08872087,19.78865,0.04565921,0.06137669,106458.8548916161,8.407020863630522e-17,2.2423512976779167
GALAXY,0.5093141999999999,0.00019513,21.8382,0.1448594,0.05258131,19.89013,0.04244167,0.0363755,116882.28509092334,5.2309205671165485e-17,2.8427302587997367
GALAXY,0.5751231,0.000232093,23.88745,0.4703245,0.08578636,21.53387,0.09903256,0.05934661,127548.06998211353,7.922789643407012e-18,7.304418576237199
GALAXY,0.20961,9.800000000000001e-06,18.31324,0.007779296999999998,0.02548897,17.6563,0.006737399999999999,0.01763315,56371.07896784271,1.3445040822981771e-15,0.5607169082018457
GALAXY,0.06836336,1.77e-05,17.50812,0.006002145,0.08448059,16.62762,0.004437017,0.05844328,19795.80128777332,2.8223451619076714e-15,0.3870077412980564
GALAXY,0.5863549,0.000160889,21.54983,0.09572965,0.08774517,20.49075,0.05846257,0.0607017,129287.35711392254,6.822226361501769e-17,2.4892106605938404
GALAXY,0.5340055,0.000123651,21.83931,0.1229974,0.08595771,20.40412,0.04984076,0.05946515,120981.24291363134,5.225575479815305e-17,2.844183759750393
GALAXY,0.4885114,0.000165254,22.14779,0.14136329999999994,0.02838781,20.33326,0.04245312,0.01963855,113335.00845173876,3.933164631821358e-17,3.2783374303056343
GALAXY,0.5522741,0.000116609,22.21862,0.13768729999999998,0.03592102,20.45284,0.04109311,0.02484999,123938.14949542463,3.6847677976778807e-17,3.3870347490227433
GALAXY,0.13660179999999994,3.44e-05,18.41609,0.01030285,0.06456555,17.44364,0.007089712,0.04466615,38177.89138356506,1.2229878013525426e-15,0.5879137970889365
GALAXY,0.1377335,2.56e-05,17.644779999999994,0.006360382,0.05898012,16.55738,0.00418287,0.04080217,38471.36664243324,2.488548591436752e-15,0.41214653432202103
GALAXY,0.142491,2.45e-05,17.78408,0.007977775999999999,0.04194205,16.72018,0.005191144,0.02901532,39701.086297003174,2.1889010279150256e-15,0.4394522093956842
GALAXY,0.5291556,9.98e-05,21.27885,0.0853105,0.03656334,19.77743,0.03910212,0.02529435,120185.50541922066,8.756249447026329e-17,2.197180076444285
GALAXY,0.29589540000000003,6.25e-05,20.14957,0.02888563,0.04425595,18.49861,0.01178232,0.03061606,76012.04109910443,2.4775939120659083e-16,1.3061999183535318
GALAXY,0.2987848,5.14e-05,20.02504,0.02461781,0.04262809,18.48893,0.01062248,0.02948992,76636.45341908628,2.7787029696088887e-16,1.233399171251915
GALAXY,0.7278318,0.00031607200000000003,23.56561,0.401269,0.1879879,21.41231,0.09198214,0.1300492,149347.20647664426,1.0656488612727629e-17,6.298217470640001
GALAXY,0.5786433000000001,0.000242173,21.74646,0.09476336,0.1301295,20.60044,0.05226481,0.090023,128095.65738079666,5.692121022255145e-17,2.7251326826479025
GALAXY,0.06432139,2e-05,18.0809,0.007036946,0.3336091,17.14453,0.005197116,0.23078920000000006,18664.11375594429,1.6653216387777268e-15,0.503820288524379
GALAXY,0.2126203,2.68e-05,19.02642,0.01398484,0.09096528,17.6089,0.007401766999999998,0.06292935,57089.548265248595,6.970920425499367e-16,0.7787169937084153
GALAXY,0.17242620000000006,2.95e-05,18.2051,0.008343192,0.08262093,17.033179999999998,0.005473983000000001,0.05715678,47291.33805512711,1.4853134891786294e-15,0.5334769410625492
GALAXY,0.7200616999999999,0.000212365,23.15202,0.2169744,0.04807036,21.82925,0.10279280000000003,0.03325485,148329.0466173059,1.5597325129376203e-17,5.205945919827997
GALAXY,0.04612559,2.15e-05,16.42855,0.004495133,0.04947711,15.78486,0.0040249840000000005,0.03422803,13509.51324377071,7.6284819892219e-15,0.23539956300125062
GALAXY,0.6684398,2.39e-05,21.16281,0.03439972,0.02489209,20.91489,0.03848229,0.01722023,141326.8597346849,9.743929323712992e-17,2.0828483581744974
GALAXY,0.5235845,0.000123641,22.96572,0.1926421,0.1120692,20.68031,0.04757456,0.07752895,119265.80888032544,1.8516978623286e-17,4.777928564670217
GALAXY,0.1300009,1.26e-05,18.37113,0.0103688,0.07810757,17.57347,0.008047784,0.05403446,36458.81120868323,1.2746945389377881e-15,0.5758662842834865
GALAXY,0.3147704,6.2e-05,21.98438,0.1149002,0.07114042,20.82509,0.05890131,0.04921461,80053.3036741174,4.571998983894531e-17,3.040686544340266
GALAXY,0.140552,6.18e-06,19.1297,0.01111382,0.06479929,18.86088,0.01183544,0.04482785,39200.67412405368,6.338377849432592e-16,0.8166494093206789
GALAXY,0.09195916,2.45e-05,18.12786,0.007643294,0.09206975,17.154,0.005341126,0.06369343,26305.95648753792,1.5948290037868797e-15,0.5148345120969614
GALAXY,0.09435116,9.5e-06,18.43874,0.01163496,0.08155069,17.79014,0.008284217,0.05641639,26956.774175511582,1.1977388185378355e-15,0.5940782496073583
GALAXY,0.4966569000000001,9.91e-05,21.86883,0.08508497,0.06430570000000001,20.52433,0.04216833,0.04448638,114734.34999556385,5.0854117856577284e-17,2.883112919863583
GALAXY,0.6914554,7.36e-05,22.08964,0.178248,0.03923158,20.77186,0.08661717,0.02714022,144500.6689854717,4.1495607320097114e-17,3.19171167540119
GALAXY,0.2807015,9.71e-05,21.36128,0.05878302,0.1342368,19.92096,0.02611119,0.0928644,72693.84843463408,8.116076374366533e-17,2.2821892339008842
GALAXY,0.4972957,0.000152498,22.44871,0.1029577,0.06586868,20.98862,0.04084869,0.04556765,114843.5239595959,2.981083393149019e-17,3.7656300609651217
GALAXY,0.06781098,1.34e-05,16.85446,0.004372592,0.07768946,15.99374,0.003422865,0.05374521,19641.429117943742,5.153165910997752e-15,0.28640965376732724
GALAXY,0.5569993000000001,0.000140271,21.91208,0.14011479999999998,0.03396979,20.32922,0.04854888,0.02350014,124692.6630719889,4.886817553558237e-17,2.9411126038058217
GALAXY,0.1261788,1.65e-05,18.15433,0.007389655,0.03235298,17.27807,0.005525842,0.02238165,35457.69227779854,1.5564175714499648e-15,0.521148692221198
GALAXY,0.2829757,3.59e-05,19.62844,0.02265225,0.1112679,18.60787,0.01413481,0.07697462,73194.24262402514,4.00388988685184e-16,1.0275043100518892
GALAXY,0.3718904000000001,6.23e-05,20.98125,0.07067737,0.07507672,19.24394,0.02267006,0.05193773,91753.7374252521,1.1517497461466893e-16,1.9157800758624552
GALAXY,0.4832592000000001,0.000313921,21.84765,0.1614471,0.1023817,20.2502,0.05697037,0.07082718,112425.5592489466,5.1855893912488706e-17,2.8551284545182125
GALAXY,0.4859204000000001,0.000167457,22.09843,0.1624018,0.04944382,20.49714,0.05795572,0.034205,112887.06592026788,4.11610197011303e-17,3.2046577322042338
GALAXY,0.06475012,9.01e-06,17.94838,0.007357929,0.04160618,17.44008,0.006600814,0.02878296,18784.380862274178,1.881508242450728e-15,0.47399269908025415
GALAXY,0.5039682,0.00017768099999999998,22.0786,0.1647017,0.03602304,20.05511,0.04672726,0.02492057,115978.9824125597,4.1919696067844946e-17,3.17552584901283
GALAXY,0.30525050000000004,5.37e-05,20.25211,0.03679521,0.05395231,18.62027,0.0140796,0.03732396,78026.13687661944,2.254312531308874e-16,1.369360046094577
GALAXY,0.1171488,2.42e-05,17.66084,0.006820072,0.07820328,16.7119,0.004979523,0.05410067,33075.733251051206,2.4520093686454705e-15,0.4152060301646996
GALAXY,0.12341019999999997,2.58e-05,18.06793,0.009314555,0.06956533,16.958779999999994,0.006036676,0.04812497,34729.886685416364,1.6853345543667676e-15,0.5008199866155675
GALAXY,0.4709457,0.000113627,21.85365,0.09312379,0.04899243,20.16834,0.0294464,0.03389274,110271.17940882996,5.157011800783219e-17,2.8630283750972216
GALAXY,0.6932593,0.000200605,22.02788,0.1917301,0.0530001,20.46642,0.09370561,0.03666522,144745.85436978927,4.392442906612341e-17,3.102213277368
GALAXY,0.04703052,1.3e-05,15.12883,0.002580191,0.1382932,14.22741,0.002151446,0.09567062,13768.194082033324,2.525376444170679e-14,0.1293783631445433
GALAXY,0.5247734000000001,0.000212984,22.2183,0.2449342,0.08206401,20.10027,0.06782201,0.05677151,119462.58372779348,3.6858539726341416e-17,3.3865356539120897
GALAXY,0.5316705,0.000143902,22.80611,0.212618,0.06327312,20.8895,0.06603575,0.04377205,120598.70007876577,2.1449349472567496e-17,4.4393322747642765
GALAXY,0.5992970999999999,0.000161904,22.30028,0.1916779,0.04459036,20.49534,0.06914847,0.03084741,131263.27202739392,3.41779590583984e-17,3.516832241547844
GALAXY,0.1228871,2.32e-05,21.24268,0.05959751,0.0511017,20.6739,0.06160926,0.03535192,34592.12649773366,9.052866691785322e-17,2.160884987412909
GALAXY,0.09163026,4.7e-06,17.86422,0.005596257,0.05362466,17.52712,0.0055232630000000005,0.03709729,26216.33787043943,2.0331532975434285e-15,0.4559735513956434
GALAXY,0.202064,4.2700000000000015e-05,18.21401,0.01006601,0.1159052,16.883470000000006,0.005523308,0.08018271,54559.226873285355,1.4731742706970845e-15,0.5356704042259364
GALAXY,0.6052274999999999,0.000200795,21.98672,0.1417364,0.177828,20.9171,0.07875881,0.1230206,132158.70583508405,4.5621559326370144e-17,3.0439649841528995
GALAXY,0.3282038,9.95e-05,19.90997,0.03031833,0.08644636,18.2005,0.01149302,0.05980319,82875.76882086368,3.0893714247216107e-16,1.1697408380381302
GALAXY,0.518947,0.000199641,22.26268,0.2246637,0.3901874,20.22962,0.05119985,0.2699298,118495.61534491627,3.5382305273065644e-17,3.4564609305292313
GALAXY,0.513554,3.11e-05,22.67435,0.1890114,0.1652615,20.95247,0.06319132,0.1143272,117594.6375397066,2.4216876400566282e-17,4.177973223547366
GALAXY,0.1771836,3.3600000000000004e-05,18.57297,0.01302112,0.06303260000000001,17.35826,0.007274121999999998,0.04360566,48474.384365593374,1.0584494588295181e-15,0.6319600900126974
GALAXY,0.1793109,3.26e-05,18.28644,0.01051844,0.0969934,17.061020000000006,0.006158173,0.06709959,49001.347619856046,1.3781044186294568e-15,0.5538391502605124
GALAXY,0.4826283,0.000210332,22.42834,0.17476770000000005,0.04425263,20.71939,0.06292701,0.03061377,112315.93559848769,3.037540836018494e-17,3.7304708631275836
GALAXY,0.1071061,3.33e-05,21.69582,0.1193243,0.1293917,20.63144,0.06906718,0.08951261,30398.89698594276,5.96389687473456e-17,2.6623163070228384
GALAXY,0.14655539999999995,2.28e-05,17.74682,0.007367482,0.0368321,16.64535,0.004812243,0.02548028,40746.535764049106,2.2653229518435417e-15,0.4319760334254897
GALAXY,0.6151696999999999,0.000134211,21.58016,0.06359601,0.06250457,20.41301,0.03747709,0.04324038,133645.98953270886,6.634285013896941e-17,2.5242226087912654
GALAXY,0.456717,0.000159199,22.14517,0.1188055,0.03678146,20.5241,0.04937967,0.02544524,107742.41747949451,3.942667248305201e-17,3.2743843225354103
GALAXY,0.2185079,3.55e-05,19.04109,0.01512233,0.06021589,17.67531,0.007966602,0.04165707,58487.64245535353,6.877365809042202e-16,0.7839956486826165
GALAXY,0.08978646,1.66e-05,16.823339999999998,0.005787247,0.06926188,15.89431,0.004215947,0.04791505,25713.351907855013,5.303006081921766e-15,0.2823343063132239
GALAXY,0.7646487,0.000148889,22.69356,0.184974,0.07736611,21.28103,0.08059829,0.05352152,154049.36195450305,2.379217388360372e-17,4.215097766671751
GALAXY,0.08762491,1.42e-05,18.06491,0.01359949,0.1806175,17.42675,0.01154586,0.1249503,25122.41338681804,1.6900288764978336e-15,0.5001239496346261
GALAXY,0.04097326,5.75e-06,17.57418,0.006882603,0.16082910000000006,17.01717,0.005715576,0.1112608,12032.03008974737,2.6557434877640446e-15,0.39896211018267297
GALAXY,0.4951584,0.000119957,22.10478,0.1056046,0.160242,20.43491,0.03652737,0.1108547,114477.92614227578,4.0920989356049196e-17,3.2140427741212063
GALAXY,0.5164373,0.000192321,22.76851,0.2313945,0.054566599999999986,21.22136,0.08408555,0.03774892,118077.04659793535,2.2205171164559774e-17,4.363124969136073
GALAXY,0.2022006,4.18e-05,19.02253,0.01346964,0.07040717,17.66534,0.007013084,0.04870735,54592.16376182068,6.995940790378489e-16,0.7773232401280419
GALAXY,0.06379374,8.63e-06,17.95082,0.0074840930000000016,0.157159,17.15316,0.0055787630000000005,0.1087219,18516.022864552346,1.8772846332919863e-15,0.4745256057868311
GALAXY,0.5529621,0.000100469,22.25911,0.09747085,0.03252631,20.52843,0.03395756,0.02250155,124048.26953678584,3.54988370092529e-17,3.4507830192561
GALAXY,0.4650021,0.000169656,22.27213,0.1368303,0.1370491,20.42522,0.03835564,0.09480992,109220.02805395414,3.5075682092239396e-17,3.4715358321936964
GALAXY,0.2886759,6.91e-05,19.73776,0.02477092,0.17754170000000002,18.17633,0.0102233,0.1228225,74442.67538025786,3.620379734401591e-16,1.0805569282748484
GALAXY,0.5178334,0.000157401,21.62059,0.1620438,0.13069589999999998,19.91067,0.04912761,0.09041483,118310.04152584409,6.391784514069972e-17,2.57166060662298
GALAXY,0.5610228,0.000159419,23.77703,0.5654809000000001,0.17112950000000002,21.14644,0.09106945,0.1183866,125331.8318616539,8.770939698966105e-18,6.9422724290462465
GALAXY,0.13889,2.11e-05,17.78322,0.007285164,0.1003662,16.68958,0.004852165,0.06943287,38770.89435040187,2.190635519782191e-15,0.43927820116516525
GALAXY,0.03958839,1.28e-05,16.331310000000002,0.003908034,0.1616251,15.45301,0.0031050590000000003,0.1118115,11633.554234155261,8.343228254586969e-15,0.22509075209466617
GALAXY,0.5964086,0.000163491,21.62027,0.1173798,0.05922884,20.10858,0.04452749,0.04097424,130824.87564297894,6.393668648063266e-17,2.5712816606333067
GALAXY,0.24389320000000006,4.22e-05,19.54151,0.0342742,0.12796749999999998,18.07095,0.01342475,0.0885273,64409.146835019055,4.337646192996184e-16,0.9871829645118015
GALAXY,0.6063119,0.00019176,22.48664,0.232996,0.08435111,21.01933,0.09016339,0.0583537,132321.76767606402,2.8787378977939145e-17,3.831983693064675
GALAXY,0.5411073000000001,0.0001607,22.59627,0.14952620000000005,0.04204214,20.89857,0.05765407,0.02908456,122138.28447422179,2.602256639006506e-17,4.030413940246888
GALAXY,0.31472740000000005,5.44e-05,21.20881,0.08565744,0.05565435,19.23974,0.02541313,0.03850142,80044.19776182307,9.339725778598161e-17,2.127441624955486
GALAXY,0.4132808,8.070000000000001e-05,21.09145,0.07560523,0.02582761,19.11372,0.02178612,0.01786742,99754.96101196947,1.0405863512198839e-16,2.015513225517197
GALAXY,0.08876533,2.54e-05,16.55274,0.003867694,0.05061889,15.56419,0.002908988,0.03501792,25434.359786768095,6.803965850603003e-15,0.24925486992223686
GALAXY,0.4206169,0.000179914,21.83178,0.09236875,0.02286867,20.26668,0.03598624,0.01582044,101132.86723332223,5.261942829446287e-17,2.834338083966557
GALAXY,0.5793825,0.00016533099999999998,22.31352,0.1085202,0.06280277,20.68244,0.04124929,0.04344667,128210.35677336802,3.376370718489097e-17,3.5383407351428446
GALAXY,0.07190592,1.5399999999999998e-05,18.160020000000006,0.007937439000000001,0.4690996,17.26211,0.005484929,0.3245209,20783.684577982356,1.5482822153306017e-15,0.5225160706591861
GALAXY,0.02668536,9.65e-06,19.22769,0.01829574,0.0936145,18.85861,0.02201314,0.06476208,7893.36430286312,5.791380842881203e-16,0.8543457282278175
GALAXY,0.4187737,0.000112598,21.12175,0.08788917,0.14290160000000002,19.35571,0.02711213,0.0988587,100787.78729682055,1.0119478340963065e-16,2.043834154073825
GALAXY,0.6352036999999999,0.000216386,23.20525,0.3704918,0.09870033,21.12389,0.09425774,0.06828043,136590.8570076992,1.4851082997110335e-17,5.335137936169336
GALAXY,0.1787403,3.3100000000000005e-05,19.6135,0.01894736,0.02736745,18.44971,0.01107954,0.01893267,48860.125391044356,4.0593652085048946e-16,1.0204592160748136
GALAXY,0.4153762,0.000152929,22.34366,0.1049072,0.03858664,20.8087,0.04524543,0.02669406,100149.74670045928,3.283931769739356e-17,3.5877952642296944
GALAXY,0.1393917,3.83e-05,18.54753,0.01231112,0.03307704,17.728839999999995,0.009510958,0.02288254,38900.713137907325,1.0835429361065957e-15,0.6245995288248439
GALAXY,0.4746842000000001,0.00010791,21.54567,0.09384853,0.1024463,19.97874,0.03094999,0.07087187,110928.5824984122,6.848415873224112e-17,2.4844465181978594
GALAXY,0.364711,6.22e-05,20.73024,0.04189315,0.1586675,19.02695,0.01576065,0.1097654,90325.80364645777,1.4513164746851775e-16,1.7066468059370314
GALAXY,0.7302811,0.000269786,23.5057,0.6180673000000001,0.07637373,21.44836,0.129098,0.052835,149666.26137652993,1.1261030252682614e-17,6.126827489795955
GALAXY,0.5279562,0.000100606,21.93244,0.09659585,0.03666729,20.2564,0.03485885,0.02536626,119988.01399902784,4.7960325861203836e-17,2.9688185317959985
GALAXY,0.7893687,0.000128974,22.26502,0.1912832,0.1299364,21.73493,0.1769416,0.0898894,157096.67071737198,3.5306130749484144e-17,3.4601876543990744
GALAXY,0.4530462000000001,0.000129758,21.14034,0.07635297,0.05839781,19.54729,0.02874591,0.04039934,107083.11479231433,9.947687304480239e-17,2.061406552945691
GALAXY,0.5120682,0.000114077,22.60141,0.17455199999999998,0.05370136,20.48403,0.04223153,0.03715035,117345.40520649566,2.589966371668053e-17,4.039965461734355
GALAXY,0.5316069999999999,0.00019815900000000005,22.19709,0.1595106,0.1234109,20.53501,0.05170173,0.08537507,120588.28217430436,3.75856551874144e-17,3.3536184656312678
GALAXY,0.4504773,5.820000000000001e-05,20.694000000000006,0.04138716,0.1490799,18.97098,0.01371122,0.1031328,106620.02012762762,1.500576445991116e-16,1.6784007011608266
GALAXY,0.6790844,0.000239468,21.68737,0.13198959999999998,0.09520003,20.70434,0.08326209,0.06585895,142805.29228673433,6.010493408367264e-17,2.6519763836664207
GALAXY,0.1546981,3.4200000000000005e-05,18.5298,0.01131471,0.0468591,17.46593,0.007191497,0.03241691,42826.87384773284,1.1013823822291958e-15,0.6195204578859994
GALAXY,0.1485678,2.68e-05,17.96251,0.008271601,0.04725197,16.88406,0.005246289,0.03268869,41262.42607708437,1.8571805435538194e-15,0.4770870763675852
GALAXY,0.5112169,0.000125605,22.32044,0.14577910000000002,0.03713099,20.5999,0.05666461,0.02568705,117202.4088419714,3.3549196645574363e-17,3.549634626739052
GALAXY,0.8042659000000001,0.000333067,22.83031,0.2818237,0.08063935,22.45527,0.33745040000000004,0.05578593,158891.86655994243,2.0976553072534466e-17,4.489083175738247
GALAXY,0.4301828,0.000144394,21.79418,0.11233110000000003,0.02669313,20.322,0.0479103,0.01846619,102911.77928241064,5.4473605987639184e-17,2.785682733285487
GALAXY,0.498397,0.00017994200000000002,22.23295,0.1628065,0.2121928,20.63264,0.06291494,0.146794,115031.548322664,3.636454225657383e-17,3.4094604132391644
GALAXY,0.6595632,0.000193325,21.46271,0.1215343,0.05996430000000001,20.18458,0.07392071,0.04148303,140079.8962650736,7.392207093719027e-17,2.391319758586572
GALAXY,0.5062519,0.000132861,21.67847,0.1483961,0.1351922,19.90674,0.05680007,0.09352536,116365.55138553226,6.05996513040679e-17,2.641129233630961
GALAXY,0.7656525,0.000323172,22.72625,0.1861967,0.05954086,21.59198,0.1188856,0.04119009,154174.79451923457,2.308650148675981e-17,4.279033162498534
GALAXY,0.5891725,0.00011762,21.935270000000006,0.1263751,0.04772601,20.02573,0.0387078,0.03301663,129720.0857640088,4.7835478788552685e-17,2.972690205982212
GALAXY,0.02339709,3.4e-05,17.71071,0.01142282,0.05583881,17.32525,0.01119592,0.03862903,6932.236295357819,2.3419311609054036e-15,0.4248519855548152
GALAXY,0.1082539,7.15e-06,18.0437,0.009207005,0.1906244,17.60612,0.009572688,0.1318731,30706.321408661614,1.7233683993027114e-15,0.495262735728655
GALAXY,0.4626687,0.000115694,21.88946,0.08441436,0.12474489999999998,20.14213,0.0307743,0.08629792,108805.33678633819,4.9896964412594164e-17,2.910634362665958
GALAXY,0.392207,8.209999999999999e-05,21.08459,0.05549255,0.09714934,19.24036,0.01927088,0.06720746,95729.87343029228,1.0471818955447465e-16,2.00915597050406
GALAXY,0.1197068,2.6600000000000006e-05,18.46188,0.01062767,0.136232,17.4641,0.007287413,0.09424465,33752.88232149695,1.1724818409172913e-15,0.6004428148997536
GALAXY,0.1372214,1.5e-05,18.48703,0.01172295,0.132347,17.73966,0.009180433,0.09155703,38338.61302475792,1.1456346096349375e-15,0.607437573862423
GALAXY,0.5271766999999999,0.000143369,21.82651,0.1262537,0.1014167,20.09502,0.04629358,0.07015963,119859.51296046257,5.2875455930783744e-17,2.827467699221777
GALAXY,0.1799912,6.1e-05,21.9814,0.09275072,0.0409245,21.45786,0.07771805,0.02831138,49169.60190734527,4.584564901439251e-17,3.0365165483746894
GALAXY,0.3478588,5.42e-05,20.72593,0.0434369,0.03624287,19.0231,0.01535628,0.02507265,86926.35699642767,1.4570891530482979e-16,1.703262764454598
GALAXY,0.230561,3.4200000000000005e-05,20.09054,0.03464446,0.043285,18.7484,0.01682428,0.02994436,61320.678150652995,2.6160264167750144e-16,1.2711700510477002
GALAXY,0.1546261,2.4100000000000006e-05,18.626620000000006,0.01078363,0.07439255,17.69148,0.007390221999999998,0.05146442,42808.561350336146,1.0074189716466747e-15,0.6477682422211404
GALAXY,0.4503818,8.37e-05,21.80475,0.0949453,0.0517196,20.20425,0.03711879,0.03577938,106602.77730370984,5.3945860525625133e-17,2.7992755591328193
GALAXY,0.03144687,5.51e-06,17.670579999999994,0.007067896,0.03890543,17.295070000000006,0.007691456,0.02691459,9279.37225419479,2.430111077862483e-15,0.4170725931854388
GALAXY,0.10611199999999997,2.19e-05,18.18124,0.007791064,0.138069,17.24454,0.005392496,0.09551547,30132.32927841878,1.518315848129864e-15,0.5276472175115436
GALAXY,0.367701,6.73e-05,20.89377,0.07457912,0.2576844,19.28037,0.02663196,0.17826489999999998,90921.95794026334,1.2483895516683135e-16,1.8401348578055765
GALAXY,0.1757882,5.76e-05,18.90838,0.01396224,0.08704962,17.70031,0.008213202,0.06022052,48128.0382797842,7.771522795181779e-16,0.737516349400599
GALAXY,0.6834164,0.000247798,21.45529,0.1293931,0.1147168,20.51412,0.09477159,0.07936051,143401.74395400216,7.442898992107278e-17,2.3831624770198268
GALAXY,0.1577365,2.9100000000000006e-05,18.44131,0.009388481,0.08719779,17.37589,0.006408358,0.06032303,43598.32396749701,1.1949070547096549e-15,0.59478177452713
GALAXY,0.01746398,1.75e-05,19.25517,0.02237676,0.1032104,19.02542,0.02838334,0.07140049,5189.85940115534,5.646640323884813e-16,0.8652261808705269
GALAXY,0.6607097,0.000287214,22.0439,0.1985813,0.04186245,20.72165,0.09731298,0.02896025,140241.6801063662,4.3281083582424416e-17,3.1251844324218307
GALAXY,0.03901441,8.14e-06,17.867079999999994,0.006026809,0.07003684,17.0391,0.004814557,0.04845116,11468.232197385352,2.0278046994655845e-15,0.45657450009721195
GALAXY,0.7103235,0.000272379,23.93184,0.5574355,0.09457663,21.77265,0.1271475,0.06542768,147040.00539096375,7.60540113546103e-18,7.455274734475005
GALAXY,0.5671461999999999,0.000134058,20.58,0.07442624,0.09295852,19.62633,0.05226521,0.06430827,126298.80222660971,1.6667026471997213e-16,1.5925594456801264
GALAXY,0.04181846,1.03e-05,16.758129999999998,0.005016854,0.2103874,16.69153,0.008027526,0.145545,12274.942671365503,5.631267075263825e-15,0.27398176070571556
GALAXY,0.5960058000000001,0.00019659,22.92739,0.3048851,0.08041091,20.67879,0.06265627,0.0556279,130763.62336966427,1.918236388518233e-17,4.694330390155751
GALAXY,0.5177044,0.000139503,21.78249,0.10573010000000002,0.03948256,20.5042,0.05098346,0.02731385,118288.52880996854,5.506328600929256e-17,2.7707264606843656
GALAXY,0.2286794,3.86e-05,19.43337,0.01852765,0.07199367,18.00611,0.008757727,0.04980488,60880.98308384377,4.791926247430144e-16,0.9392250179608177
GALAXY,0.1079077,1.1e-05,17.749370000000006,0.007482437,0.03962964,16.89149,0.005714246,0.0274156,30613.636291875468,2.2600087739862298e-15,0.4324836087980082
GALAXY,0.09731644,2.43e-05,18.46471,0.009563169,0.05684725,17.54737,0.006910305,0.03932666,27761.24372098305,1.1694297155835563e-15,0.6012258600477974
GALAXY,0.08211335,7.75e-06,18.05195,0.007770308,0.1241533,17.43548,0.006544370999999999,0.08588871,23609.41138617681,1.7103229572932329e-15,0.49714794925171707
GALAXY,0.003314297,2.24e-05,21.80832,0.09523647,0.0432658,21.69112,0.1204203,0.02993108,991.9547083739931,5.376877289919027e-17,2.8038814813728177
GALAXY,0.5460814,0.000227172,22.95938,0.3033687,0.1237477,21.25389,0.11262060000000003,0.08560811,122942.93315084669,1.8625422161790883e-17,4.763998897208545
GALAXY,0.1380769,3.2e-05,18.87535,0.01221687,0.122979,17.78409,0.007602821999999999,0.08507631,38560.34547343429,8.011579105107718e-16,0.7263829677436497
GALAXY,0.1750128,9.38e-06,18.09548,0.007912617,0.294315,17.2706,0.006015591999999999,0.2036058,47935.3448062921,1.6431080569299347e-15,0.5072144904570687
GALAXY,0.5304824,0.000194342,22.536720000000006,0.2240195,0.04871772,21.02856,0.08736695,0.0337027,120403.64943313468,2.7489707903764194e-17,3.9213865262045817
GALAXY,0.207701,2.81e-05,18.59056,0.01077627,0.03929365,17.3363,0.006093333,0.02718317,55914.180611898955,1.0414396906707575e-15,0.6371000692359012
GALAXY,0.6126664,0.00017508900000000002,22.42944,0.1850131,0.06761075,20.82674,0.06380925,0.0467728,133273.14360513826,3.03446494808092e-17,3.732361081701813
GALAXY,0.08089168,4.52e-06,18.095270000000006,0.007199692,0.1002908,17.623479999999994,0.006582746,0.06938072,23272.83494638318,1.6434258929403326e-15,0.5071654408388291
GALAXY,0.03258096,2.61e-05,17.49278,0.006158294,0.1596749,16.68755,0.004694363,0.1104624,9608.490140560225,2.8625041514742516e-15,0.38428342455607745
GALAXY,0.2874706,5.7e-05,19.04979,0.02240049,0.13064669999999998,17.36543,0.008660848,0.09038076,74179.3841336013,6.822477706239197e-16,0.7871430265009497
GALAXY,0.3967884,0.000106595,20.93959,0.04915384,0.09426477,19.196720000000006,0.01745694,0.06521193,96613.43650585294,1.196801501002176e-16,1.8793758950569297
GALAXY,0.60611,0.000213199,22.04854,0.1172864,0.1060786,20.38165,0.03969238,0.07338469,132291.42355920066,4.3096512305731095e-17,3.1318694630261605
GALAXY,0.4535368,9.68e-05,21.90471,0.11268319999999997,0.1615098,20.0158,0.02905612,0.1117317,107171.3955637604,4.920102213700477e-17,2.931147357602129
GALAXY,0.4517045,9.98e-05,21.73073,0.10432260000000003,0.1966897,20.05129,0.03561571,0.136069,106841.42212648712,5.775187984013667e-17,2.705463332624819
GALAXY,0.3345611,7.45e-05,20.80367,0.04173874,0.0677355,19.07674,0.01480915,0.04685911,84196.11915558144,1.3564073211663356e-16,1.7653452456282561
GALAXY,0.0120204,1.03e-05,13.95055,0.002200664,0.1218931,13.354920000000002,0.002060508,0.08432508,3581.9682996162596,7.475463497914983e-14,0.07519788956955163
GALAXY,0.5481195,0.000156094,21.46618,0.1119916,0.1204851,20.03366,0.04758668,0.08335101,123271.2733288109,7.368619400818437e-17,2.3951441281894117
GALAXY,0.07159244,2.15e-05,18.28751,0.009726262,0.07500484,17.44431,0.006931576,0.051888,20696.41681744688,1.3767469568812428e-15,0.5541121235282752
GALAXY,0.1444054,3.81e-05,18.74883,0.009793957,0.04219572,17.68095,0.006428705,0.029190800000000006,40194.09702430031,9.001732958525687e-16,0.6852698938820463
GALAXY,0.5227457,0.000110665,21.13342,0.06319369,0.08722281,20.0193,0.03690503,0.06034034,119126.8131064938,1.0011291920447056e-16,2.0548477646215897
GALAXY,0.08067291,2.02e-05,17.1239,0.00492844,0.0332646,16.18342,0.0036796,0.0230123,23212.51625339336,4.0206671831485226e-15,0.3242467653309737
GALAXY,0.5626637,0.000182287,24.12596,0.5969864,0.1049493,21.35326,0.0842848,0.07260345,125591.63625047705,6.360249100304843e-18,8.152440771359673
GALAXY,0.9054181,0.000412382,23.98871,0.6466026999999999,0.02632269,21.92546,0.1696965,0.01820991,170309.76294390493,7.217289485556568e-18,7.653104654994685
GALAXY,0.1577384,1.8100000000000006e-05,18.07361,0.01011255,0.157024,17.39036,0.008442149,0.1086285,43598.80556089742,1.6765407938090802e-15,0.5021317146370731
GALAXY,0.07958295,1.33e-05,17.57131,0.008268687,0.08992503,16.91668,0.0071206809999999985,0.06220972,22911.785130386903,2.6627728808260643e-15,0.3984351567171738
GALAXY,0.5664596,0.000198651,22.02835,0.1687204,0.09198649,20.40667,0.05876401,0.06363583,126190.7247694518,4.3905418910745004e-17,3.1028848023833167
GALAXY,0.4882889,0.00010302,22.39296,0.1271354,0.1331734,20.57893,0.04254455,0.09212872,113296.59547544635,3.1381530830877264e-17,3.6701824338757683
GALAXY,0.4899109,0.000104778,21.53104,0.07894983,0.04047349,19.88398,0.02956107,0.02799938,113576.39072276717,6.941320943663196e-17,2.467764158379644
GALAXY,0.4066102,0.000109542,20.77738,0.06312981,0.16095610000000002,18.87785,0.01860297,0.1113487,98491.66999300063,1.3896522188779803e-16,1.7441010850635237
GALAXY,0.1001832,4.45e-05,18.8816,0.01323001,0.4392666,17.80782,0.008284769,0.30388259999999995,28536.539488395083,7.965593233524404e-16,0.728476677630651
GALAXY,0.7369159000000001,0.000228175,23.16457,0.3759143,0.2585172,21.63023,0.1397056,0.178841,150526.01560348066,1.5418073980119775e-17,5.23612073835433
GALAXY,0.06010727,1.31e-05,17.461389999999998,0.006373229,0.2844841,16.57402,0.004633735,0.1968048,17479.06979774999,2.946470689270691e-15,0.3787683240202374
GALAXY,0.05023498,5.42e-06,18.17902,0.0077395530000000014,0.2768376,18.02493,0.008724471,0.191515,14682.250939399268,1.5214235178436573e-15,0.5271080542025847
GALAXY,0.5667983,0.00023795,22.955,0.3111462,0.1575967,20.99159,0.07769572,0.1090247,126244.05031799295,1.870071127992025e-17,4.7543992887270665
GALAXY,0.4887092000000001,0.000129225,22.31594,0.2056096,0.1076455,20.56556,0.06636783,0.07446869,113369.14869069592,3.3688534984794734e-17,3.5422862412967366
GALAXY,0.3747808,6.709999999999999e-05,20.41355,0.03578742,0.0708273,18.70717,0.01347763,0.048998,92325.22607649377,1.9428448711450552e-16,1.4750462991439217
GALAXY,0.4361640000000001,0.000126181,20.9232,0.07602968,0.04022757,19.05551,0.02432474,0.02782925,104013.91367162719,1.2150051680062881e-16,1.8652440026874737
GALAXY,0.28510440000000004,4.760000000000001e-05,20.075,0.02913592,0.02874334,18.44386,0.01196748,0.01988451,73661.4277136824,2.6537385002706947e-16,1.2621054795707403
GALAXY,0.6530215,0.000257894,23.95124,0.4520915,0.03909502,21.91777,0.13334129999999994,0.02704575,139152.64124674245,7.470714249316008e-18,7.522178800275251
GALAXY,0.21293470000000006,4.78e-05,19.12557,0.01545302,0.04772745,17.7683,0.008239734,0.03301763,57164.44431140911,6.362534132979349e-16,0.8150976711127297
GALAXY,0.5055162999999999,0.000206216,22.24086,0.108494,0.03674528,20.62481,0.04121784,0.02542022,116241.14774306581,3.6100575492087986e-17,3.421902667162824
GALAXY,0.5598649,0.000145782,21.78317,0.126119,0.04581637,20.2408,0.05196277,0.03169555,125148.19906964658,5.502881049726213e-17,2.7715942539012257
GALAXY,0.5263996999999999,0.000170697,22.35036,0.1534086,0.03022747,20.42847,0.0446609,0.02091122,119731.30652605502,3.2637292612926147e-17,3.5988823730870454
GALAXY,0.2098878,3.3799999999999995e-05,18.802670000000006,0.01162437,0.03452872,17.799670000000006,0.008050966,0.02388681,56437.48472285731,8.566237778260112e-16,0.7024730255035417
GALAXY,0.7210842,0.000136079,23.53303,0.4663697,0.1846852,21.19254,0.08988681,0.1277644,148463.5537534924,1.0981107047258916e-17,6.2044266166813316
GALAXY,0.4856151,9.59e-05,21.81772,0.1116745,0.04984589,20.09886,0.04159154,0.03448316,112834.19418970715,5.330526726758064e-17,2.8160454006483433
GALAXY,0.5845852,0.000183085,22.00951,0.1481945,0.13771170000000002,20.65725,0.06752777,0.09526835,129014.83274875597,4.46739264852036e-17,3.076080185932676
GALAXY,0.7128045,0.000188927,21.83866,0.1195836,0.09983591,21.15346,0.1092881,0.06906602,147369.7949801172,5.228704822819617e-17,2.8433325203935635
GALAXY,0.1109672,1.28e-05,18.44931,0.009986219,0.03353746,17.80084,0.008580434,0.02320106,31431.522267998982,1.1861350112498745e-15,0.5969770729694396
GALAXY,0.10571760000000002,2.23e-05,18.2511,0.009360968,0.1463085,17.48556,0.007398269,0.1012155,30026.4912430008,1.4236988203948989e-15,0.5448985500629995
GALAXY,0.15162679999999998,2.4e-05,18.09206,0.008060351,0.05604935,16.87265,0.004879804000000001,0.03877468,42044.413443713645,1.6482919029258426e-15,0.5064162725111321
GALAXY,0.4844568,0.000127045,21.48754,0.1026202,0.05608451,19.84661,0.0349937,0.038799,112633.42698374901,7.225071099624277e-17,2.4188205645733154
GALAXY,0.5909566999999999,0.000247887,22.31745,0.186647,0.1121058,20.638720000000006,0.06043287,0.07755425,129993.36506388147,3.364171483621878e-17,3.5447503354184713
GALAXY,0.4940207,0.000186842,22.054,0.1346769,0.1471349,20.14145,0.03740358,0.1017872,114282.93958498798,4.28803306167543e-17,3.1397542160389844
GALAXY,0.3865139,0.000101655,20.55037,0.05710239,0.09429126,18.62013,0.01597563,0.06523026,94625.24968840236,1.712813688892119e-16,1.5709763688194365
GALAXY,0.5069030999999999,0.000129121,22.19401,0.1771843,0.07303921,20.58293,0.0614675,0.05052819,116475.5913986411,3.769242897958088e-17,3.3488650905016835
GALAXY,0.704449,0.000297674,22.99581,0.30733449999999995,0.06382744,21.64344,0.13636610000000002,0.04415553,146255.34170072782,1.8010846512417718e-17,4.844596959535962
GALAXY,0.6582555999999999,0.000211166,22.81071,0.2660212,0.04773499,21.35169,0.1182407,0.03302284,139895.11531361853,2.1358666037710838e-17,4.448746427705569
GALAXY,0.07059374,1.2e-05,21.41632,0.06793302,0.06483372,21.60962,0.09713174,0.04485167,20418.201122549734,7.714896874612983e-17,2.3407749020906974
GALAXY,0.5055127,0.000117194,21.86917,0.1434572,0.05163968,19.99809,0.04419703,0.03572409,116240.53865069519,5.0838195302811256e-17,2.8835643808790845
GALAXY,0.2418072,3.28e-05,19.43686,0.01896612,0.13751329999999998,17.95597,0.0081873,0.09513108,63929.0280866401,4.776547767182693e-16,0.9407357582465065
GALAXY,0.5240973,0.000145606,22.37551,0.140327,0.1040017,20.89689,0.05275065,0.07194789,119350.7162272997,3.1889971065904774e-17,3.6408069562614434
GALAXY,0.08081359,1.07e-05,17.71424,0.008086833,0.17633829999999998,16.91903,0.005995305,0.12199000000000003,23251.3057940972,2.3343293213015782e-15,0.4255431972693037
GALAXY,0.5462416,0.0002029,22.1531,0.1773239,0.13816679999999998,20.71302,0.06547014,0.09558318,122968.77008659921,3.91397570179664e-17,3.286363907312577
GALAXY,0.5718379,0.000225155,22.1644,0.20213370000000005,0.23891,20.37462,0.05860268,0.16527679999999995,127034.99080991423,3.8734515243073446e-17,3.30351020147214
GALAXY,0.1244079,1.27e-05,18.68118,0.01001452,0.2069591,17.82196,0.007176598,0.1431733,34992.41544995349,9.580454777050041e-16,0.6642501364246494
GALAXY,0.03818974,8.74e-06,17.62574,0.00740805,0.1874378,17.186989999999998,0.007933494000000001,0.12966860000000002,11230.532383882379,2.5325738904362726e-15,0.4085485300727307
GALAXY,0.4112315,6.63e-05,21.27905,0.07048912,0.1312855,19.42759,0.02105783,0.09082269,99367.91676036919,8.754636634820592e-17,2.197382453527578
GALAXY,0.4488379,0.00011624,22.0458,0.134866,0.07338296,20.40195,0.0440096,0.05076599,106323.75157682334,4.320540944808898e-17,3.1279201102552383
GALAXY,0.5164032000000001,0.000100776,21.30769,0.08910964,0.07669597,19.76763,0.03584542,0.05305792,118071.35085490864,8.526722421323319e-17,2.22655615254732
GALAXY,0.5630161,0.000157313,22.67015,0.1819808,0.07095066,20.91249,0.06808835,0.04908334,125647.36651755893,2.431073700928006e-17,4.1699001168052385
GALAXY,0.108844,3.2299999999999986e-05,18.56667,0.009225735,0.05824863,17.58351,0.00618512,0.04029613,30864.223365070127,1.0646089801659777e-15,0.6301292683670524
GALAXY,0.1677276,3.11e-05,18.9574,0.02283915,0.1023177,17.78709,0.01219212,0.0707829,46116.69895206952,7.428448643349678e-16,0.7543547898455196
GALAXY,0.4945456,0.000175485,21.84044,0.1458614,0.1051379,20.37529,0.05996116,0.07273389,114372.93293761615,5.2201396948473553e-17,2.8456642132980217
GALAXY,0.6101726,0.00025587,22.21779,0.2069409,0.1216978,20.83781,0.1017871,0.08418998,132900.6239141583,3.687585725780364e-17,3.3857403730826356
GALAXY,0.0950002,1.49e-05,16.914460000000002,0.005600834,0.1252189,15.88142,0.003842849,0.08662584,27133.076421718757,4.876117083669473e-15,0.29443379201357306
GALAXY,0.4846544,0.000131752,22.30896,0.14143599999999998,0.1188409,20.52013,0.04626323,0.08221357,112667.69624586572,3.390581009343059e-17,3.5309181658757476
GALAXY,0.1439473,3e-05,18.62782,0.01147975,0.1019023,17.56909,0.006999256999999999,0.07049555,40076.21879400278,1.0063061461349435e-15,0.6481263111096958
GALAXY,0.08957521,1.07e-05,17.8937,0.01066601,0.16221229999999998,17.41347,0.01060701,0.1122177,25655.659509557547,1.9786916688327043e-15,0.4622060781432496
GALAXY,0.07410337,1.92e-05,17.10376,0.005468374,0.08345345,16.237170000000006,0.004095544,0.05773271,21394.603595845496,4.0959450836143295e-15,0.3212533404821079
GALAXY,0.1105826,3.620000000000001e-05,18.38213,0.01042251,0.1094623,17.382820000000002,0.00654181,0.07572549,31328.8579936936,1.2618453312817328e-15,0.5787908439496068
GALAXY,0.04152038,1.09e-05,16.21047,0.003507834,0.1615758,15.368329999999998,0.0029156090000000004,0.1117774,12189.298066585523,9.325457028376823e-15,0.2129068587052004
GALAXY,0.2908047,6.42e-05,19.65521,0.02906859,0.1165512,18.07345,0.01177983,0.08062957,74906.80077351582,3.906376738814648e-16,1.0402498270939564
GALAXY,0.5703823,0.00019251,22.73592,0.2371748,0.0252995,20.7515,0.05572586,0.01750208,126807.02257754945,2.2881796833615992e-17,4.298131042912767
GALAXY,0.1835756,2.3e-05,18.54697,0.01225153,0.06794984,17.5716,0.008127795,0.04700739,50053.98367414448,1.0841019490157235e-15,0.6244384719139989
GALAXY,0.5095829000000001,0.000148254,22.84286,0.1945681,0.1529723,21.01643,0.05346409,0.10582550000000003,116927.53664948975,2.073548152888827e-17,4.515102898621191
GALAXY,0.3523832,7.36e-05,20.96162,0.0705906,0.1602387,19.19104,0.02276763,0.1108524,87845.6340119188,1.1727626474158503e-16,1.8985395656136081
GALAXY,0.5076536,0.000202511,22.04752,0.1434599,0.059653,20.10255,0.04199902,0.04126766,116602.30639113723,4.313701855145623e-17,3.130398683714336
GALAXY,0.07585754,1.84e-05,17.45746,0.005304641999999999,0.08799908,16.53454,0.003859741,0.06087735,21881.261154329997,2.9571552480521866e-15,0.3780834369832631
GALAXY,0.5665272,0.000170649,22.27138,0.1662007,0.036219,20.67131,0.06298307,0.02505613,126201.36953365426,3.5099919885526713e-17,3.4703370132357514
GALAXY,0.1580476,1.04e-05,17.69293,0.00661486,0.0541294,17.21031,0.005986376999999999,0.03744647,43677.16495832364,2.38059833329311e-15,0.42138750357715077
GALAXY,0.4734594,0.000174574,21.99733,0.14300929999999998,0.07476404,20.56664,0.06703623,0.05172142,110713.524720877,4.5177908885757097e-17,3.0588744523359233
GALAXY,0.4372221,7.91e-05,20.97341,0.0617144,0.03467637,19.20489,0.02207092,0.02398895,104208.07791970269,1.1600965231619107e-16,1.9088757125655924
GALAXY,0.50978,0.000146985,22.40778,0.15906729999999994,0.05845047,20.81758,0.05829368,0.04043576,116960.72099289308,3.095609175135543e-17,3.6953165943244723
GALAXY,0.4714692,0.000159332,21.73599,0.1028613,0.05137124,20.3438,0.04549726,0.03553839,110363.40988548652,5.747276946908491e-17,2.712024773004423
GALAXY,0.1630466,3.4200000000000005e-05,18.73768,0.009950584,0.07914078,17.53949,0.005873428000000001,0.05474923,44940.29782396761,9.094652825852848e-16,0.6817602125868559
GALAXY,0.2717212,8.6e-05,19.81321,0.03233149,0.1720195,18.23234,0.01276015,0.11900230000000002,70704.96837612211,3.3773348793561316e-16,1.1187618599279554
GALAXY,0.5585033,0.000125209,21.79742,0.14289010000000002,0.1091725,20.21494,0.05441915,0.07552506,124931.94100655345,5.4311290867858734e-17,2.789842283649624
GALAXY,0.1213547,3.17e-05,18.65482,0.01098486,0.2195308,17.56423,0.006418927,0.1518704,34188.10884933114,9.81589999683194e-16,0.6562353969628244
GALAXY,0.3979507,7.840000000000001e-05,21.43073,0.09645353,0.1252991,19.65822,0.02923611,0.08668131,96836.83937862497,7.613180476356025e-17,2.3563600566774516
GALAXY,0.1143313,5.460000000000001e-05,19.20279,0.01836786,0.4554013,17.93001,0.009285936,0.3150445,32327.696274943763,5.925733626777893e-16,0.844605008148982
GALAXY,0.09606278,8.72e-06,18.26341,0.009255533,0.07082079,17.45876,0.00649848,0.04899349,27421.444466021978,1.4076481866678579e-15,0.5479963329131827
GALAXY,0.5068722,0.000170975,21.46634,0.0882663,0.04952513,20.07868,0.03956176,0.03426126,116470.37181494143,7.367533600941013e-17,2.3953206154326514
GALAXY,0.5707929,0.00015991899999999998,21.88964,0.102002,0.1286022,20.73658,0.05616233,0.08896638,126871.36803752981,4.9888692873802544e-17,2.9108756440647015
GALAXY,0.7442486,0.000315893,23.40974,0.3794956,0.06227604,21.8359,0.17163599999999998,0.04308227,151468.57997273142,1.2301614838222901e-17,5.861970820303613
GALAXY,0.4988549,0.000120958,21.30235,0.08477957,0.02923328,19.83094,0.03750368,0.02022345,115109.65348545204,8.568762885255996e-17,2.221087419764241
GALAXY,0.142604,4.33e-05,18.7181,0.0116031,0.03011715,17.62878,0.007555155,0.02083491,39730.215946058095,9.260152208361366e-16,0.6756404652025608
GALAXY,0.6453065,0.00027837,24.05696,0.6606510999999999,0.09536859,21.55806,0.1021198,0.06597555,138049.94355929332,6.777571770550722e-18,7.897463952640498
GALAXY,0.1207728,2.19e-05,17.94014,0.007560516999999998,0.05634974,16.922620000000002,0.005205131,0.03898248,34034.513027163484,1.8958419341539523e-15,0.4721974661379261
GALAXY,0.06663162,6.98e-06,17.38233,0.006300638000000001,0.03509988,17.07876,0.007468486,0.02428193,19311.53412311851,3.1690283559449024e-15,0.3652259709138761
GALAXY,0.5661519,0.00016660200000000002,22.45849,0.1924511,0.1428983,20.69368,0.05640842,0.0988564,126142.26150422722,2.954351228444352e-17,3.7826281679563674
GALAXY,0.5038983,0.000157153,21.42073,0.09161175,0.03976406,20.0056,0.04203879,0.02750859,115967.13379392191,7.68362436798501e-17,2.3455335656474827
GALAXY,0.070857,1.22e-05,18.39005,0.008915918,0.05746469,17.56713,0.006839881999999999,0.03975381,20491.56815814787,1.2526741780499587e-15,0.580905719219984
GALAXY,0.4806647,0.000179508,21.76957,0.08901283,0.06204969,20.07966,0.03109892,0.04292569,111974.22254835333,5.572243999322482e-17,2.7542899172808313
GALAXY,0.3259408,0.000124257,21.56598,0.0911495,0.08990003,20.10709,0.04050297,0.06219243,82403.39143314515,6.721498796438687e-17,2.50779280643315
GALAXY,1.0133530000000002,0.000205614,23.14505,0.2211827,0.04514943,22.21823,0.1500964,0.03123417,181147.12268454037,1.569777591300294e-17,5.189262645112462
GALAXY,0.5302839,0.000171841,22.51189,0.1475422,0.1180706,20.91156,0.06002649,0.08168068,120371.03501568435,2.812562132171111e-17,3.876802280628166
GALAXY,0.16062520000000002,4.89e-05,19.90263,0.02736526,0.04859535,18.84685,0.01705936,0.03361804,44329.34574804048,3.110327535819185e-16,1.1657935610449315
GALAXY,0.1387386,1.03e-05,18.40611,0.008789455,0.1279387,17.73836,0.00746849,0.08850741,38731.7042786441,1.2342812316417063e-15,0.585217968589894
GALAXY,0.7326804,0.000358795,23.60175,0.3240136,0.04499304,21.90408,0.1194224,0.03112598,149977.92917515914,1.030761348970512e-17,6.4039163778281445
GALAXY,0.394696,7.54e-05,20.48086,0.03884377,0.02526851,18.71203,0.01307744,0.01748064,96210.49000320939,1.8260561396403482e-16,1.5214849200565226
GALAXY,0.2235504,6.05e-05,19.87691,0.04748381,0.0881854,19.13784,0.02721071,0.06100625,59677.61306678906,3.184887711753049e-16,1.152066775788993
GALAXY,0.07299396,1.52e-05,17.518060000000002,0.005127056,0.02749397,16.73767,0.004213011,0.0190202,21086.351898243072,2.7966242888310222e-15,0.38878334523876673
GALAXY,0.1952,3.83e-05,18.65496,0.01264502,0.1126481,17.18431,0.006270353,0.07792947,52897.59885253112,9.814634369511374e-16,0.6562777073863257
GALAXY,0.4598788,0.000128909,22.01129,0.1833618,0.1625301,20.019820000000006,0.04867636,0.1124376,108308.01544751633,4.4600746240700736e-17,3.0786027450395
GALAXY,0.5045213,0.000109854,21.55311,0.09808017,0.1023313,19.82229,0.03250358,0.0707923,116072.70292716965,6.801647572509416e-17,2.4929734440131477
GALAXY,0.3796431,0.000109935,20.88653,0.05515984,0.1505854,19.03615,0.01861764,0.1041743,93282.22822517599,1.256741988043301e-16,1.8340098012373758
GALAXY,0.7244444,0.00017245700000000002,23.54539,0.3849866,0.04683104,21.3769,0.08708001,0.0323975,148904.46062768693,1.0856807192528376e-17,6.239842851924552
GALAXY,0.499032,0.000209012,22.05964,0.1543839,0.05832811,20.59556,0.05932622,0.04035112,115139.85056983001,4.265816062571572e-17,3.1479197494978255
GALAXY,0.6063052,0.000163955,22.69226,0.2807131,0.04961785,20.57241,0.07019328,0.0343254,132320.76082947568,2.382067836759362e-17,4.21257506035049
GALAXY,0.5659501,0.000159354,21.90796,0.1477981,0.04148332,20.27566,0.0598664,0.02869797,126110.46814439348,4.9053965940750105e-17,2.93553763273891
GALAXY,0.03286413,5.77e-06,17.774810000000006,0.006177515,0.1073163,17.257,0.005592422,0.07424089,9690.607336305206,2.207669843126881e-15,0.43758018975651547
GALAXY,0.04657858,1.41e-05,15.78956,0.003217351,0.04710467,14.99313,0.0027340190000000003,0.03258679,13639.034240610748,1.3741499462301771e-14,0.17539114055271485
GALAXY,0.5281156,0.000200705,22.49148,0.1690318,0.06489812,20.78835,0.06714173,0.04489622,120014.27665085332,2.865933607065676e-17,3.8405343363345756
GALAXY,0.5774746999999999,0.000235056,22.52551,0.13731210000000002,0.06179456,20.99339,0.05296852,0.0427492,127914.1259843238,2.7775003683155814e-17,3.9011949402775166
GALAXY,0.08495722,2.53e-05,17.917460000000005,0.01133577,0.09414824,17.264029999999998,0.009797991,0.06513131,24391.21021446769,1.9358607977078425e-15,0.46729125356734386
GALAXY,0.5904497,0.000284994,22.13377,0.186233,0.034636,20.49993,0.07703733,0.02396103,129915.76795019339,3.9842825120616703e-17,3.257239196313813
GALAXY,0.4369846,0.000120042,21.55562,0.1094782,0.05863576,19.96107,0.0405704,0.04056394,104164.51710793303,6.785941716070354e-17,2.4958567323970384
GALAXY,0.05748039,5.45e-06,18.70255,0.009236601,0.6080361999999999,18.11513,0.007946367,0.4206366,16737.703462239788,9.393731122999578e-16,0.6708194593583101
GALAXY,0.3284014,7.32e-05,20.35741,0.03972684,0.3686556,18.46494,0.01280141,0.2550342,82916.95644337084,2.0459458035346885e-16,1.4374000389146258
GALAXY,0.09052185,2.08e-05,17.198339999999998,0.004711389,0.06448884,16.23881,0.003570075,0.04461308,25914.084826881535,3.7542408002599706e-15,0.33555495193515156
GALAXY,0.7025954000000001,0.00023874,22.36166,0.26678820000000003,0.07384263,20.71841,0.0969688,0.05108399,146006.64342609185,3.229937548226787e-17,3.6176592029071877
GALAXY,0.5352244,0.000168614,22.30154,0.1292669,0.12205910000000003,20.8433,0.05319748,0.08443994,121180.51755760859,3.413831844421637e-17,3.5188734806910236
GALAXY,0.3375552,8.27e-05,20.99863,0.06648137,0.1565167,19.11228,0.01984514,0.1082775,84814.57134274501,1.1334598089508984e-16,1.9311750962356502
GALAXY,0.12989189999999998,2.09e-05,17.70905,0.007712467,0.2398999,16.628870000000006,0.005098758,0.16596170000000002,36430.31918268758,2.3455145167311656e-15,0.4245273280584191
GALAXY,0.710824,8.859999999999999e-05,21.81632,0.09738416,0.1004471,20.8217,0.06014507,0.06948883,147106.6112073991,5.337404595302967e-17,2.814230414228703
GALAXY,0.581472,0.000399992,22.68561,0.2025503,0.1671374,21.28282,0.09237943,0.1156249,128534.0399233646,2.3967024796491643e-17,4.199694043402249
GALAXY,0.5402648,0.000120985,22.38513,0.1762446,0.02055846,21.02,0.07803884,0.01422225,122001.52784947956,3.1608662926759634e-17,3.656972144411846
GALAXY,0.6393478,0.00025843400000000004,23.37566,0.4485185,0.04853278,21.37394,0.1188279,0.03357475,137191.44826537074,1.2693872305663049e-17,5.770688771334382
GALAXY,0.07837398,9.74e-06,17.59873,0.007681736999999998,0.1181917,16.95881,0.006786199999999999,0.08176444,22577.80823966692,2.596367266762506e-15,0.40349824700979925
GALAXY,0.5438633,0.000116442,21.40489,0.08137704,0.06314528,19.94296,0.03574904,0.04368361,122584.69835879155,7.79654383875202e-17,2.3284861136281676
GALAXY,0.1105188,1.02e-05,18.07154,0.008854961,0.03834552,17.21395,0.006667044,0.02652726,31311.82320535919,1.6797402356237741e-15,0.5016532754998485
GALAXY,0.2827528,5.6299999999999986e-05,20.21449,0.03476647,0.08718655,18.56951,0.0131744,0.06031525,73145.25606714643,2.3337918839889744e-16,1.3458406828769958
GALAXY,0.5040529,0.000106248,22.27017,0.16466879999999998,0.1055202,20.6554,0.05968782,0.07299839999999999,115993.3384427711,3.513905883801198e-17,3.4684037913077495
GALAXY,0.4825468,0.000135167,22.18802,0.1743563,0.1161219,20.16231,0.04507338,0.08033256,112301.76840419327,3.790095256244868e-17,3.3396399859534194
GALAXY,0.6359191999999999,9.9e-05,21.49195,0.08579016,0.1688819,20.1887,0.04290995,0.1168317,136694.75999810983,7.195784112704913e-17,2.423737890566849
GALAXY,0.5345409999999999,0.000285448,22.13279,0.1624444,0.06594267,20.66199,0.07025433,0.04561884,121068.82559202332,3.9878804021804915e-17,3.255769514175569
GALAXY,0.17174360000000002,7.59e-06,19.68383,0.01654417,0.1104796,19.26272,0.015628299999999998,0.07642927,47121.073589148844,3.804749995569069e-16,1.0540510671346364
GALAXY,0.5462413,0.00017208,21.95961,0.12974580000000002,0.1022002,20.53791,0.05510612,0.0707016,122968.72170737832,4.6775035437807405e-17,3.006198489707007
GALAXY,0.7597965,0.000209919,22.18785,0.2610495,0.08009705,20.72041,0.1107021,0.05541077,153440.99753108653,3.790688739851214e-17,3.3393785428090546
GALAXY,0.3539296,4.96e-05,20.39878,0.04834715,0.1157386,18.80421,0.01780974,0.08006741,88158.71806964364,1.9694552862497791e-16,1.4650473198474565
GALAXY,0.16907629999999998,1.65e-05,18.25485,0.009789491,0.1108932,17.3797,0.006831141999999999,0.07671542,46454.504015489794,1.4187900209499407e-15,0.5458403695201525
GALAXY,0.629991,0.000116869,21.84603,0.12109160000000002,0.09459615,20.61066,0.0588665,0.06544118,135831.2540818064,5.1933324554474034e-17,2.852999215768408
GALAXY,0.13451749999999998,2.93e-05,21.883470000000006,0.06899353,0.08245353,21.42763,0.06561818,0.05704097,37636.425303412536,5.0173006420902455e-17,2.90261645045638
GALAXY,0.12670689999999998,3.15e-05,18.8214,0.01397937,0.06125578,17.7132,0.008550391999999999,0.04237646,35596.26746197086,8.419729229062204e-16,0.7085584021054607
GALAXY,0.6745768,0.000209318,23.542,0.4615837,0.08319262,21.49137,0.09851603,0.05755227,142181.46479141005,1.0890758435594074e-17,6.230109104362084
GALAXY,0.05267228,6.3e-06,17.6792,0.00591761,0.1162031,17.30709,0.006000190999999999,0.08038875,15375.432124922621,2.4108940503605777e-15,0.4187315187034288
GALAXY,0.5749878,0.00016629,22.36085,0.1968264,0.1031766,20.86502,0.07115575,0.07137712,127526.97805408388,3.232348102056988e-17,3.616309999721255
GALAXY,0.4486567,0.000111932,21.81516,0.09428526,0.126696,19.99801,0.02808274,0.08764771,106290.97035277088,5.343110122962632e-17,2.8127274545447665
GALAXY,0.1331013,2.71e-05,17.44951,0.00621526,0.04005709,16.325470000000006,0.004028505999999999,0.02771131,37267.809558111854,2.9788876587685347e-15,0.37670176259314064
GALAXY,0.5219539000000001,0.000216243,22.38301,0.1728442,0.08643398,20.90048,0.06974602,0.05979463,118995.47946294349,3.167044204922899e-17,3.6534035991065275
GALAXY,0.836255,1.97e-05,21.752370000000006,0.06397617,0.02416883,21.66696,0.0830738,0.01671988,162645.18022057522,5.661221211310242e-17,2.7325596574688293
GALAXY,0.3259296,4.86e-05,20.23112,0.03204695,0.04368978,18.59163,0.01333987,0.03022439,82401.05044242508,2.298318036075538e-16,1.3561872349342834
GALAXY,0.06241065,9.06e-06,17.69945,0.006923736999999999,0.05035495,17.33567,0.007048419,0.03483532,18127.451316832525,2.366345340894496e-15,0.4226546508566548
GALAXY,0.1112187,1.15e-05,17.36084,0.005019326,0.14108389999999998,16.60675,0.003981173,0.09760122,31498.63387708047,3.2323778732203403e-15,0.36162933460365904
GALAXY,0.1276731,3.3600000000000004e-05,17.92334,0.009446642,0.3462654000000001,17.00734,0.00664502,0.2395448,35849.59356026884,1.9254051326581658e-15,0.4685583182778929
GALAXY,0.1495941,1.18e-05,20.67961,0.03480835,0.2431234,19.91418,0.02383509,0.16819160000000002,41525.08055122836,1.5205969855584746e-16,1.6673149806467422
GALAXY,0.6255583,9.940000000000003e-05,22.5417,0.1419437,0.09192208,21.08023,0.0553727,0.06359127,135181.66108593534,2.7363908225992893e-17,3.9303900553460283
GALAXY,0.2754207,1.76e-05,19.86926,0.01889786,0.1364787,18.92309,0.0133404,0.09441533,71526.80862701457,3.2074073877991684e-16,1.1480152370444794
GALAXY,0.5441703,0.00018684,22.86519,0.2201651,0.09294829,21.32741,0.08788153,0.06430119,122634.33626980866,2.031337683413576e-17,4.561772809684451
GALAXY,0.4590762,0.000136583,22.19454,0.1172784,0.03523091,20.50579,0.04217058,0.02437258,108164.64227321504,3.76740339843677e-17,3.3496825612239247
GALAXY,0.7638201,0.000100193,23.23094,0.3799663,0.06521178,22.64816,0.5019640000000001,0.04511321,153945.7129239837,1.4503810779435105e-17,5.3986311007865435
GALAXY,0.7980729999999999,0.000321551,24.00197,0.7186412,0.08178765,21.52485,0.1370212,0.05658032,158149.29833973048,7.129681432624794e-18,7.699980977712252
GALAXY,0.08490392,9.92e-06,18.50846,0.01002271,0.16964029999999994,17.756510000000006,0.00801064,0.1173564,24376.579574239986,1.1232440460123408e-15,0.6134619803855822
GALAXY,0.17457029999999998,4.11e-05,18.42874,0.01512946,0.1417234,17.290879999999998,0.008331205,0.0980436,47825.30456425864,1.2088213593753923e-15,0.5913487079898763
GALAXY,0.5111781,0.00013474,22.33623,0.1390151,0.14279589999999998,20.77919,0.05090943,0.09878556,117195.8880256097,3.3064817136728354e-17,3.5755400936024584
GALAXY,0.7345421999999999,0.0004225430000000001,22.91815,0.3460897,0.05562577,21.71013,0.1514057,0.03848165,150219.1817690064,1.9346309229069325e-17,4.67439762107577
GALAXY,0.4167092000000001,0.000109432,20.76165,0.05471072,0.03010467,19.02637,0.01980436,0.02082627,100400.38483192654,1.4099318628405364e-16,1.7315125843508166
GALAXY,0.08182827,1.89e-05,17.66038,0.005899186,0.13891629999999994,16.87667,0.004775388,0.09610168,23530.909688471707,2.4530484454262044e-15,0.4151180831364486
GALAXY,0.07394835,6.81e-06,17.85507,0.006223483,0.1340667,17.31364,0.005551668,0.09274674,21351.552849134056,2.050360021222949e-15,0.4540562439800164
GALAXY,0.2018274,4.4299999999999986e-05,19.28864,0.02160959,0.07108108,17.88449,0.0109216,0.04917356,54502.165980026315,5.475226945784449e-16,0.8786656572419159
GALAXY,0.2669237,5.44e-05,19.47728,0.01906129,0.06714755,18.08719,0.009550808,0.04645237,69633.95563362076,4.601994816946079e-16,0.9584106969218694
GALAXY,0.13948670000000002,1.87e-05,18.14039,0.009626475,0.08729593,17.2336,0.006405245,0.06039093,38925.28702307553,1.576529585418071e-15,0.5178138379838957
GALAXY,0.08095447,2.04e-05,17.48263,0.006165711999999999,0.1437167,16.53882,0.004328485,0.09942258,23290.144636518904,2.8893897326520674e-15,0.3824913801204252
GALAXY,0.6489089,0.000202893,22.86737,0.2040861,0.05174715,21.10989,0.07451573,0.03579844,138566.06696159206,2.0272631454200767e-17,4.5663547966402325
GALAXY,0.08221222,1.94e-05,17.637829999999994,0.005660236,0.12813039999999998,16.66464,0.004252726,0.08864003,23636.63135684501,2.504529348566502e-15,0.41082952961666497
GALAXY,0.2148254,5.53e-05,19.52781,0.02609782,0.06731667,18.19385,0.01266788,0.04656935,57614.27972852624,4.3927261070011894e-16,0.9809743510233075
GALAXY,0.4361516,0.000146709,21.07394,0.09461042,0.109681,19.05165,0.02338529,0.07587682,104011.63680084316,1.0575042591756075e-16,1.9993261773383249
GALAXY,0.07314179,2.53e-05,18.078470000000006,0.007546953,0.04696964,17.19436,0.005339562,0.03249338,21127.44775057918,1.6690529903394707e-15,0.5032568005748186
GALAXY,0.1972202,3.2e-05,18.881870000000006,0.01413709,0.05481175,17.55401,0.0073037990000000014,0.03791852,53387.989022719215,7.963612602531858e-16,0.7285672617572141
GALAXY,0.28998290000000004,8.56e-05,20.089170000000006,0.03345197,0.14175220000000002,18.40685,0.0125646,0.09806349,74727.76623232603,2.619329445884983e-16,1.2703683122305496
GALAXY,0.581967,0.000162504,21.86196,0.09341461,0.05834431,20.57767,0.04615651,0.04036232,128610.60374789532,5.1176917663875056e-17,2.8740058796384824
GALAXY,0.5191901,0.000216587,22.29628,0.1713025,0.1329146,20.52884,0.0551567,0.09194972,118536.09391225946,3.4304107544273115e-17,3.510359960174268
GALAXY,0.03844782,9.06e-06,17.81139,0.007673566,0.10870330000000003,17.20896,0.006425031,0.07520044,11304.942230204157,2.1345293226146283e-15,0.44501397777992074
GALAXY,0.3639985,7.54e-05,20.7662,0.06440387,0.09216148,18.91998,0.01830176,0.06375688,90183.43434827907,1.4040356178580603e-16,1.7351445172208733
GALAXY,0.1738556,6.57e-05,15.79897,0.003212822,0.1085016,15.35385,0.003265884,0.07506089999999999,47647.458509997596,1.3622917457645255e-14,0.17615284115656082
GALAXY,0.4636822,0.000145877,21.5499,0.07182005,0.0680766,20.23019,0.03389826,0.04709508,108985.59602294605,6.821786530492259e-17,2.48929090455825
GALAXY,0.4840696,0.00016668,22.67121,0.1827981,0.1006956,20.80627,0.05235515,0.06966072,112566.25270860981,2.4287014114218745e-17,4.171936142273564
GALAXY,0.04824099,1.32e-05,17.069760000000002,0.00522665,0.1409852,16.52188,0.004794631,0.09753288,14113.834292741312,4.226239698745241e-15,0.31626246551429144
GALAXY,0.4296911,7.75e-05,21.15887,0.07020136,0.1018212,19.29568,0.02335848,0.07043944,102820.82918510103,9.779353051782952e-17,2.079072587422119
GALAXY,0.07357112,1.25e-05,17.1323,0.005251428000000001,0.06850204,16.44277,0.004219892,0.04738939,21246.762298198897,3.98968056542028e-15,0.32550349217980307
GALAXY,0.3658336,8e-05,20.81583,0.05365641,0.05226658,19.09774,0.02222009,0.03615778,90549.87615702658,1.341300619593009e-16,1.7752587106602966
GALAXY,0.16903610000000002,1.87e-05,18.14937,0.00852064,0.09626981,17.2828,0.005854195,0.066599,46444.44261340769,1.563544064392208e-15,0.5199596614128357
GALAXY,0.5205322,0.000107174,22.11263,0.1216144,0.07904355,20.4133,0.04242454,0.05468196,118759.35824013632,4.0626192798418304e-17,3.225682754007823
GALAXY,0.5021613,0.000113646,22.14941,0.110039,0.02201734,20.3451,0.03424783,0.01523149,115672.38421887236,3.9273004306540225e-17,3.2807841057386176
GALAXY,0.583313,0.000187565,22.51902,0.2237601,0.05416771,20.59505,0.06028687,0.03747297,128818.57054711808,2.794152626991799e-17,3.889552629312069
GALAXY,0.1724845,1.35e-05,18.86337,0.01444815,0.2119108,18.13145,0.01194328,0.1465989,47305.87408409326,8.100468270071652e-16,0.7223865515924013
GALAXY,0.30839320000000003,5.260000000000001e-05,20.73091,0.04573669,0.4157281,19.27638,0.01987004,0.2875988,78697.83229796024,1.4504211540073754e-16,1.7071734669147685
GALAXY,0.02474323,8.25e-06,17.399720000000002,0.00463007,1.38697,16.60088,0.003844353,0.9594992,7326.090563125518,3.1186750453619244e-15,0.36816258636279586
GALAXY,0.3156355,5.65e-05,20.71643,0.04514105,0.07007457,18.94112,0.01606725,0.04847726,80236.4048979858,1.469894365725541e-16,1.695827416652158
GALAXY,0.5235834,0.000141204,21.78335,0.1485886,0.06989253,20.10836,0.0515026,0.04835133,119265.62669161934,5.501968824010593e-17,2.771824009361722
GALAXY,0.1740178,2.9100000000000006e-05,18.50896,0.01173584,0.09369942,17.65195,0.008347557,0.06482083,47687.83290241674,1.122726892101351e-15,0.6136032514905078
GALAXY,0.5729335999999999,0.000209559,22.86637,0.3882627,0.14527089999999998,20.77621,0.07907884,0.1004977,127206.33633063325,2.0291311839108216e-17,4.5642523966760615
GALAXY,0.1888265,2.8000000000000006e-05,18.67662,0.01197259,0.08076005,17.67349,0.007881803,0.05586943,51343.10759891717,9.62077648939922e-16,0.662856702886912
GALAXY,0.6602989,7.92e-05,20.785870000000006,0.05245546,0.07171466,20.01434,0.04110778,0.04961187,140183.7365321034,1.378828098788573e-16,1.7509335011023388
GALAXY,0.4299568,7.219999999999999e-05,21.24972,0.06601205,0.14318699999999998,19.50189,0.02322561,0.09905611,102869.98245131386,8.994357078838605e-17,2.1679020311903625
GALAXY,0.3237111,7.659999999999999e-05,20.30919,0.02920693,0.123564,18.63033,0.01172447,0.085481,81936.74149220905,2.138858850691227e-16,1.4058327368642742
GALAXY,0.1156015,2.88e-05,18.22228,0.00782804,0.03872485,17.2701,0.005682103000000001,0.02678967,32665.215052426316,1.4619958007220598e-15,0.5377143817158851
GALAXY,0.04722464,8.7e-06,21.06448,0.04260114,0.05861488,21.33397,0.07089944,0.04054951,13823.652913614696,1.0667585323543418e-16,1.9906350759469795
GALAXY,0.5516739,0.000144462,22.54841,0.2420523,0.1797311,20.32413,0.04812343,0.1243371,123842.0097162371,2.7195316981486123e-17,3.942554016641654
GALAXY,0.04748436,1.35e-05,18.01561,0.006818293,0.0710184,17.1973,0.005219365,0.0491302,13897.835682825636,1.7685368980940179e-15,0.48889731514847595
GALAXY,0.6016623999999999,0.000230362,22.26202,0.1830663,0.02396485,20.58259,0.06356782,0.01657877,131621.15638863825,3.540382009457547e-17,3.455410529172917
GALAXY,0.1345256,7.55e-06,17.74718,0.006920262,0.02506969,17.20426,0.007369601,0.017343099999999997,37638.531957778796,2.264571958118949e-15,0.4320476549956651
GALAXY,0.3622768,0.000101407,20.85041,0.0485916,0.05758865,19.04879,0.01778309,0.03983956,89838.91813412785,1.2992541874216514e-16,1.8037554332430092
GALAXY,0.5866505999999999,0.000230662,23.14176,0.4430311,0.107962,20.96222,0.09852409,0.07468762,129332.83814925374,1.5745415487006543e-17,5.18140634118511
GALAXY,0.5908875,0.00016795700000000002,21.65666,0.07676472,0.04231298,20.56157,0.04602297,0.02927192,129982.77662048418,6.182927089141256e-17,2.6147348315848014
GALAXY,0.2513651,5.14e-05,19.3408,0.0238555,0.1346497,17.88291,0.01015227,0.09315003,66119.47728354135,5.218409128285515e-16,0.9000272366668234
GALAXY,0.4959702,0.000146735,22.4946,0.1564596,0.1633436,20.62044,0.04698042,0.1130003,114616.89790864302,2.8577098068992033e-17,3.8460564325325235
GALAXY,0.2910351,6.790000000000001e-05,20.26315,0.034187199999999994,0.16371429999999998,18.60263,0.0123205,0.1132568,74956.96425818893,2.2315063407084336e-16,1.3763397480472943
GALAXY,0.151513,2.75e-05,18.84132,0.01060292,0.05446644,17.73323,0.006591507,0.03767963,42015.369769495206,8.266660939065107e-16,0.7150882669681838
GALAXY,0.4754179,0.000106037,21.85503,0.1074649,0.0380412,20.15946,0.03771867,0.02631673,111057.26119782275,5.150461263529545e-17,2.8648484465181596
GALAXY,0.5017034,0.000150665,22.47731,0.1418134,0.2299045,20.87763,0.05531007,0.15904690000000002,115594.58305964172,2.903582198962439e-17,3.8155544212659716
GALAXY,0.2622352000000001,5.07e-05,19.40953,0.02338277,0.05989837,17.86147,0.009635462,0.04143741,68581.52196722654,4.8983084017066e-16,0.9289699210499618
GALAXY,0.4749739000000001,0.00017256200000000002,21.9788,0.1311845,0.117493,20.24391,0.04000651,0.08128111,110979.40433892692,4.595556661939697e-17,3.0328829685075203
GALAXY,0.3071095,5.75e-05,20.64052,0.05667398,0.17797839999999998,18.88074,0.01763562,0.1231247,78423.76172440163,1.5763408318552993e-16,1.6375691657490834
GALAXY,0.1247607,3.72e-05,18.36807,0.0110127,0.1066907,17.31389,0.006942885,0.07380816,35085.180380082624,1.278292159654654e-15,0.5750553553444361
GALAXY,0.02214443,8.8e-06,16.37346,0.004707832,0.08253831,15.733670000000002,0.003826103,0.05709963,6565.245248460367,8.025537441620174e-15,0.22950262236458832
GALAXY,0.5562031,0.000126101,22.38093,0.2014411,0.1084091,20.735570000000006,0.06500613,0.07499689999999999,124565.82062970712,3.173117287783073e-17,3.6499057691875225
GALAXY,0.4260193000000001,9.41e-05,21.53366,0.1010205,0.1334019,19.577820000000006,0.02536899,0.09228684,102139.98393306989,6.924590972132676e-17,2.4707434475248933
GALAXY,0.4762673,0.000127502,21.7664,0.1033213,0.09772497,20.29608,0.0396888,0.06760568,111206.09267232384,5.588536930450434e-17,2.7502720310298376
GALAXY,0.1941373,4.03e-05,19.17875,0.0187421,0.1279454,17.86893,0.009166976,0.08851201,52639.18495983962,6.058402530342763e-16,0.8353060987177404
GALAXY,0.4526058,0.00013517,21.11555,0.1794984,0.1606904,18.83729,0.03744283,0.11116489999999997,107003.82369850787,1.0177430028204672e-16,2.0380069104725043
GALAXY,0.2776086,4.52e-05,20.02035,0.02455102,0.1920707,18.37712,0.01006464,0.1328736,72011.19412081107,2.790731954671847e-16,1.2307381198491758
GALAXY,0.3387348,7.94e-05,20.4716,0.05544602,0.05173081,18.75324,0.01872997,0.03578714,85057.63135296057,1.841696764809277e-16,1.5150105331007704
GALAXY,0.1798399,3.91e-05,19.02192,0.013083700000000002,0.10629,17.80053,0.007386116,0.07353091,49132.19297451523,6.99987242948294e-16,0.7771049087413722
GALAXY,0.4814656,0.000100499,21.26176,0.08365896,0.04884067,19.54142,0.02933795,0.03378775,112113.69378281693,8.895167392392304e-17,2.1799556202165844
GALAXY,0.1393821,2.62e-05,18.27627,0.009831173,0.1490712,17.24844,0.006332408,0.1031268,38898.22973857098,1.391073653217023e-15,0.5512513325159027
GALAXY,0.3898472,9.55e-05,21.45916,0.08299316,0.470145,19.57892,0.02462984,0.3252441,95272.90278030947,7.416416734848305e-17,2.3874135382378867
GALAXY,0.1869669,2.39e-05,18.61183,0.01145124,0.1265175,17.79969,0.008687265,0.08752421,50887.43907516483,1.0212360218975589e-15,0.6433712535151672
GALAXY,0.09207785,9.88e-06,18.15008,0.008237036,0.1646787,17.40373,0.0063730390000000005,0.1139239,26338.289328705163,1.5625219437440556e-15,0.5201296989035268
GALAXY,0.2857587,5.86e-05,20.02313,0.02851441,0.4201238000000001,18.26155,0.00989448,0.2906397,73804.79500002596,2.783595496580003e-16,1.232314765736244
GALAXY,0.2611006,5.37e-05,19.94076,0.02544765,0.34054650000000003,18.44134,0.01124148,0.23558850000000006,68325.97919208145,3.002991654043404e-16,1.186445114292377
GALAXY,0.1242382,2.36e-05,18.79039,0.01563506,0.2161985,18.01716,0.01194601,0.1495651,34947.78188752217,8.663674460330493e-16,0.6985116475326016
GALAXY,0.2174782,3.34e-05,18.64061,0.0160602,0.1243624,17.71377,0.009856858,0.08603330000000001,58243.80218345716,9.945213829222194e-16,0.6519550478775996
GALAXY,0.25073670000000003,5.5200000000000014e-05,21.08868,0.04434399,0.06486136,19.70033,0.02090654,0.04487079,65976.20121533779,1.0432445514549816e-16,2.0129438112272213
GALAXY,0.8147779,0.000216171,24.141820000000006,0.6403849,0.02249469,21.85071,0.1764578,0.01556172,160140.36714802383,6.268016415762383e-18,8.21220254592623
GALAXY,0.4841217,0.00013139,22.03739,0.16661689999999998,0.03632015,20.16121,0.05184134,0.02512611,112575.2931828214,4.3541373559020775e-17,3.1158292666429754
GALAXY,0.1018341,1.06e-05,17.900370000000006,0.007123705,0.124026,17.26709,0.005947055,0.08580064,28981.924472725874,1.9665732398509157e-15,0.46362799545347827
GALAXY,0.4513513,0.000109563,22.14348,0.1151783,0.04769875,20.60829,0.04329832,0.03299778,106777.73334558503,3.9488089759494547e-17,3.2718369465388726
GALAXY,0.2306358,3.64e-05,19.25448,0.02197623,0.1131848,17.860889999999994,0.01001028,0.07830073,61338.1379572629,5.650229980476114e-16,0.8649512930935153
GALAXY,0.7619873,0.000267249,23.93487,0.5210946,0.02472879,22.03884,0.1528358,0.01710726,153716.09824877558,7.584206079153587e-18,7.465684836847819
GALAXY,0.02576565,1.02e-05,17.54692,0.01010809,0.08398325,17.08996,0.009992057,0.05809922,7624.868318947831,2.7232663842696572e-15,0.3939849680865378
GALAXY,0.5328524,0.000225148,22.51938,0.09714216,0.06880184,21.2805,0.0556131,0.04759679,120792.46216560157,2.7932263170867514e-17,3.8901975166322806
GALAXY,0.07112214,1.4499999999999997e-05,16.087310000000002,0.004096284,0.04851069,15.40366,0.003389802,0.03355947,20565.438405043995,1.0445617656467796e-14,0.20116742287753028
GALAXY,0.624745,0.000195013,22.77465,0.2212552,0.04100667,21.28449,0.08218203,0.02836822,135062.1093469925,2.2079952013505272e-17,4.375479488444268
GALAXY,0.06711037,8.23e-06,18.15505,0.007713441999999998,0.01658353,17.69041,0.007150726,0.01147241,19445.501534929226,1.5553857838371624e-15,0.5213215193181798
GALAXY,0.09996163,2.1600000000000007e-05,17.9204,0.007245654,0.07639778,17.03029,0.005353999,0.05285163,28476.703045840604,1.930625887120128e-15,0.4679243570466107
GALAXY,0.04348841,9.54e-06,17.421110000000002,0.008870589,0.127925,17.00514,0.0111163,0.08849792,12754.263983050485,3.0578355485919306e-15,0.3718070773206026
GALAXY,0.1121185,2.6e-05,18.64865,0.009348725,0.0546798,17.678729999999995,0.006454436,0.03782723,31738.590851597448,9.871840395052936e-16,0.6543734228152114
GALAXY,0.5107442,0.000184637,22.212020000000006,0.17493789999999998,0.06050434,20.62062,0.05857974,0.04185662,117122.94547757781,3.707235073108773e-17,3.3767557827904047
GALAXY,0.1927522,3.65e-05,18.14498,0.0100943,0.05963446,16.86625,0.005618840999999999,0.04125484,52301.90717792254,1.5698788018643728e-15,0.5189095365745355
GALAXY,0.1429656,2.01e-05,18.55633,0.01191054,0.04300301,17.57753,0.007918722,0.02974928,39823.40633545615,1.0747962072043702e-15,0.6271358853821076
GALAXY,0.3832782,9.95e-05,22.16575,0.1094255,0.04505487,22.24534,0.13715970000000002,0.03116875,93994.12594027416,3.868638283370915e-17,3.3055646256246454
GALAXY,0.395237,5.59e-05,20.91859,0.05646512,0.04007403,19.19825,0.02089932,0.02772303,96314.76890418417,1.2201750074636326e-16,1.8612883209380149
GALAXY,0.06391383,2.13e-05,18.63769,0.01088176,0.06069932,17.722739999999995,0.007460546,0.04199151,18549.73472564193,9.971996679133132e-16,0.6510789467872945
GALAXY,0.1232545,3.76e-05,18.55688,0.01188757,0.04825828,17.56502,0.008155423,0.03338485,34688.89081102252,1.0742518869443845e-15,0.6272947492116252
GALAXY,0.5938578,0.000114603,21.51209,0.06544124,0.07023495,20.53755,0.04428822,0.04858821,130436.49592679231,7.063535386427645e-17,2.4463221762831386
GALAXY,0.08857429,1.99e-05,17.56116,0.006763915,0.05631772,16.76453,0.005008828,0.03896034,25382.130027662428,2.6877825201688293e-15,0.39657711793658335
GALAXY,0.7875423,0.000218571,22.89702,0.2820565,0.03362747,21.10302,0.08325906,0.02326333,156874.46696489162,1.972650401444728e-17,4.629132931419078
GALAXY,0.08431867,1.04e-05,17.57842,0.006826225,0.15525139999999998,17.24941,0.008690068,0.1074022,24215.87578147248,2.6453925442695784e-15,0.39974188151063994
GALAXY,0.5864590000000001,0.000185513,22.2824,0.1908456,0.1202772,20.63603,0.07944331,0.08320721,129303.37033107874,3.474546475741843e-17,3.487993382261964
GALAXY,0.5032321,0.000133409,20.933770000000006,0.09638478,0.08128472,19.69454,0.05217809,0.05623239,115854.1584430761,1.2032340826868222e-16,1.8743455190189588
GALAXY,0.2101628,3.98e-05,19.45217,0.01654349,0.06115423,18.08587,0.009235667,0.04230621,56503.2004928433,4.709666176436691e-16,0.9473918672702527
GALAXY,0.5963861,0.000166895,22.03215,0.1581974,0.13633689999999998,20.99125,0.09273686,0.09431725,130821.45491621419,4.37520216432401e-17,3.1083194950378212
GALAXY,0.4805633,0.00013456200000000002,22.18497,0.1325209,0.2283667,20.57853,0.04851785,0.15798299999999998,111956.555033439,3.8007571852751824e-17,3.3349524974920275
GALAXY,0.04925332,1.86e-05,16.97746,0.004991531,0.17832979999999998,16.03531,0.003867283,0.1233677,14402.562050394481,4.601231933289821e-15,0.3031011975596986
GALAXY,0.06526787,1.31e-05,17.1413,0.004510494,0.08554194,16.25395,0.003530588,0.05917752,18929.547185161577,3.9567455737403535e-15,0.3268553909000604
GALAXY,0.3572941,0.00012152,20.36043,0.04934143,0.07931186,18.60099,0.01585012,0.05486758,88837.9356728936,2.0402628659245355e-16,1.4394005101662461
GALAXY,0.4982228,0.000151743,22.74275,0.17731760000000002,0.1171026,20.70264,0.04724917,0.081011,115001.82350869174,2.273830696927456e-17,4.311671371989925
GALAXY,0.4956045,0.000142375,22.11687,0.1183343,0.1400575,20.66777,0.04646859,0.09689112,114554.31032138321,4.046784940870905e-17,3.2319873500095233
GALAXY,0.7400385,0.000260143,23.2325,0.2070781,0.02849901,21.73877,0.08973060000000001,0.01971548,150928.37741358893,1.4482986478032856e-17,5.402510906197015
GALAXY,0.5568581,0.00013444799999999998,22.34515,0.1646251,0.03130595,20.48235,0.05721987,0.02165731,124670.17719862402,3.2794281873965956e-17,3.5902579478031504
GALAXY,0.5087,0.000125488,21.71568,0.09577113,0.04290474,20.1279,0.03609477,0.0296813,116778.79428528025,5.85579851503925e-17,2.6867771880008116
GALAXY,0.5121894,0.000138865,22.3119,0.1319871,0.04219581,20.54959,0.04380816,0.02919087,117365.75199967276,3.3814122775596185e-17,3.5357019844444673
GALAXY,0.2311933,5.9e-05,21.3209,0.07898694,0.06820074,19.97873,0.04086612,0.04718095,61468.22243498793,8.423607550612238e-17,2.2401425346324557
GALAXY,0.07738525,1.53e-05,17.422629999999998,0.004971199999999999,0.04800482,16.59905,0.004066279,0.03320951,22304.352012658586,3.0535576604088835e-15,0.37206742813076304
GALAXY,0.1098384,5.11e-05,17.919520000000006,0.01748771,0.04440138,17.09335,0.01319252,0.03071667,31130.08079954054,1.9321913129275434e-15,0.46773476679114645
GALAXY,0.8539802,3.27e-05,21.58793,0.1319402,0.032835,21.30874,0.1675479,0.0227151,164666.8918582399,6.586976669385889e-17,2.533271004542249
GALAXY,0.3158373,8.62e-05,21.53958,0.05706226,0.06068369,19.82978,0.02245757,0.04198069,80279.08994233036,6.88693723816097e-17,2.477488528656712
GALAXY,0.3500972,0.000102552,20.85082,0.0502216,0.05652974,19.16836,0.01754305,0.03910701,87381.76927297493,1.2987636505415835e-16,1.804096036027447
GALAXY,0.5526711,0.000105791,21.52356,0.07222845,0.06860473,20.26468,0.03704474,0.04746044,124001.7034810122,6.989307132857669e-17,2.4592781559998285
GALAXY,0.09123497,2.79e-05,18.06708,0.00870191,0.09622609,17.15831,0.005834377,0.06656876,26108.587333792475,1.6866544838871919e-15,0.5006239842715705
GALAXY,0.5086,9.36e-05,22.139,0.1998282,0.043379,20.45385,0.06569676,0.03000939,116761.93749731251,3.9651363419179737e-17,3.265093725005758
GALAXY,0.4125764,0.000247735,21.38042,0.1106594,0.03240864,19.97536,0.04835573,0.02242015,99622.02881191288,7.974255106964697e-17,2.3023940394876696
GALAXY,0.3333025,7.979999999999999e-05,21.21801,0.05586698,0.02191924,19.40293,0.01833035,0.01516363,83935.49894788911,9.260919842560352e-17,2.136474198135243
GALAXY,0.105395,1.33e-05,18.476470000000006,0.01116838,0.07054804,17.65203,0.008131683,0.04880481,29939.887184921525,1.1568315518063554e-15,0.6044907397893375
GALAXY,0.5715805,0.000197031,22.35811,0.1306507,0.04401724,20.64554,0.04233236,0.03045093,126994.70659076206,3.240515664873327e-17,3.611749757320792
GALAXY,0.6108452,0.000113351,22.0712,0.09885263,0.04470298,20.54723,0.04066009,0.03092532,133001.2029928524,4.220638198889081e-17,3.1647226278626417
GALAXY,0.5007955,8.909999999999997e-05,22.11422,0.13560239999999998,0.1126513,20.22452,0.03837038,0.07793166,115440.19871649935,4.0566741551430864e-17,3.2280455350121082
GALAXY,0.217065,2.64e-05,18.80133,0.01354543,0.08531713,17.37116,0.006541153,0.05902200000000001,58145.87294286531,8.576816632448608e-16,0.7020396681784439
GALAXY,0.07291418,8.36e-06,19.5762,0.016291899999999998,0.08193978,19.77676,0.02438911,0.05668556,21064.170853893673,4.2012461278549943e-16,1.0030801870830908
GALAXY,0.1816242,2.1e-05,18.42955,0.01058212,0.04270814,17.48815,0.007438236999999999,0.02954529,49572.9560192018,1.2079198695401802e-15,0.5915693333126165
GALAXY,0.08009748,3.18e-05,18.21761,0.008394365,0.04153595,17.33971,0.006556559,0.02873438,23053.792858491626,1.4682977226791714e-15,0.5365592079940535
GALAXY,0.4958056,0.000133227,21.72195,0.1156426,0.05227576,19.94105,0.03532747,0.03616413,114588.73084555131,5.822079416962516e-17,2.6945463115577195
GALAXY,0.06571585,1.23e-05,16.72338,0.004024461,0.05489315,15.80965,0.003185975,0.03797483,19055.087345569984,5.814416327882185e-15,0.269632136070385
GALAXY,0.05653486,8.69e-06,17.747339999999994,0.006158393000000001,0.04324181,17.101329999999994,0.005179758,0.02991448,16470.35133334506,2.264238263050644e-15,0.432079490616191
GALAXY,0.735175,8.379999999999999e-05,21.51135,0.08748998,0.05373254,20.95079,0.06661838,0.03717193,150301.0621876157,7.068351287236672e-17,2.4454886542996768
GALAXY,0.1349774,2.7600000000000007e-05,17.53965,0.007223446999999998,0.07714842,16.43423,0.004647266,0.05337092,37756.0066631827,2.7415623369098605e-15,0.39266812826772846
GALAXY,0.6839845,0.000324369,21.8614,0.1672266,0.2787133,20.55983,0.08809375,0.1928125,143479.74028808347,5.1203320454822314e-17,2.8732647991743154
GALAXY,0.34206770000000003,0.000150301,21.92176,0.106016,0.05887679,20.44096,0.03466292,0.04073069,85742.57349616714,4.8434422426350193e-17,2.9542527759126482
GALAXY,0.3594788,5.02e-05,20.47826,0.02972074,0.04429078,18.803420000000006,0.01173104,0.03064016,89277.54424774309,1.8304342152437552e-16,1.519664269029062
GALAXY,0.2569112,6.05e-05,21.9846,0.131277,0.08530144,20.43556,0.04824248,0.05901114,67379.50817696891,4.571072665076465e-17,3.0409946232847274
GALAXY,0.3306391,0.000126119,22.19358,0.1001168,0.08320586,20.50637,0.03580422,0.05756143,83382.71775989291,3.7707359820340024e-17,3.348202006128737
GALAXY,0.07682487,1.7899999999999998e-05,18.07748,0.007056889,0.1313613,17.13062,0.005235011,0.09087512,22149.23785617739,1.6705755664623306e-15,0.5030274121310689
GALAXY,0.08818871,2.12e-05,18.21418,0.007393401,0.1071509,17.227220000000006,0.005325412,0.07412647,25276.680968442226,1.4729436253344608e-15,0.5357123423749172
GALAXY,0.02676716,9.12e-06,15.078779999999998,0.002725956,0.0863987,14.57463,0.002489861,0.05977022,7917.232370002562,2.6445155509039458e-14,0.126430440849185
GALAXY,0.06750268,1.17e-05,17.49706,0.006077271,0.03335313,16.791420000000002,0.004863994,0.02307354,19555.230053029067,2.8512422984429098e-15,0.3850415990603138
GALAXY,0.3705704,0.000128377,19.77419,0.04941236,0.03453336,18.1151,0.01769255,0.02389002,91492.10121534346,3.5009195038135127e-16,1.0988379557336225
GALAXY,0.5577318,0.000171453,22.22363,0.1178531,0.159429,20.8031,0.04891787,0.1102922,124809.25258679707,3.6678040456117737e-17,3.394858304361608
GALAXY,0.5423534000000001,0.000205831,23.15725,0.2355224,0.2563524,20.9908,0.05627757,0.17734339999999998,122340.30583886782,1.5522373355798513e-17,5.218499573131162
GALAXY,0.05890219,1.64e-05,16.789279999999998,0.004332582,0.2573127,15.82021,0.003279895,0.1780078,17139.2227427801,5.472000459780805e-15,0.2779403834117853
GALAXY,0.05934453,4.8e-06,18.03544,0.006358025,0.05578909,17.785999999999994,0.006547053000000001,0.03859464,17264.01803140947,1.7365293390202446e-15,0.4933823989281962
GALAXY,0.06447943,1.82e-05,17.45,0.005414016999999999,0.0553092,16.548479999999998,0.004068153,0.03826264,18708.453391412946,2.9775435701953397e-15,0.3767867761951601
GALAXY,0.09431088,1.74e-05,17.4224,0.005727541,0.09351002,16.48195,0.00432513,0.0646898,26945.828634502355,3.054204587952492e-15,0.3720280212397408
GALAXY,0.4656349,0.000158529,22.07163,0.151898,0.1184275,20.2817,0.04713825,0.08192762,109332.29244613988,4.2189669687326585e-17,3.1653493756262012
GALAXY,0.6884781,0.00018681,23.47047,0.3924720999999999,0.12354389999999997,21.02339,0.07044043,0.08546711,144094.8704913997,1.1632421359978333e-17,6.028227755886912
GALAXY,0.08366758,1.35e-05,17.75883,0.007097863,0.109027,16.862679999999994,0.005220039,0.07542437,24036.97455546291,2.2404028951050496e-15,0.4343718297680773
GALAXY,0.07581385,1.22e-05,17.17434,0.004964666,0.08040975,16.27684,0.003666423,0.05562709,21869.15131714374,3.838151605512859e-15,0.33186668123250435
GALAXY,0.5661801,0.000162979,21.74062,0.1226136,0.15010410000000002,20.18791,0.0453357,0.1038413,126146.70378132265,5.722820513324708e-17,2.7178135045559793
GALAXY,0.615981,0.000172059,22.59711,0.2395219,0.1932947,20.87359,0.0776565,0.1337204,133766.591630185,2.600244133385098e-17,4.031973344180568
GALAXY,0.1200595,1.28e-05,18.04404,0.009679509,0.1813113,17.40713,0.007863713,0.12543030000000002,33846.099887919525,1.7228288082695283e-15,0.49534028795217894
GALAXY,0.4115012,1.6899999999999994e-05,20.98883,0.07868282,0.2215298,19.47098,0.02792748,0.15325329999999998,99418.90749795538,1.1437368799105085e-16,1.9224792113722882
GALAXY,0.1931851,4.54e-05,18.76093,0.01406917,0.3529699,17.45502,0.007286926,0.2441829,52407.37695823049,8.901969976312748e-16,0.6890990517242691
GALAXY,0.3929732,6.15e-05,18.48694,0.07044023,0.4088058,18.2058,0.09468714,0.28281,95877.97382165899,1.1457295787332965e-15,0.6074123982035025
GALAXY,0.04906944,5.97e-06,19.21151,0.01394812,0.2235615,18.83076,0.01818722,0.1546588,14350.140116277875,5.878332195273228e-16,0.8480035147154172
GALAXY,0.1757244,1.85e-05,18.91727,0.01400851,0.1023901,18.03888,0.01001451,0.07083301,48112.18977563826,7.708149428507306e-16,0.7405419277301127
GALAXY,0.5039371,0.000159097,22.74935,0.2016576,0.20981710000000006,20.71218,0.05744924,0.14515050000000002,115973.71083017549,2.2600504052697767e-17,4.3247962549510905
GALAXY,0.9352624,8.58e-05,21.0417,0.06788242,0.07701671,20.01713,0.04325509,0.0532798,173437.44842435414,1.0893768079135636e-16,1.969861318915014
GALAXY,0.113453,2.1600000000000007e-05,17.87187,0.007651298000000002,0.07388158,17.04828,0.005954559,0.05111093,32094.039864679726,2.0188782310872626e-15,0.4575827587043471
GALAXY,0.5143912,0.000144677,21.77609,0.15193310000000002,0.03429998,19.92669,0.04815359,0.02372857,117734.87966063466,5.538882154842151e-17,2.7625722961981367
GALAXY,0.599538,0.000307536,21.73235,0.1806369,0.05990238,20.03959,0.06648266,0.04144019,131299.76709256077,5.766577395012782e-17,2.7074824629954692
GALAXY,0.4231947,0.0001087,20.89981,0.05217713,0.04628751,19.17922,0.01882842,0.03202149,101614.22151374955,1.2414639851667505e-16,1.8452603598993733
GALAXY,0.1770025,1.21e-05,21.14945,0.03335105,0.05231272,20.77478,0.03639304,0.0361897,48429.46500104044,9.864569233365916e-17,2.07007295897155
GALAXY,0.07062288,1.0800000000000003e-05,17.37167,0.00502583,0.1288647,16.60621,0.004156187,0.08914797,20426.32305922608,3.2002958268421384e-15,0.36343742959601216
GALAXY,0.07215604,2.58e-05,17.331570000000006,0.005561145,0.03779119,16.606289999999998,0.004513293,0.02614377,20853.293099469014,3.3207036934010364e-15,0.3567875178716188
GALAXY,0.5552243,0.000140963,22.74497,0.2627664,0.07778654,20.56624,0.05766201,0.05381237,124409.72530570575,2.269186155346344e-17,4.316081653687429
GALAXY,0.5988693,0.00013336200000000002,23.43935,0.4887486,0.1060038,20.76095,0.07321284,0.07333294,131198.43718950736,1.1970660810239273e-17,5.942451587679725
GALAXY,0.5512933000000001,0.00010582,22.47383,0.16619070000000002,0.2251631,20.64294,0.05136203,0.15576679999999998,123781.01017577927,2.9129036867532993e-17,3.8094445138826663
GALAXY,0.5599241,0.000130539,22.30879,0.1496045,0.199311,20.66037,0.05599825,0.1378824,125157.59373890444,3.391111933794582e-17,3.5306417485518113
GALAXY,0.6197951,0.000378757,23.34666,0.3099591,0.04884985,21.38477,0.09770773,0.0337941,134332.03579037558,1.3037494109148288e-17,5.694133594854426
GALAXY,0.3787735,8.68e-05,21.14094,0.07152192,0.0647039,19.22048,0.02222539,0.04476186,93111.47426683456,9.94219152799993e-17,2.0619762193243183
GALAXY,0.5784140999999999,0.000124969,21.37206,0.06386651,0.04328274,19.87431,0.0297953,0.0299428,128060.07288659777,8.035892626830714e-17,2.2935470424410456
GALAXY,0.1110085,1.4800000000000002e-05,18.49382,0.01010639,0.04174994,17.694679999999995,0.0077167580000000015,0.02888241,31442.544242849373,1.1384923721416172e-15,0.6093399495536825
GALAXY,0.4465254,2.36e-05,20.9509,0.04824442,0.06251601,19.9379,0.03165402,0.04324829,105904.86653553366,1.1843992540780376e-16,1.8891900618017128
GALAXY,0.4469687,0.000121147,21.72581,0.1367675,0.05318663,19.81588,0.03630198,0.03679426,105985.25422852526,5.801417560574469e-17,2.6993403851723983
GALAXY,0.535522,0.000184952,21.80129,0.1705095,0.06363243,20.21375,0.06305255,0.04402062,121229.12792964457,5.411804821088397e-17,2.794818776209778
GALAXY,0.410241,9.21e-05,21.38704,0.1092109,0.116006,19.26206,0.02378842,0.08025244,99180.50911758044,7.925782043534234e-17,2.309423880357323
GALAXY,0.285543,6.31e-05,20.03862,0.02688613,0.1012666,18.38593,0.01099798,0.07005579,73757.54381099995,2.7441643953498935e-16,1.241136798679822
GALAXY,0.06981416,9.24e-06,18.21315,0.008254314,0.05468446,17.70427,0.007364559,0.03783045,20200.822368337576,1.4743416184934693e-15,0.5354582968404511
GALAXY,0.5806687,0.000295907,21.86774,0.1186368,0.05389576,20.56061,0.05872875,0.03728484,128409.69520983093,5.090519731940586e-17,2.881666065430976
GALAXY,0.1135165,3.620000000000001e-05,18.42651,0.009472483,0.04345381,17.5086,0.006423904,0.03006114,32110.940439904964,1.2113067161718122e-15,0.590741732409881
GALAXY,0.4451256,0.000100992,21.27652,0.06950930000000001,0.04175273,19.70681,0.02698216,0.02888434,105650.75169767915,8.775060617084816e-17,2.1948237563953135
GALAXY,0.1066049,9.95e-06,18.3673,0.01175753,0.07442119999999999,17.75529,0.009649562,0.05148424,30264.53628511468,1.2791990411482673e-15,0.5748514779549553
GALAXY,0.06764261,1.49e-05,17.08031,0.004517558,0.1079546,16.17247,0.003461361,0.0746825,19594.357236238997,4.185372584357275e-15,0.3178027510013648
GALAXY,0.07727648,1.89e-05,17.58926,0.006233915,0.09727367,16.60754,0.0043893790000000005,0.06729348,22274.251535464435,2.619112330642129e-15,0.4017423838786284
GALAXY,0.5828524,0.00023012,22.62578,0.3205466,0.08763086,20.2017,0.05503038,0.06062262,128747.4414910515,2.5324805886847804e-17,4.08556055884086
GALAXY,0.09050786,2.9600000000000005e-05,18.52063,0.0093797,0.1191485,17.58304,0.006181209,0.08242639999999997,25910.267581049775,1.1107239212385317e-15,0.6169097757646463
GALAXY,0.305402,7.209999999999999e-05,19.7344,0.03375829,0.1512726,18.072370000000006,0.0123858,0.1046497,78058.57372558188,3.6316009848597146e-16,1.0788862352579809
GALAXY,0.14006,2.23e-05,18.25729,0.00856763,0.07460839,17.242539999999998,0.005930896,0.05161374,39073.52918109697,1.41560512152106e-15,0.5464540540646657
GALAXY,0.4874019,0.000107909,21.42193,0.08825643,0.04808766,19.79878,0.03322493,0.03326682,113143.36123590342,7.675136803763936e-17,2.346830113613548
GALAXY,0.454618,0.000106377,21.9867,0.1296747,0.0580631,20.26411,0.03814965,0.04016779,107365.7712477745,4.562239971428951e-17,3.0439369483284335
GALAXY,0.2953316,3.61e-05,21.62179,0.06813237,0.03407642,20.8602,0.0500043,0.02357391,75889.95650673381,6.384723955282628e-17,2.573082151544671
GALAXY,0.3888742,7.48e-05,21.26333,0.07692136,0.03898591,19.32771,0.02266348,0.02697027,95084.11341200756,8.882314067198853e-17,2.18153232359616
GALAXY,0.9273201,0.000273788,23.70524,0.4065192,0.05999071,22.01413,0.1464132,0.041501300000000005,172615.25291812787,9.370486195481497e-18,6.716509792528812
GALAXY,0.2427526,3.620000000000001e-05,18.92259,0.01459985,0.19101,17.44436,0.007091051,0.1321398,64146.766205913824,7.670472640463109e-16,0.742358443102875
GALAXY,0.4098649,6.95e-05,21.14174,0.06075998,0.05421721,19.34742,0.0203062,0.03750721,99109.29177023347,9.934868548775223e-17,2.062736019388821
GALAXY,0.3474171,8.590000000000001e-05,20.74875,0.06393122,0.04510856,19.01734,0.02041758,0.03120589,86836.34994489489,1.426783654063738e-16,1.721256733754647
GALAXY,0.2317717,1.26e-05,19.68671,0.02051048,0.3654744,18.7378,0.01351859,0.2528335,61603.09586306403,3.7946709729388836e-16,1.0554499709550376
GALAXY,0.6608755000000001,0.000214704,22.36364,0.1926991,0.04017669,20.62713,0.07533782,0.02779405,140265.0584337562,3.224052648657155e-17,3.620959374654174
GALAXY,0.2008955,5.44e-05,19.03,0.01691169,0.1165924,17.69914,0.009963513,0.08065811,54277.270346272984,6.947973049665253e-16,0.7800018850792786
GALAXY,0.1265158,3.65e-05,18.38997,0.009784688,0.1467256,17.25725,0.006281713,0.1015041,35546.13146953952,1.2527664818949592e-15,0.580884318256614
GALAXY,0.02989507,1.17e-05,17.75544,0.009224639,0.08570066,17.28281,0.008930578,0.05928732,8828.410077758743,2.2474090491158847e-15,0.4336942380659232
GALAXY,0.08407666,7.72e-06,17.72883,0.00594638,0.08771617,17.10236,0.005447982,0.06068164,24149.392804714083,2.303170690537729e-15,0.4284120248363468
GALAXY,0.08026499,7.64e-06,18.28215,0.007634541,0.1145231,17.590020000000006,0.0067808930000000005,0.07922655,23100.007949738178,1.3835604062962159e-15,0.552746055784834
GALAXY,0.07905693,3.21e-05,18.14747,0.00884489,0.1111038,17.12827,0.006489226,0.07686111,22766.525537838428,1.5662826067432487e-15,0.5195049048749935
GALAXY,0.641261,0.00022281,22.5691,0.243992,0.09653182,20.96234,0.09211883,0.06678026,137467.7426175027,2.6681984356201358e-17,3.9802985856000612
GALAXY,0.13755979999999998,7.65e-06,18.13293,0.008740962,0.09451564,17.5772,0.008277639,0.06538548,38426.34614923993,1.5873990834185053e-15,0.5160379630484386
GALAXY,0.2652813,5.7200000000000015e-05,19.6945,0.04265866,0.08983772,18.20338,0.01319401,0.06214932,69265.93257771684,3.767542197264016e-16,1.0592431210423228
GALAXY,0.5043899000000001,0.000207373,22.86662,0.2289741,0.15319929999999998,20.9696,0.06210652,0.1059826,116050.44327522439,2.0286640129763477e-17,4.564777905902685
GALAXY,0.5700010999999999,0.000140946,21.65781,0.120961,0.17248329999999998,20.11209,0.045288,0.1193231,126747.2566084259,6.176381666929802e-17,2.616119947699855
GALAXY,0.7954916,0.000115031,21.7823,0.0661471,0.03780195,21.89059,0.1162373,0.02615122,157838.2169419217,5.5072922732981025e-17,2.7704840376193998
GALAXY,0.8916584000000001,0.000397055,24.28581,0.8303741,0.04189851,22.03083,0.1979742,0.02898519,168832.15569599794,5.4895168844156365e-18,8.775212705390533
GALAXY,0.03678539,1.91e-05,17.02971,0.004780215,0.05768169,16.28517,0.004000048,0.03990393,10825.280446967476,4.385045713674497e-15,0.3104828757583612
GALAXY,0.04957549,6.36e-06,17.57735,0.006241558,0.0703845,17.187,0.006067664,0.04869168,14494.384494325928,2.6480008806598698e-15,0.3995449559372329
GALAXY,0.1748567,3.91e-05,18.53927,0.01329259,0.02904481,17.72234,0.009734144,0.02009307,47896.53233350795,1.0918176864555123e-15,0.6222281461326465
GALAXY,0.8532155999999999,4.94e-05,22.44958,0.13238570000000002,0.03645569,22.18627,0.1688191,0.02521988,164580.5181252721,2.9786956089746826e-17,3.7671390621895458
GALAXY,0.01560316,1.13e-05,15.60062,0.003620906,0.04282115,15.0018,0.008891501,0.02962347,4641.220536169738,1.6353477780308962e-14,0.16077541981393015
GALAXY,0.1117819,4.14e-05,18.63421,0.01209602,0.04488927,17.72703,0.009136718,0.03105419,31648.85452975987,1.0004010184839378e-15,0.650036363816411
GALAXY,0.4866024000000001,0.000102067,21.58283,0.1076519,0.08249325,20.09824,0.04538105,0.05706844,113005.10563936706,6.61799028362191e-17,2.527328252464469
GALAXY,0.1175109,1.12e-05,17.79975,0.0069752040000000005,0.05684356,17.05498,0.005415848000000001,0.03932411,33171.70279407917,2.1575363688568224e-15,0.4426348989256275
GALAXY,0.1683537,3.97e-05,18.54883,0.01180841,0.02673719,17.38103,0.006901892,0.01849666,46273.57990944726,1.0822463385958862e-15,0.6249735711046991
GALAXY,0.5389232,0.000111515,21.04054,0.06644502,0.04469498,19.69476,0.0315068,0.03091978,121783.47584891513,1.0905413195031137e-16,1.9688093005265033
GALAXY,0.08533194,1.66e-05,18.1116,0.009133415,0.05616397,17.19236,0.006545346999999999,0.03885398,24494.045790772252,1.6188929254419444e-15,0.5109938252993976
GALAXY,0.1438132,3.44e-05,18.12372,0.008880099,0.07778606,17.02006,0.005486754,0.05381203,40041.70087827309,1.600921824649528e-15,0.5138538943617185
GALAXY,0.2804493,5.65e-05,19.5349,0.02636984,0.0712831,18.08086,0.01153368,0.04931332,72638.27531878393,4.36413448378222e-16,0.984182531301527
GALAXY,0.3935281,5.99e-05,21.4323,0.05333681,0.046812,19.58609,0.01709859,0.03238432,95985.1482332205,7.602179594629698e-17,2.3580643486503834
GALAXY,0.6093583,0.000182769,22.49341,0.213994,0.04492497,20.70477,0.06510913,0.03107888,132778.74921923733,2.860843661106079e-17,3.843949312366666
GALAXY,0.1731821,9.3e-06,20.52744,0.0239509,0.04045273,19.85666,0.02101365,0.02798501,47479.73402034467,1.7493718153712444e-16,1.5544746793922486
GALAXY,0.06716968,7.73e-06,17.177329999999998,0.006512404,0.14307029999999998,16.73327,0.005696784,0.09897535,19462.093377481287,3.827596292155953e-15,0.3323239584445362
GALAXY,0.4843066,0.00013092100000000002,21.5702,0.09889027,0.09952307,20.04643,0.03604653,0.06884960000000001,112607.3728372552,6.695424624227961e-17,2.512671144078703
GALAXY,0.9010935,0.000135622,21.3538,0.06341173,0.04958373,21.05862,0.06571383,0.03430179,169847.81556030991,8.172183789594565e-17,2.2743413756668187
GALAXY,0.3774886,9.6e-05,20.19399,0.04729071,0.1002808,18.29333,0.01379895,0.06937378,92858.8525463954,2.378275298642935e-16,1.3331949265094114
GALAXY,0.07048969999999999,2.0600000000000006e-05,18.25143,0.007110177,0.04632683,17.37557,0.005457715,0.03204869,20389.200916261623,1.423266165375206e-15,0.544981364923941
GALAXY,0.5575078,0.000147339,22.67739,0.2705756,0.07440774,20.26817,0.04802532,0.05147493,124773.60993864204,2.414916535333861e-17,4.183826364136075
GALAXY,0.09274794,2.04e-05,18.30306,0.00745876,0.04235437,17.49064,0.005829128,0.02930056,26520.753863982554,1.3571696066437652e-15,0.558094383954136
GALAXY,0.038184,1.14e-05,16.185589999999998,0.003402158,0.06821583,15.3607,0.0028687390000000004,0.0471914,11228.877196117137,9.541620189837321e-15,0.21048136535542553
GALAXY,0.5358561,0.00019958,22.56504,0.15880479999999994,0.09690216,21.02093,0.05982026,0.06703647,121283.67995936025,2.6781945701391514e-17,3.9728635777144037
GALAXY,0.08335349,3.17e-05,16.73474,0.006491421,0.1045593,15.87335,0.004648207,0.07233366,23950.626844452054,5.753897554416952e-15,0.27104640553046283
GALAXY,0.2149999,3e-05,18.63425,0.009553677,0.060184,17.385479999999998,0.005932727,0.04163501,57655.74795175393,1.0003641630272845e-15,0.6500483380390288
GALAXY,0.1543175,3.8e-05,18.71477,0.01274558,0.04933524,17.7105,0.00826856,0.03412989,42730.0553195522,9.288597095107626e-16,0.6746051499488233
GALAXY,0.5289550999999999,0.00016550400000000002,21.47943,0.128066,0.02592391,19.94592,0.05349069,0.01793404,120152.51081345617,7.279241453050017e-17,2.409803619103794
GALAXY,0.13461070000000006,1.41e-05,17.83165,0.008172947,0.02675885,17.15878,0.006776209,0.01851165,37660.663695320036,2.0950680081908713e-15,0.4491854211571898
GALAXY,0.5275333999999999,5.5200000000000014e-05,21.49226,0.07362247,0.09609165,20.16951,0.03962523,0.06647576,119918.32981590906,7.193729861735751e-17,2.4240839287561546
GALAXY,0.4805124,0.00016933400000000002,22.56237,0.1675622,0.1594931,20.72409,0.05128806,0.1103366,111947.68563195242,2.684788786249188e-17,3.9679816243620603
GALAXY,0.7953346,0.000302862,23.93126,0.4685221,0.018053,21.72555,0.1067736,0.01248898,157819.26742890052,7.609465024149613e-18,7.453283697471469
GALAXY,0.4421378,8.640000000000001e-05,21.47156,0.09127733,0.08796494,19.86498,0.03168273,0.06085374,105106.95108250686,7.332197003701883e-17,2.4010856503787257
GALAXY,0.06612036,7.64e-06,16.77704,0.004613599,0.1157453,16.32457,0.004518539,0.08007208,19168.394552822796,5.534037850448599e-15,0.2763781161592455
GALAXY,0.6343585,0.000210892,22.904770000000006,0.2746761,0.09320764,20.9102,0.07286263,0.06448062,136468.00733195132,1.958619730813243e-17,4.645683856379328
GALAXY,0.1169744,1.35e-05,17.36629,0.007341393000000002,0.1117631,16.23619,0.0046876520000000005,0.07731719,33029.49741888976,3.2161931691307933e-15,0.36253809826560685
GALAXY,0.06590603,1.51e-05,15.642179999999998,0.002816328,0.04494673,14.74364,0.002318166,0.03109394,19108.364662241147,1.573932579822356e-14,0.16388214976259477
GALAXY,0.01876979,8.56e-06,14.418820000000002,0.002094346,0.04114241,13.5991,0.001883716,0.02846213,5574.2414162958685,4.856575282674537e-14,0.09329527566636052
GALAXY,0.6804906999999999,0.000221274,22.67148,0.2198452,0.06872418,21.0781,0.0835678,0.04754307,142999.2482029944,2.4280975190128695e-17,4.172454911375057
GALAXY,0.7041304,0.000301347,23.48262,0.5193123,0.04541038,21.67075,0.2095663,0.03141469,146212.63303185947,1.1502973656739227e-17,6.0620519284340775
GALAXY,0.5681921999999999,0.000120047,21.99349,0.13025889999999998,0.04888358,20.2759,0.0440045,0.03381743,126463.2850948038,4.533797568324697e-17,3.053469963580353
GALAXY,0.1772384,3.620000000000001e-05,18.46055,0.01216855,0.06267566,17.17256,0.00654704,0.04335874,48487.974949787145,1.1739189822278826e-15,0.6000751637026633
GALAXY,0.4982831,0.000108938,22.19234,0.14413370000000006,0.107309,20.16867,0.03543951,0.07423586,115012.11355856451,3.775044932622596e-17,3.346290590962141
GALAXY,0.1203504,9.66e-06,17.5216,0.006352656,0.07508338,16.92633,0.005338356999999999,0.05194233,33922.956825183624,2.7875208545856534e-15,0.389417668513263
GALAXY,0.16359300000000002,2.28e-05,18.63659,0.0109527,0.09039504,17.44782,0.0063746490000000005,0.06253488,45077.933536981545,9.982104801923618e-16,0.6507492140814932
GALAXY,0.16103810000000002,5.03e-05,18.9345,0.01374309,0.07976135,17.73507,0.007751612,0.05517853,44433.64290588351,7.586791085010348e-16,0.7464412857496548
GALAXY,0.2266473,4.14e-05,18.56163,0.01378644,0.08766185,17.15669,0.006712757,0.06064406,60405.054304034165,1.0695623953559217e-15,0.6286684306591502
GALAXY,0.5368406,0.000124309,22.55345,0.34679540000000003,0.08491558,19.9397,0.05333969,0.0587442,121444.30487380658,2.7069368559200414e-17,3.95171533490111
GALAXY,0.6235297,0.000137443,22.71763,0.28425490000000003,0.05574693,20.53949,0.05889023,0.03856547,134883.25312033735,2.3270521988999037e-17,4.2620805401414685
GALAXY,0.07401239999999999,2.8000000000000006e-05,18.66111,0.009682731,0.1045262,17.8219,0.007098017,0.07231077,21369.34109422241,9.759197908003981e-16,0.6581390383310155
GALAXY,0.09511504,1.4499999999999997e-05,17.154870000000006,0.005312234,0.07476779,16.3421,0.004246402,0.05172401,27164.25818525037,3.907600218391018e-15,0.3289043764280437
GALAXY,0.0662942,5.97e-06,17.68686,0.0074656980000000015,0.04314183,17.43361,0.008162078,0.02984532,19217.073942986346,2.393944761722834e-15,0.4202112277584082
GALAXY,0.7184581,0.000240804,23.01817,0.2361198,0.0596467,21.98361,0.1338165,0.04126331,148117.77667985632,1.7643718706139603e-17,4.894740275986015
GALAXY,0.508143,0.00019216,22.22967,0.2079414,0.04351978,20.41487,0.06074483,0.03010679,116684.8766719938,3.6474565340528686e-17,3.404314325083861
GALAXY,0.5623391,0.000171078,23.53422,0.3382367,0.07841849,21.25022,0.07976744,0.05424955,125540.28197135533,1.096907801226338e-17,6.207827668927138
GALAXY,0.4405974,0.00014329299999999998,20.99316,0.07107717,0.05761788,19.30249,0.02558272,0.03985978,104825.8377471206,1.1391846520817706e-16,1.9263165339148258
GALAXY,0.5860965,0.000222213,23.15437,0.2717893,0.1376219,20.82675,0.05330133,0.09520619,129247.60018826067,1.5563602319638197e-17,5.211582922232978
GALAXY,0.03719113,1.0800000000000003e-05,15.348870000000002,0.002448749,0.05293287,14.523320000000002,0.002160468,0.03661872,10942.424945939269,2.0621019133125463e-14,0.1431758111594681
GALAXY,0.261348,4.63e-05,19.32738,0.04258232,0.04783516,17.75805,0.007051415,0.03309214,68381.72894123699,5.283310381907456e-16,0.8944820963065218
GALAXY,0.5724862,0.000174429,22.83316,0.2272571,0.1676015,20.87807,0.07200247,0.115946,127136.39859106399,2.092156293702114e-17,4.49497884656875
GALAXY,0.1268224,9.41e-06,19.17904,0.01534354,0.2224467,18.46312,0.01266126,0.1538876,35626.56433391203,6.056784547900724e-16,0.8354176612426816
GALAXY,0.1475135,1.05e-05,18.96436,0.01427051,0.3079973,18.19306,0.0110111,0.2130711,40992.29390127383,7.380981642906356e-16,0.756776525646918
GALAXY,0.1272986,1.05e-05,19.90508,0.02893128,0.8019373000000001,19.30767,0.03234058,0.5547765,35751.43604645074,3.103316890729417e-16,1.167109629392199
GALAXY,0.5888426999999999,0.000334766,23.90882,0.4648747,0.07025245,21.49323,0.1151281,0.04860032,129669.50881877847,7.768373984973685e-18,7.376658056274306
GALAXY,0.2618587,2.44e-05,21.51079,0.04897688,0.07623709,20.78156,0.03988634,0.05274046,68496.76103699945,7.071997935176638e-17,2.444858069693074
GALAXY,0.138101,2.79e-05,18.17934,0.008390591,0.1279177,17.05363,0.0056667390000000005,0.08849289,38566.58878907238,1.5209751734070037e-15,0.5271857374398288
GALAXY,0.7276126,0.000219368,22.81321,0.4703001,0.04224098,21.06492,0.1736691,0.02922211,149318.6086337255,2.1309542468988818e-17,4.45387118579086
GALAXY,0.4941694,0.000107452,21.55317,0.09688274,0.07007633,19.91169,0.03888419,0.04847848,114308.43964405725,6.801271709959582e-17,2.4930423283666885
GALAXY,0.451481,0.000106169,20.89158,0.07289787,0.04004644,19.2208,0.03033812,0.02770394,106801.12384391061,1.2509101752425212e-16,1.8382799579393967
GALAXY,0.4970866,0.000194397,21.38937,0.1192889,0.1212526,19.94923,0.05112564,0.08388197,114807.7968294342,7.908791478981649e-17,2.311903232867976
GALAXY,0.2703241,2.27e-05,19.43794,0.01607826,0.1958245,18.35942,0.009960516,0.1354705,70393.68742927373,4.771798817384462e-16,0.9412037574313284
GALAXY,0.5220068,0.000156218,22.52849,0.2246547,0.1265726,20.75226,0.06471631,0.08756234,119004.25765875794,2.7698874669042345e-17,3.9065523842112717
GALAXY,0.5392661999999999,0.000234517,22.61151,0.2223443,0.2507744,20.7336,0.06120524,0.1734846,121839.25687277089,2.565985070403858e-17,4.058800005381618
GALAXY,0.3298163,5.85e-05,20.61688,0.04542174,0.216882,18.74676,0.01463985,0.1500379,83211.59946585094,1.6110392643602977e-16,1.6198382586832951
GALAXY,0.1078823,2.15e-05,17.56747,0.005907737,0.09754426,16.58858,0.004368853,0.06748067,30606.834797160052,2.6722071715665573e-15,0.3977311924460503
GALAXY,0.06975266,6.94e-06,17.72948,0.007084546,0.1056539,17.3032,0.008335710999999999,0.07309087,20183.666003644812,2.3017922591034827e-15,0.42854028320003246
GALAXY,0.2964153,6.69e-05,19.93558,0.02684329,0.1932814,18.33321,0.01142125,0.1337112,76124.54871663376,3.017353027533792e-16,1.183618248442429
GALAXY,0.29716750000000003,4.8e-05,20.29332,0.03081833,0.08035405,18.77061,0.01388181,0.05558856,76287.20624112594,2.1703517466279648e-16,1.3955957951649245
GALAXY,0.4367068,8.75e-05,21.01671,0.06464708,0.1397481,19.13766,0.01888595,0.09667709,104113.54922757404,1.1147413862962435e-16,1.947321470584572
GALAXY,0.3315751,2.5e-05,22.22592,0.1092187,0.02528929,21.49869,0.07864472,0.01749501,83577.17823005488,3.660076183433992e-17,3.398440355973736
GALAXY,0.7788428000000001,0.000260396,23.32941,0.2249028,0.06305863,21.78765,0.09433019,0.04362367,155809.66380622165,1.3246285925501188e-17,5.64907905298488
GALAXY,0.3243641,7.96e-05,19.8038,0.0313562,0.03185965,18.0572,0.01195306,0.02204036,82073.53262279053,3.406733217974536e-16,1.1139242338149054
GALAXY,0.05683764,8.37e-06,17.54702,0.005643938,0.03915701,17.18819,0.005636001,0.02708863,16555.99241950237,2.72301557371687e-15,0.3940031121826048
GALAXY,0.6450111,0.000193144,21.48765,0.117047,0.07646061,20.00275,0.04418222,0.0528951,138007.52461285767,7.224339137699388e-17,2.4189430975606974
GALAXY,0.4751554,9.71e-05,21.77082,0.097997,0.039513199999999984,20.09307,0.0340321,0.02733505,111011.23588925334,5.565832407855747e-17,2.755875870437374
GALAXY,0.02597866,6.08e-06,15.67555,0.003294251,0.06725433,15.17175,0.003023579,0.04652623,7687.076016589162,1.5262937477685107e-14,0.16642005157988327
GALAXY,0.106075,2.9100000000000006e-05,17.32255,0.005755646999999999,0.02408982,16.37397,0.004209348,0.01666522,30122.402180084588,3.34840610589461e-15,0.3553085450732613
GALAXY,0.08634251,2.19e-05,17.55026,0.005855847,0.06756188,16.61652,0.00438473,0.046739,24771.173809602195,2.714901798412327e-15,0.39459143323193596
GALAXY,0.4999264,3.9e-05,21.34844,0.0497322,0.04138288,19.98431,0.02558395,0.02862848,115292.25718618171,8.21262750409269e-17,2.2687343797918875
GALAXY,0.2034037,2.22e-05,18.38064,0.0141159,0.2541792,17.47673,0.009049156,0.17584,54882.0338996012,1.2635782017788301e-15,0.5783938310539897
GALAXY,0.3075857,6.440000000000001e-05,19.93066,0.03220715,0.02906995,18.21683,0.01208517,0.02011045,78525.4784981601,3.03105715153216e-16,1.1809395086304495
GALAXY,0.07924614,1.4e-05,17.06948,0.00432821,0.04423518,16.20862,0.003511726,0.0306017,22818.784975396673,4.227329742265952e-15,0.31622168775402704
GALAXY,0.5865557,0.000191516,22.59577,0.2202427,0.03389136,20.74446,0.06677217,0.02344589,129318.24348746384,2.60345529845586e-17,4.029486009977186
GALAXY,0.4336082000000001,0.000140357,21.27441,0.07236029,0.02315176,19.52812,0.02488336,0.01601628,103543.91663034583,8.792130491613732e-17,2.192692101926188
GALAXY,0.5557131,0.000123927,22.21774,0.1930988,0.06575326,20.42986,0.05952102,0.0454878,124487.69975345799,3.687755549289085e-17,3.3856624144270557
GALAXY,0.07096795,1.4e-05,16.17066,0.0033919790000000003,0.0489228,15.25766,0.002680257,0.03384457,20522.482296619288,9.673733640088723e-15,0.20903916034577377
GALAXY,0.08869348,2.9100000000000006e-05,17.66832,0.006530115,0.033797,16.725820000000002,0.004727399,0.02338061,25414.717471315693,2.4351747120430796e-15,0.4166387429920351
GALAXY,0.06581160000000001,1.7100000000000002e-05,17.2539,0.005253877,0.07084148,16.45862,0.004172775,0.04900781,19081.91223685625,3.566959063933919e-15,0.34425135018795344
GALAXY,0.07532744,7.73e-06,18.18674,0.01044246,0.07496645,17.76687,0.009875226,0.05186144,21734.29187614634,1.510643983005718e-15,0.5289853593272742
GALAXY,0.4420865,0.000124409,21.49781,0.1004051,0.03109878,19.64898,0.03018829,0.02151399,105097.59737451254,7.157051218609907e-17,2.43028749519765
GALAXY,0.4734452,6.87e-05,21.71955,0.08478963,0.1779415,19.91302,0.02758565,0.1230991,110711.0295761544,5.834963251401146e-17,2.691569834081657
GALAXY,0.5737876000000001,0.000185185,22.00702,0.2179647,0.06849859,20.355320000000006,0.0753748,0.04738701,127339.7318897343,4.477649811293879e-17,3.072554905198695
GALAXY,0.4189189,4.760000000000001e-05,20.54084,0.04085487,0.05483931,18.92099,0.01645018,0.03793758,100814.99854206576,1.727914007126969e-16,1.5640968892406995
GALAXY,0.08895864,3.66e-05,18.47532,0.008754325,0.1958699,17.53598,0.006473035,0.1355019,25487.19924681393,1.158057504369269e-15,0.6041706895310078
GALAXY,0.1514808,2.72e-05,18.53142,0.01255456,0.06400891,17.35916,0.006947057,0.04428107,42007.1511208259,1.0997402623445279e-15,0.6199828158698165
GALAXY,0.6928833000000001,0.000245425,22.826970000000006,0.1899562,0.04713029,21.31577,0.08163978,0.03260451,144694.7909481608,2.1041181627154253e-17,4.482183703900808
GALAXY,0.01846182,7.33e-06,14.67045,0.002156552,0.05776535,13.9336,0.001936498,0.039961800000000006,5483.63249402354,3.8519276849642954e-14,0.1047576270428576
GALAXY,0.4755285,0.000150226,22.49965,0.1270795,0.1725826,21.07539,0.05132864,0.1193918,111076.6489264062,2.844448828280404e-17,3.855011272163506
GALAXY,0.180867,4.28e-05,18.25883,0.01727989,0.05260498,16.832829999999998,0.00744961,0.03639188,49386.01837953622,1.4135986612612211e-15,0.5468417346625623
GALAXY,0.1428056,2.97e-05,18.36335,0.00934141,0.0456867,17.25541,0.006049545999999999,0.03160585,39782.17625214859,1.2838613510806308e-15,0.5738067493351455
GALAXY,0.5354018,0.000106563,22.82075,0.1723961,0.04154367,20.7617,0.0459087,0.02873972,121209.49635629507,2.11620689566662e-17,4.469363236172648
GALAXY,0.3674916,7.99e-05,20.4455,0.03806454,0.07069711,18.59739,0.01285027,0.04890793,90880.27534373899,1.8865057150352497e-16,1.496909871121716
GALAXY,0.5648867,0.000182628,22.75108,0.2301882,0.05281506,20.79743,0.06574624,0.03653722,125942.80600671224,2.256452133560295e-17,4.32824316897728
GALAXY,0.540764,0.00011403,21.29002,0.0707687,0.07361563,20.08236,0.0382188,0.05092695,122082.57557239456,8.666627392909953e-17,2.208511435170258
GALAXY,0.5024069999999999,0.000141323,22.45329,0.1785526,0.1697987,20.93101,0.0645735,0.117466,115714.11344963535,2.9685346680562804e-17,3.7735807889459654
GALAXY,0.6055683000000001,0.000214702,22.27281,0.11218980000000002,0.08843071,20.6736,0.04352896,0.06117595,132209.9744591356,3.5053720960102984e-17,3.4726231193329844
GALAXY,0.1381954,2.95e-05,17.91254,0.007481075,0.030602800000000006,16.79202,0.004988458,0.02117088,38591.04233347816,1.94465303254854e-15,0.46623368987536135
GALAXY,0.5288299,0.00014013399999999998,22.08572,0.1210757,0.06720122,20.4093,0.0431577,0.04648949,120131.90374423027,4.1645696058864106e-17,3.1859551097412253
GALAXY,0.5799115,0.000130406,22.29444,0.2192425,0.05501539,20.21912,0.04760656,0.03805939,128292.37895616239,3.436229209432417e-17,3.5073867119194313
GALAXY,0.05376081,8e-06,17.02454,0.006046033,0.05570416,16.703960000000002,0.005358607,0.03853588,15684.444908580792,4.4059759801980094e-15,0.30974453476364666
GALAXY,0.5027785,0.000110444,21.80643,0.09705491,0.044769,20.04131,0.03321108,0.03097099,115777.18535829683,5.386245263649826e-17,2.801442108698764
GALAXY,0.5727956999999999,0.000124378,22.55241,0.1721427,0.05746945,20.87845,0.06025137,0.0397571,127184.7836702513,2.7095310063782328e-17,3.949823162602642
GALAXY,0.4127738,0.000112706,20.68339,0.05897963,0.030967200000000007,18.87006,0.01839821,0.02142296,99659.29266168509,1.5153122188025918e-16,1.6702198940560327
GALAXY,0.5846557,0.000247459,22.65557,0.2283426,0.14181970000000002,21.14704,0.08137332,0.09811024,129025.70020683232,2.4639399840709917e-17,4.141995781850554
GALAXY,0.05734586,8.28e-06,16.53934,0.00405548,0.13423239999999995,15.84036,0.003346615,0.09286135,16699.680812476607,6.888459751295199e-15,0.24772147216367182
GALAXY,0.55972,0.000170549,22.55215,0.17263399999999998,0.07791305,20.84672,0.05555327,0.05389989,125125.20158653018,2.7101799323471355e-17,3.949350261109939
GALAXY,0.03396508,9.59e-06,15.07419,0.002654391,0.1584408,14.44903,0.002336914,0.1096087,10009.646948135041,2.6557190275752436e-14,0.12616347783137866
GALAXY,0.5712326,0.00017249599999999998,21.43777,0.1013708,0.1199904,20.03116,0.04653019,0.08300881,126940.23935565646,7.563975704195922e-17,2.3640118668244336
GALAXY,0.15088410000000002,3.11e-05,17.98677,0.009601135,0.05998505,16.87237,0.005741433000000001,0.04149738,41854.797629393215,1.816143351547991e-15,0.4824470467732793
GALAXY,0.5407879,0.000117127,22.813,0.2113291,0.06195122,21.05964,0.06901335,0.04285756,122086.45466696884,2.131366449853714e-17,4.453440479086969
GALAXY,0.1056703,2.7399999999999995e-05,18.35016,0.009410325,0.06781488,17.42693,0.00687828,0.04691402,30013.79514904328,1.2995533861992577e-15,0.5703318854303511
GALAXY,0.5073442,0.000176477,22.96964,0.3777334000000001,0.14536629999999998,20.68931,0.07962114,0.1005637,116550.08064540083,1.8450244477135037e-17,4.78656159889506
GALAXY,0.04080549,9.92e-06,16.77955,0.003918207,0.0879924,16.04786,0.003277122,0.06087273,11983.787221408571,5.521259063679527e-15,0.2766977656981514
GALAXY,0.229283,3.77e-05,18.91679,0.01275679,0.03702661,17.69289,0.0071878559999999985,0.02561483,61022.136411624735,7.711557926528054e-16,0.7403782503839276
GALAXY,0.01596873,1.31e-05,17.68611,0.01596047,0.06360346,17.18317,0.01416899,0.04400058,4749.086025117995,2.3955990114711904e-15,0.4200661170032506
GALAXY,0.06405796,9.18e-06,17.9925,0.006592803,0.04427207,17.21483,0.00516181,0.03062721,18590.189489347416,1.80658385697018e-15,0.48372179109061936
GALAXY,0.4095984,9.77e-05,21.28383,0.07663421,0.04030506,19.53939,0.02267409,0.02788285,99058.80889468934,8.716178691717496e-17,2.202224816286969
GALAXY,0.1055498,1.05e-05,18.03318,0.007448558,0.0802967,17.27011,0.005899989,0.05554888,29981.448031464377,1.7401477535843931e-15,0.49286916921065166
GALAXY,0.6261682,0.000172166,21.88932,0.135037,0.04467765,20.63786,0.0787795,0.03090779,135271.23925481612,4.9903398779785076e-17,2.9104467131828757
GALAXY,0.5315071,0.000105031,21.88907,0.09298466,0.03624959,20.34756,0.037063699999999984,0.0250773,120571.89085400659,4.9914890785012276e-17,2.9101116549099646
GALAXY,0.3942509,8.669999999999999e-05,20.42075,0.05583965,0.03301949,18.86101,0.02182576,0.02284273,96124.64622042725,1.9300036271676822e-16,1.47994526070691
GALAXY,0.04418121,8e-06,19.47723,0.02329966,0.2856411,19.02783,0.02208067,0.1976052,12952.872435315096,4.602206751519278e-16,0.9583886289541012
GALAXY,0.8856618,4.620000000000001e-05,21.30239,0.04427692,0.1420319,21.24158,0.05972195,0.09825701,168181.02002763064,8.56844720618012e-17,2.221128334083335
GALAXY,0.2456781,3.73e-05,19.61821,0.02131827,0.10841760000000003,18.16271,0.01049023,0.07500280000000001,64819.050821335506,4.041793537923136e-16,1.0226750302120302
GALAXY,0.0871416,4.34e-05,21.37189,0.1018438,4.9073769999999985,20.04024,0.04734906,3.3949010000000004,24990.09521872473,8.037150951546636e-17,2.293367492503604
GALAXY,0.2563661,2.99e-05,18.66976,0.01351469,0.05846015,17.58342,0.008917976999999999,0.04044246,67256.02231820999,9.681755818698556e-16,0.660765945533366
GALAXY,0.3874617,8.83e-05,20.95844,0.07740398,0.1021592,19.10312,0.02508693,0.07067323,94809.66373622548,1.17620257326026e-16,1.8957612953191023
GALAXY,0.4653028,0.000138043,22.051,0.1194547,0.1216724,20.41268,0.04150297,0.08417241,109273.38538173062,4.2998977189639133e-17,3.135419480305706
GALAXY,0.1202775,2.72e-05,18.32202,0.007422619,0.05163647,17.292720000000006,0.00535389,0.03572187,33903.698652903855,1.3336753528169445e-15,0.5629886666322955
GALAXY,0.6994776999999999,0.000204266,22.62321,0.18830020000000006,0.1171692,21.19089,0.07960612,0.08105711,145587.1328499452,2.538482216090269e-17,4.080728040785568
GALAXY,0.4852156,0.00015297799999999998,22.15609,0.16432750000000002,0.105593,20.47717,0.05309375,0.07304874,112764.98017008149,3.903211864343102e-17,3.2908921694438544
GALAXY,0.5719269,0.0002251,22.28258,0.1774168,0.181064,20.80302,0.06974048,0.1252592,127048.91686155589,3.4739704918859964e-17,3.4882825247021403
GALAXY,0.3015175,4.61e-05,19.9325,0.02306265,0.03393728,18.36115,0.01055856,0.02347765,77225.0736670815,3.0259247611765443e-16,1.1819406033546744
GALAXY,0.182583,7.780000000000001e-05,21.11326,0.04064808,0.05678134,19.8627,0.02004166,0.03928107,49809.43608168597,1.019891859091218e-16,2.035858793932412
GALAXY,0.1723659,3.19e-05,17.99278,0.008826341,0.03917051,16.77812,0.005131798,0.02709798,47276.302362690105,1.8061180179777253e-15,0.4837841685049323
GALAXY,0.7472339,0.000330037,22.61445,0.2381686,0.03992096,21.08495,0.08054724,0.02761714,151850.04166542567,2.5590461921390158e-17,4.06429901779719
GALAXY,0.6041414,0.000157977,21.75315,0.10308889999999997,0.03787408,20.26001,0.04145644,0.02620111,131995.18046859335,5.657155613467568e-17,2.7335413781536566
GALAXY,0.5266042,0.000131377,22.34456,0.1217528,0.05224333,20.40662,0.03771204,0.0361417,119765.06078661614,3.281210746022927e-17,3.5892825891312827
GALAXY,0.4399658,0.00018186,22.35685,0.1372055,0.0386994,20.78916,0.05297803,0.02677207,104710.42697073381,3.2442784756114124e-17,3.609654642216351
GALAXY,0.4803871,0.000209117,22.38916,0.1753007,0.06111211,20.36838,0.04346995,0.04227707,111925.84964896287,3.1491556399954253e-17,3.6637653607448137
GALAXY,0.115988,9.52e-06,18.18304,0.008437956,0.03478289,17.7068,0.008290971999999999,0.02406265,32767.823382638508,1.515800776490237e-15,0.5280847817839666
GALAXY,0.1848043,5.58e-05,18.93423,0.0180519,0.13081669999999998,17.66575,0.00955973,0.0904984,50356.32071152979,7.588677996680521e-16,0.7463484793123535
GALAXY,0.03057226,1.3e-05,17.08176,0.004562133,0.07623371,16.28736,0.003612312,0.05273813,9025.294003902265,4.179786752742367e-15,0.31801503455393426
GALAXY,0.03537462,6.56e-06,17.4408,0.007292528,0.05921996,17.077779999999994,0.007447011,0.0409681,10417.582858701207,3.002881021780275e-15,0.3751937992558077
GALAXY,0.07677002,1.96e-05,17.77121,0.006752981999999999,0.1035326,16.75574,0.004667633,0.07162338,22134.050301764462,2.215002012775751e-15,0.4368553435219984
GALAXY,0.5728943,0.000138763,21.45771,0.09002012,0.03283684,19.74472,0.03207678,0.02271638,127200.19441274952,7.426327971358139e-17,2.3858198757619493
GALAXY,0.507135,7.509999999999998e-05,21.64823,0.2184679,0.1345095,19.89925,0.06498853,0.09305304,116514.75754481704,6.231120145612657e-17,2.6046036946834032
GALAXY,0.1377763,2.45e-05,17.951220000000006,0.007466377,0.1522249,16.83247,0.004741432,0.1053085,38482.458448640835,1.8765931434590145e-15,0.4746130246850548
GALAXY,0.3570877,3.5600000000000005e-05,22.5326,0.13443970000000002,0.07721038,21.50314,0.07152683,0.05341379,88796.34526082892,2.7594220174038647e-17,3.913953415211985
GALAXY,0.02100479,8.06e-06,14.536779999999998,0.002100389,0.1055656,13.72379,0.001928329,0.07302979,6230.957513382696,4.3565843315423535e-14,0.09850349779340287
GALAXY,0.5386544,9.09e-05,21.86046,0.1379585,0.1043355,20.37957,0.05634938,0.07217883,121739.74598880623,5.124767005127034e-17,2.8720212722478107
GALAXY,0.4595779,9.62e-05,21.86612,0.125845,0.06742316,20.18375,0.04268634,0.04664303,108254.27981383845,5.0981208391850305e-17,2.8795170360096076
GALAXY,0.3158458,0.000114427,21.18774,0.08700494,0.03347745,19.49403,0.0291048,0.02315954,80280.88765470784,9.522744347721001e-17,2.1068986859844645
GALAXY,0.6122175999999999,0.000109677,22.607570000000006,0.1995046,0.04227789,21.26995,0.08661423,0.02924765,133206.1828906967,2.5753136230180636e-17,4.051442245374802
GALAXY,0.4789302,0.000125913,20.90758,0.07737639999999997,0.05313805,19.16327,0.02327067,0.03676065,111671.7191152857,1.2326112443235034e-16,1.8518749294471633
GALAXY,0.03225499,1.6e-05,16.59832,0.004267845,0.1169539,15.73411,0.00331622,0.08090819,9513.931588952306,6.524242953906083e-15,0.254542117297667
GALAXY,0.33527290000000004,5.3799999999999986e-05,21.07759,0.05689441,0.09577256,19.27833,0.0173424,0.06625502,84343.34282602,1.0539551376181345e-16,2.002689644967049
GALAXY,0.1348151,8.07e-06,18.31869,0.01034248,0.09712855,17.3574,0.007233419,0.06719308,37713.81299123919,1.3377720721271197e-15,0.5621259729597502
GALAXY,0.0461045,1.4e-05,16.21239,0.003331904,0.1209422,15.3005,0.002723552,0.08366724,13503.481603579312,9.30898059940417e-15,0.21309519263974808
GALAXY,0.51788,0.000164158,22.1464,0.153555,0.0908616,20.51536,0.05546882,0.06285764,118317.81198169109,3.938203240555346e-17,3.2762395768655135
GALAXY,0.5395853,0.000126951,20.83894,0.08081286,0.1433866,19.78379,0.04515225,0.09919418,121891.13088506425,1.3130526036941999e-16,1.79425288114252
GALAXY,0.6403260000000001,0.000242818,22.94042,0.2521389,0.2593236,21.16004,0.08303452,0.1793989,137332.79194874206,1.895353079405791e-17,4.722583574550518
GALAXY,0.06234547,1.73e-05,16.25313,0.003911822,0.04212067,15.25996,0.0029624440000000003,0.02913889,18109.125354422627,8.966152581590943e-15,0.21713090988666228
GALAXY,0.5145565,0.000160707,22.24949,0.1292986,0.06446456,20.39328,0.03890421,0.04459628,117762.55324621651,3.58147665948864e-17,3.4355292643546096
GALAXY,0.371421,4.68e-05,21.38778,0.07118401,0.04859109,20.08904,0.03522988,0.03361509,91660.74449584144,7.92038194687745e-17,2.310211025932504
GALAXY,0.4816465999999999,0.000204883,21.74268,0.111853,0.07413071,19.85343,0.03278419,0.05128329,112145.1954356673,5.711972727782068e-17,2.7203930226186284
GALAXY,0.0592121,5.93e-06,17.96346,0.008768134,0.2368023,17.48701,0.008980823,0.1638187,17226.662276347037,1.8555562541005806e-15,0.47729584341324643
GALAXY,0.4791867,0.000191356,22.42012,0.1192453,0.06969715,20.55143,0.03697693,0.04821616,111716.49271155299,3.060625027069141e-17,3.7163760470395144
GALAXY,0.3661088,8.109999999999999e-05,20.702070000000006,0.04493421,0.02053263,18.99598,0.01735278,0.01420438,90604.76138563776,1.4894643920824657e-16,1.684649868025165
GALAXY,0.4782782999999999,0.000108072,21.89402,0.1016548,0.130288,20.08321,0.03251861,0.09013262,111557.86510215852,4.968784085085683e-17,2.9167529936149488
GALAXY,0.568189,0.00016482200000000002,21.42188,0.1178552,0.0657199,20.13933,0.06037613,0.04546472,126462.78220513812,7.675490265014427e-17,2.346776076475324
GALAXY,0.187107,4.13e-05,19.02075,0.01363706,0.1928913,17.74165,0.007511391999999999,0.13344129999999998,50921.80191253607,7.007419626512856e-16,0.7766863135802791
GALAXY,0.49439,0.000117371,21.92635,0.12771649999999998,0.09567805,20.31884,0.04285587,0.06618963,114346.26135127617,4.823009587067617e-17,2.9605040005140824
GALAXY,0.4161453,5.78e-05,20.50189,0.04841401,0.138506,18.89991,0.0164033,0.09581781,100294.40524682302,1.791026968041775e-16,1.536291586964337
GALAXY,0.07876409,5.77e-06,17.73718,0.006529658000000001,0.07291171,17.38523,0.006346406999999999,0.05043998,22685.62288127643,2.2855257844599035e-15,0.43006257633670614
GALAXY,0.04728516,1e-05,18.23121,0.01097451,0.1333606,17.7647,0.009543864,0.09225827,13840.940791386392,1.4500204431948273e-15,0.5399302406125346
GALAXY,0.1247833,2.32e-05,18.6368,0.01067639,0.1109358,17.60758,0.007086504,0.07674485,35091.12158112068,9.980174278387926e-16,0.6508121501531352
GALAXY,0.6251714,0.000305944,21.5351,0.1312534,0.07847556,20.45104,0.07288203,0.05428903,135124.80257134594,6.915413050836326e-17,2.472382450857759
GALAXY,0.666928,0.000205376,22.92318,0.3015064,0.15630850000000002,20.82885,0.07941265,0.1081335,141115.39569706656,1.9256888917518148e-17,4.685237948970323
GALAXY,0.1064708,1.92e-05,17.93381,0.007666618,0.08339764,17.07048,0.00553308,0.05769410000000001,30228.574618079983,1.906927251497213e-15,0.4708229805183795
GALAXY,0.4406191,8.420000000000001e-05,21.00207,0.08477172,0.04232642,19.09517,0.02502713,0.02928122,104829.80140923585,1.129874286638241e-16,1.9342368469273328
GALAXY,0.04637412,8.49e-06,16.641389999999998,0.004070813,0.05296519,16.19444,0.003730277,0.03664107,13580.581662795013,6.270499321680595e-15,0.25964122666907874
GALAXY,0.5405988,0.000158383,21.52802,0.116107,0.0445316,20.13221,0.05127568,0.03080676,122055.75976563855,6.960655263036366e-17,2.4643344727433214
GALAXY,0.4874646,0.000156693,22.03027,0.1518781,0.0373419,20.50424,0.05995825,0.02583296,113154.1982812907,4.382784582086859e-17,3.10562956366925
GALAXY,0.1140456,2.03e-05,17.921870000000006,0.0068685840000000005,0.07501978,16.83492,0.004683742,0.05189834,32251.71533006148,1.928013742768409e-15,0.4682412303706534
GALAXY,0.4275787,0.000109616,20.5679,0.05923845,0.03708882,18.79151,0.01882162,0.02565788,102429.49657416582,1.6853811225247797e-16,1.5837099755272104
GALAXY,0.3209251,6.53e-05,20.83321,0.05318487,0.05962139,19.15128,0.02150617,0.041245800000000006,81351.95345069026,1.3200005896384815e-16,1.789524515155636
GALAXY,0.1630059,4.11e-05,18.52339,0.01083547,0.08489805,17.369970000000002,0.00661846,0.05873208,44930.04231219112,1.1079039868465526e-15,0.617694383251531
GALAXY,0.28262259999999995,3.09e-05,21.57684,0.05890811,0.04001085,20.98714,0.05211838,0.02767932,73116.63625543854,6.65460259762467e-17,2.520366231980895
GALAXY,0.6404681,0.00022443400000000005,21.97752,0.154905,0.04845825,20.56885,0.06961128,0.03352319,137353.31106305073,4.600977666842076e-17,3.0310957267099576
GALAXY,0.5333401999999999,0.000157421,21.68969,0.17228949999999998,0.05222407,19.91338,0.04560903,0.03612836,120872.35405484171,5.997663904182514e-17,2.654811267988858
GALAXY,0.3045913,4.92e-05,20.10741,0.02837747,0.1783948,18.4343,0.0114856,0.1234127,77884.93245200171,2.5756931632234647e-16,1.2810841331561402
GALAXY,0.1577887,3.21e-05,17.921770000000006,0.008643716999999999,0.11037550000000003,16.67921,0.005341151,0.07635728,43611.55474147625,1.928191327574487e-15,0.4682196675616205
GALAXY,0.3583843,8.240000000000001e-05,21.21021,0.09138133,0.0738835,19.362820000000006,0.02935489,0.05111227,89057.44821984667,9.327690452251202e-17,2.1288136795101966
GALAXY,0.6821056999999999,0.00018485,22.84232,0.225096,0.16283270000000002,21.29468,0.09837585,0.1126469,143221.59698893744,2.074579705943685e-17,4.513980226087844
GALAXY,0.1804907,3.71e-05,18.43249,0.01103243,0.09883954,17.31385,0.00731268,0.06837673,49293.05808691665,1.2046534401968758e-15,0.5923708133323895
GALAXY,0.9363178,7.809999999999999e-05,23.04971,0.3250391,0.12951700000000002,22.33642,0.2522723,0.08959924,173546.15749347498,1.7138551948231685e-17,4.966353766666582
GALAXY,0.3340955,7.829999999999999e-05,20.172320000000006,0.04213546,0.1566395,18.38125,0.01405572,0.1083625,84099.75138594382,2.4262197027233305e-16,1.3199566011652544
GALAXY,0.4067005,9.02e-05,20.79168,0.05851904,0.08448726,19.1392,0.02132592,0.05844789,98508.83755640632,1.3714694096690576e-16,1.755624578501987
GALAXY,0.472122,0.000120254,21.83094,0.1258472,0.1285874,20.00452,0.03437099,0.08895618,110478.34070959757,5.2660154045509093e-17,2.8332418768292245
GALAXY,0.407287,9.53e-05,20.07298,0.03321415,0.2061288,18.51017,0.01376482,0.1425989,98620.29672492847,2.6586803466088115e-16,1.260931958959572
GALAXY,0.4313672000000001,7.209999999999999e-05,21.05528,0.05774433,0.1620547,19.33639,0.01975919,0.1121087,103130.64219855066,1.0758361300549762e-16,1.9822190805591609
GALAXY,0.7054538,0.000218861,22.49097,0.226039,0.05107231,20.89763,0.09259186,0.03533159,146389.9329471724,2.867280130714626e-17,3.8396324402246345
GALAXY,0.5134295999999999,4.77e-05,22.10111,0.08647233,0.04113667,20.91438,0.05864265,0.02845816,117573.78707197437,4.105954431571057e-17,3.2086153163561386
GALAXY,0.7287241,0.000156454,21.55285,0.05031772,0.04012942,20.91792,0.04596435,0.02776135,149463.54533028344,6.80327655026641e-17,2.492674967141032
GALAXY,0.4437015,0.000150719,21.75733,0.1170806,0.04745215,20.20284,0.04405794,0.03282718,105391.7945382879,5.635417875206318e-17,2.738808406861396
GALAXY,0.28563590000000005,4.120000000000001e-05,20.31663,0.02590526,0.05474528,18.67783,0.01120215,0.03787253,73777.89591248208,2.1242524372129634e-16,1.4106577276089491
GALAXY,0.1136748,1.65e-05,18.32718,0.009969448,0.05130778,17.41256,0.006718284000000001,0.03549449,32153.067015406537,1.3273520509417828e-15,0.5643280692409669
GALAXY,0.13552820000000002,4.18e-05,19.49027,0.01652491,0.04490663,18.55923,0.01153102,0.0310662,37899.14367006132,4.547263544324209e-16,0.9641612039064232
GALAXY,0.03788611,1.55e-05,14.8616,0.002856434,0.05851546,14.09754,0.002495388,0.04048073,11142.964062362304,3.2301160461040414e-14,0.11439726783756576
GALAXY,0.4758042,0.000176475,22.53065,0.1461823,0.07592844,20.61733,0.04547087,0.05252695,111124.9669981801,2.7643824376904824e-17,3.910440230674788
GALAXY,0.4883865,0.000104516,22.10404,0.1187468,0.06412431,20.19784,0.03406061,0.0443609,113313.44663368414,4.094888918452918e-17,3.2129476708948377
GALAXY,0.6835281999999999,0.000137557,22.68206,0.1807997,0.1344015,21.05165,0.06598597,0.09297831,143417.09741754783,2.404551733084618e-17,4.192833844020011
GALAXY,0.1026629,4.16e-05,18.64577,0.01216201,0.1760585,17.732020000000006,0.008289753,0.1217965,29205.220716339125,9.89806098267504e-16,0.6535061098147532
GALAXY,0.4911331,0.000121105,21.62869,0.09380055,0.05480795,19.99044,0.03417223,0.03791588,113786.86698180996,6.344276833112793e-17,2.58127129747108
GALAXY,0.08577097,2.04e-05,18.12204,0.009584321,0.05994573,17.476689999999998,0.007945509,0.04147018,24614.47762309225,1.6034009080093653e-15,0.5134564954904973
GALAXY,0.7027051,0.000260247,23.55283,0.3638232,0.05769675,21.35765,0.08499168,0.03991434,146021.37680359074,1.0782665313153402e-17,6.261258759535264
GALAXY,0.13185560000000002,4.77e-05,18.79625,0.01172577,0.06065207,17.73236,0.0077167,0.04195882,36943.09652530453,8.617040322884149e-16,0.7003992176115119
GALAXY,0.06369945,2.2e-05,18.2673,0.008123172,0.02913157,17.511670000000002,0.006621304000000001,0.02015309,18489.55062490324,1.4026138571463527e-15,0.5489788995104454
GALAXY,0.4733611,0.000147696,21.77992,0.1013123,0.058601,20.06622,0.03450497,0.0405399,110696.25113663105,5.519377835258131e-17,2.767449166062309
GALAXY,0.568005,0.000191291,23.1556,0.3656108,0.07919622,20.79138,0.06792662,0.05478758,126433.86286711061,1.5545980735823612e-17,5.214535786292464
GALAXY,0.2215964,3.17e-05,19.41736,0.01944722,0.05298269,18.0274,0.008936249,0.03665318,59217.305005798575,4.863110359444119e-16,0.9323256921840366
GALAXY,0.6705892,0.00024144900000000005,23.93277,0.5687389,0.04885914,21.86952,0.1282566,0.03380052,141626.86835676056,7.59888942971741e-18,7.458468369543549
GALAXY,0.03487712,1.24e-05,14.6399,0.002841122,0.02589268,14.09746,0.002651715,0.01791244,10273.668833755342,3.9618508808360635e-14,0.10329413241393966
GALAXY,0.4675186,0.000150406,22.59964,0.1928088,0.1323058,20.65255,0.0541229,0.09152852,109665.98198113352,2.5941920566667534e-17,4.036673766527932
GALAXY,0.1748669,2.24e-05,17.960929999999994,0.008991738,0.04668339,16.81618,0.005355999,0.03229535,47899.06865420153,1.859885142848906e-15,0.47674006601371943
GALAXY,0.4438382000000001,0.000108156,21.57269,0.2575152,0.05127034,19.44619,0.05722547,0.03546858,105416.67083268682,6.680087100503951e-17,2.5155540449375495
GALAXY,0.4485382000000001,0.000116925,21.86306,0.1245987,0.1703818,20.03905,0.03640746,0.1178694,106269.5285102687,5.112509466882042e-17,2.8754621299337972
GALAXY,0.5718723000000001,0.000113878,22.77512,0.1874218,0.1597632,20.82943,0.04840967,0.1105235,127040.37363629867,2.207039597993925e-17,4.376426632843374
GALAXY,0.4148026,9.87e-05,20.64939,0.06399836,0.2471427,18.81715,0.02106272,0.17097220000000002,100041.77397798751,1.563515263111448e-16,1.6442719657092468
GALAXY,0.04837456,7.24e-06,18.17308,0.00833365,0.105054,17.76888,0.008526526,0.07267588,14151.947419170341,1.5297699485441876e-15,0.5256681356843819
GALAXY,0.05327289,9.32e-06,17.93117,0.014571100000000003,0.12898110000000002,17.42742,0.009001359,0.0892285,15545.977366656809,1.911569643817143e-15,0.4702509182679232
GALAXY,0.6542489,0.000130011,21.43374,0.122661,0.07407439,20.22628,0.06130596,0.05124432,139327.15893610302,7.592103590677899e-17,2.3596286046763972
GALAXY,0.7008703000000001,0.000145835,22.62885,0.234072,0.06815778,20.88069,0.07876874,0.04715124,145774.7053693669,2.52532992544587e-17,4.091340757278852
GALAXY,0.2289076,4.66e-05,18.5679,0.0106427,0.05277546,17.171979999999998,0.005768335,0.03650982,60934.35967349386,1.0634035975052838e-15,0.6304862973344856
GALAXY,0.05975863,1.02e-05,16.253,0.003738344,0.05492192,15.70133,0.003439899,0.03799473,17380.79345008206,8.96722620298673e-15,0.21711791125345742
GALAXY,0.2142756,3.510000000000001e-05,19.05587,0.009751623,0.2052661,18.43725,0.008124705,0.14200220000000002,57483.571189595415,6.784379375124675e-16,0.7893500708381972
GALAXY,0.1787301,2.9e-05,18.41653,0.008805027,0.1751154,17.43205,0.006056616,0.121144,48857.600088945364,1.2224922798730637e-15,0.5880329366549767
GALAXY,0.6772379,0.000188336,21.74922,0.1119552,0.2093769,20.9352,0.08641983,0.144846,142550.1421225958,5.67766971934626e-17,2.7285986019598623
GALAXY,0.5061585999999999,0.000159671,21.46389,0.1197524,0.1866143,19.66681,0.03871308,0.12909890000000002,116349.77859539061,7.384177458169206e-17,2.392619578988312
GALAXY,0.4943011,0.00016894599999999998,22.05597,0.13411099999999998,0.1238355,20.48025,0.05121192,0.08566884,114331.02069583935,4.280259749827757e-17,3.14260395170391
GALAXY,0.6321059,0.000195876,22.47532,0.2420228,0.07247248,20.64132,0.06506604,0.05013612,136139.99886657437,2.908908932133003e-17,3.8120593387925257
GALAXY,0.06692626,7.52e-06,17.803829999999994,0.007098338,0.1539417,17.18796,0.005942105,0.1064962,19393.990529083767,2.1494439524139232e-15,0.4434673516205797
GALAXY,0.16254820000000006,3.88e-05,17.73806,0.009311005,0.08399568,16.55721,0.00582703,0.05810782,44814.67977775154,2.283674093572668e-15,0.4302368966556199
GALAXY,0.09698009,7.59e-06,17.87094,0.007215511999999999,0.1368554,17.42076,0.0071897340000000014,0.09467593,27670.122615634762,2.0206082656001356e-15,0.4573868267418395
GALAXY,0.3594857,5.18e-05,21.36873,0.06995973,0.1176691,19.52819,0.02028111,0.08140293,89278.93089119691,8.0605768923301e-17,2.2900325338221768
GALAXY,0.0735946,1.5399999999999998e-05,17.39115,0.005784498000000001,0.08353633,16.510279999999998,0.004283063,0.05779005,21253.28602388023,3.143388972080341e-15,0.36671244800452
GALAXY,0.2991766,7e-05,19.70033,0.0221907,0.04681769,18.09735,0.01000934,0.03238826,76720.96166449242,3.74736611306017e-16,1.0620908130859483
GALAXY,0.1155595,2e-05,17.5544,0.006149209,0.05531814,16.4796,0.004206100999999999,0.03826883,32654.062250296407,2.7045693698934866e-15,0.3953444553688678
GALAXY,0.4704075,0.000122475,21.76378,0.1147,0.02652126,20.08774,0.03659755,0.01834729,110176.29966706914,5.602038964595161e-17,2.7469556787728813
GALAXY,0.2321473,5.99e-05,21.83929,0.1028879,0.02258081,20.96768,0.06900501,0.0156213,61690.631802973316,5.225671739359516e-17,2.844157563970518
GALAXY,0.5463408000000001,0.000137751,22.14078,0.1778908,0.07626319999999999,20.45,0.0583328,0.05275853,122984.7665453842,3.958641062236582e-17,3.267771285866581
GALAXY,0.387375,6.75e-05,21.17552,0.05708898,0.0963994,19.32613,0.01834743,0.06668866,94792.80300645692,9.630528597550134e-17,2.0950753749242086
GALAXY,0.3407412,5.47e-05,21.26036,0.08304361,0.06899443,19.64184,0.03024139,0.04773002,85470.28556340294,8.906644643168044e-17,2.1785506038609523
GALAXY,0.4987209,0.000141595,22.47147,0.1397939,0.1398345,20.75958,0.04451306,0.09673683,115086.8011320728,2.919242177982234e-17,3.805306581773074
GALAXY,0.124747,2.7e-05,17.3623,0.005837073000000001,0.08926271,16.27962,0.004087572,0.06175153,35081.57878383881,3.2280341845132473e-15,0.3618725595972419
GALAXY,0.7482134,0.000328015,23.59779,0.4855836,0.04979208,22.23548,0.1947061,0.03444593,151974.9165738748,1.034527703793474e-17,6.392248534666097
GALAXY,0.4833654000000001,0.000137155,22.22119,0.09292085,0.01977571,20.58991,0.03420341,0.01368074,112444.00428011149,3.676056055181791e-17,3.3910457750982412
GALAXY,0.4533434,0.000131792,21.98949,0.1524854,0.1214434,20.07545,0.04242191,0.08401398,107136.60039903011,4.550531501955048e-17,3.047850441404547
GALAXY,0.4665593,0.000166932,21.91062,0.1305466,0.09572098,20.17179,0.04616278,0.06621933,109496.13869928806,4.893393324757579e-17,2.9391357971228738
GALAXY,0.24266260000000006,5.5500000000000014e-05,19.5188,0.025774900000000003,0.07848921,18.00956,0.01116117,0.05429848,64126.04820009398,4.429330890485953e-16,0.9769124677474653
GALAXY,0.49213,0.000182652,22.34618,0.17864470000000002,0.07646313,20.51909,0.0723182,0.05289683,113958.31953268849,3.2763185836833633e-17,3.5919613278882148
GALAXY,0.2064299,6.94e-05,22.04618,0.125305,0.1276214,20.89641,0.07258615,0.08828787,55609.40622170114,4.319029050598187e-17,3.1284675331209266
GALAXY,0.5604408000000001,0.00014762,22.72351,0.2213167,0.06593598,20.88886,0.07124694,0.04561421,125239.56302524598,2.3144836927482115e-17,4.2736372123554345
GALAXY,0.12579110000000002,4.05e-05,18.61369,0.01173708,0.04192667,17.5836,0.007969492,0.02900468,35355.90735459179,1.019488016366283e-15,0.643922576748056
GALAXY,0.4855958,0.000122236,23.11847,0.250002,0.2102787,20.89197,0.06399177,0.14546979999999998,112830.85118345938,1.608681714055567e-17,5.126130430451773
GALAXY,0.3846835,9.21e-05,21.12348,0.06876248,0.08574236,19.31341,0.02497409,0.05931617,94268.52503669051,1.0103366915950555e-16,2.0454631141906896
GALAXY,0.4043325999999999,9.71e-05,21.03217,0.06751154,0.0587356,19.38875,0.02652965,0.04063302,98058.055084178,1.0989808510058393e-16,1.9612350779445002
GALAXY,0.4544812,0.000128787,20.79358,0.05276321,0.06113423,19.03075,0.01956936,0.04229238,107341.19135377627,1.3690714854085405e-16,1.7571613912396116
GALAXY,0.1062282,6.66e-06,18.15978,0.008114669,0.09634768,17.70583,0.008006943,0.06665288,30163.503140246125,1.5486244981083901e-15,0.5224583232401564
GALAXY,0.5540371999999999,0.000193085,22.51217,0.1989557,0.05029739,20.67396,0.06138324,0.0347955,124220.16968882774,2.8118368953630816e-17,3.8773022062187064
GALAXY,0.4022132,8.08e-05,21.361320000000006,0.08541802,0.05441804,19.50416,0.02688034,0.03764615,97653.51242166838,8.115777372570704e-17,2.2822312737673744
GALAXY,0.1111041,2.19e-05,17.95111,0.00649003,0.04258265,16.87504,0.004549606,0.02945848,31468.055677749337,1.8767832777679728e-15,0.47458898288273693
GALAXY,0.4173927,7.170000000000001e-05,20.74213,0.04058316,0.03649404,19.051820000000006,0.01616709,0.02524641,100528.74769141697,1.4355096793550085e-16,1.7160172621110779
GALAXY,0.8080018,0.000289539,23.75398,0.6976420999999999,0.07233892,21.67985,0.1876173,0.05004373,159337.29198745886,8.959135916595089e-18,6.868970516636108
GALAXY,0.5129271,0.000105535,21.9629,0.1226837,0.07585197,20.49976,0.05218041,0.05247404,117489.53278762085,4.663351216304216e-17,3.0107566361726406
GALAXY,0.3654524,5.19e-05,20.48696,0.03992019,0.02486902,18.80997,0.01622306,0.01720427,90473.82123248608,1.8158255606847173e-16,1.5257650141284675
GALAXY,0.1325585,2.64e-05,17.75685,0.00743701,0.08488601,16.6583,0.0048034620000000005,0.05872375,37126.37422295164,2.24449232771365e-15,0.4339759397588362
GALAXY,0.5057764,0.000188193,21.10713,0.09916308,0.05050866,19.2775,0.03049009,0.03494166,116285.14782481448,1.02566639194499e-16,2.030119731419129
GALAXY,0.7321247,0.000153073,21.37535,0.1218556,0.03551783,20.33995,0.06721079,0.02457107,149905.82085857567,8.011579105107718e-17,2.2970246316225515
GALAXY,0.9058384,8.070000000000001e-05,21.93965,0.1501102,0.08125786,21.18669,0.1274787,0.05621381,170354.5394415132,4.764289301150013e-17,2.978692365325825
GALAXY,0.06480642,1.74e-05,18.3668,0.007503462,0.027166000000000003,17.60839,0.00609701,0.01879331,18800.170060426255,1.2797882697413739e-15,0.5747191287484233
GALAXY,0.1306613,1.6899999999999994e-05,17.17973,0.005504086,0.16080870000000005,16.15737,0.003763161,0.1112467,36631.36324012576,3.819144805008334e-15,0.332691459508243
GALAXY,0.7436928,0.000155192,23.09453,0.3270209,0.08495565,21.3774,0.09733471,0.05877192,151397.41480289746,1.6445463766152067e-17,5.06992637130352
GALAXY,0.572969,0.00015016,21.78598,0.13357439999999998,0.08559606,20.19806,0.05043129,0.05921496,127211.86850236711,5.4886574262798604e-17,2.7751831648870153
GALAXY,0.6928112,0.000133691,22.63284,0.2059301,0.1229628,21.11779,0.06997698,0.08506508,144684.99671837263,2.5160665568494543e-17,4.098865355116436
GALAXY,0.5206456,0.000132049,21.14578,0.1006673,0.05921754,19.93735,0.05131184,0.04096642,118778.2066589681,9.897969818584264e-17,2.0665772887689347
GALAXY,0.4997659,0.000192423,22.51035,0.1348257,0.05497152,20.97702,0.05067588,0.03802904,115264.91966844839,2.816554279518997e-17,3.8740538418554604
GALAXY,0.3714135,0.000144659,22.25255,0.12719280000000002,0.07145593,20.4251,0.0378445,0.04943288,91659.25825295529,3.571396964850863e-17,3.440373963348428
GALAXY,0.347517,0.000121011,20.7256,0.06517472,0.06259937,18.96377,0.02080999,0.04330595,86856.71106266633,1.4575320898309784e-16,1.703003938230327
GALAXY,0.06737172,1.86e-05,18.043570000000006,0.007512,0.08570084,17.258210000000002,0.005667788000000001,0.05928744,19518.605805687384,1.7235747581806667e-15,0.49523308661676607
GALAXY,0.2588496,0.000104886,20.95772,0.0460237,0.09520771,19.66298,0.023679,0.06586425,67818.00104883901,1.1769828242165582e-16,1.8951328176731514
GALAXY,0.229658,3.4e-05,19.34464,0.01648338,0.02948277,17.956970000000005,0.008257459,0.02039605,61109.78197162014,5.199985411201399e-16,0.9016202397545493
GALAXY,0.5844371,0.000140388,22.0192,0.1006692,0.03677873,20.41241,0.03660874,0.02544335,128992.0004491225,4.4276993652375937e-17,3.089837589396431
GALAXY,0.5925052,0.000200173,22.29619,0.1468487,0.01577325,20.82058,0.06301874,0.01091186,130230.07965737466,3.430695123469218e-17,3.5102144709440335
GALAXY,0.6073875,0.000141205,22.16632,0.08977925,0.05659285,20.62733,0.03766979,0.03915067,132483.3016459438,3.866607822306964e-17,3.3064324327137644
GALAXY,0.1349615,3.03e-05,17.9909,0.01038551,0.08410572,16.85441,0.005938196,0.05818395,37751.873420913726,1.8092480999320912e-15,0.483365502980828
GALAXY,0.1084094,2.3800000000000006e-05,17.49549,0.005705928000000001,0.1213795,16.45898,0.003932823,0.08396979,30747.940720526763,2.8553682440230995e-15,0.38476331008702996
GALAXY,0.6190734999999999,0.000230967,23.10581,0.31702420000000003,0.07910287,21.10071,0.0805536,0.054723,134225.25144128193,1.6275491972239267e-17,5.096331295471763
GALAXY,0.6437045,0.000233866,21.11576,0.131528,0.1045224,20.08112,0.07716428,0.07230808,137819.72345633447,1.0175461729074077e-16,2.038204012745015
GALAXY,0.6343335999999999,0.00016836900000000005,22.42814,0.1847039,0.1476904,20.8185,0.06687554,0.1021715,136464.38628044113,3.03810042325665e-17,3.7301272898860005
GALAXY,0.5629637,0.000124737,21.64502,0.1386727,0.1330366,20.12627,0.05279456,0.09203412,125639.08118598578,6.24956983231877e-17,2.600756258645506
GALAXY,0.3345285,4.91e-05,20.60541,0.04657806,0.05570165,19.01304,0.01734512,0.03853414,84189.37346516566,1.6281489189731324e-16,1.611304619829701
GALAXY,0.6077684,0.00029934,21.93876,0.1515201,0.04620444,20.33566,0.05885144,0.03196402,132540.4565293686,4.768196286871361e-17,2.9774717681905836
GALAXY,0.08475073,3.08e-05,18.16629,0.007781056,0.05890594,17.26137,0.005886466,0.04075085,24334.52486948482,1.5393668334685092e-15,0.5240269856437035
GALAXY,0.03813744,1.96e-05,16.046470000000006,0.004015664,0.07341906,15.40106,0.003398515,0.05079097,11215.450779929353,1.0846013113867503e-14,0.197419320276051
GALAXY,0.2385104,4.99e-05,19.51961,0.02689028,0.08770396,17.98549,0.01051917,0.06067319,63167.87912071108,4.426027675545516e-16,0.9772769424230265
GALAXY,0.1093565,1.21e-05,18.15945,0.008461123000000001,0.05073925,17.50271,0.007093171999999998,0.03510118,31001.27852286128,1.5490952604851034e-15,0.5223789309596667
GALAXY,0.4783721,0.000152741,20.32027,0.06243717,0.02268863,18.67253,0.02215876,0.01569589,111574.25262020006,2.117142669821269e-16,1.4130243707185124
GALAXY,0.3565613,0.000109102,21.94303,0.08647726,0.05225893,20.21807,0.0294254,0.03615249,88690.22797585736,4.7494806780155167e-17,2.9833324518691953
GALAXY,0.514833,0.00017585700000000002,22.04332,0.118507,0.03164526,20.37022,0.04158896,0.02189205,117808.83124928319,4.330421050273671e-17,3.1243498075328047
GALAXY,0.03721566,1.16e-05,16.453770000000002,0.003899736,0.03352156,15.5891,0.00306932,0.02319006,10949.5056260101,7.453326137485528e-15,0.23814948806791486
GALAXY,0.1139272,3.3e-05,17.97999,0.008452776,0.05476124,17.03538,0.005985781999999999,0.03788357,32220.220311602763,1.827519944111828e-15,0.48094304895272805
GALAXY,0.13472679999999998,1.01e-05,18.19283,0.01268529,0.08201230000000001,17.50601,0.008474121999999999,0.05673573,37690.85417335133,1.5021943534902077e-15,0.5304710068106209
GALAXY,0.5256349,0.00016501900000000005,22.5663,0.2795018,0.1019667,20.90157,0.09719472,0.07054007,119604.99842123523,2.675088320363444e-17,3.975169506484488
GALAXY,0.4081958,8.63e-05,21.32286,0.09353376,0.17501529999999998,19.35567,0.02598682,0.1210748,98792.85412221287,8.408414746596576e-17,2.242165430013429
GALAXY,0.6351755,0.000149281,21.53218,0.08791289,0.1796398,20.50636,0.0565097,0.124274,136586.760099304,6.934036528721527e-17,2.469060048541997
GALAXY,0.4772661,4.17e-05,21.81064,0.08994071,0.05238555,20.35555,0.03971652,0.03624008,111380.91122757761,5.3654002505139306e-17,2.806878747752139
GALAXY,0.6397392,0.000246169,22.65047,0.1743503,0.06997395,21.16604,0.07243759,0.04840766,137248.0224634925,2.4755410095492973e-17,4.132279153035648
GALAXY,0.5282548,0.00016978299999999998,21.978720000000006,0.13396429999999998,0.1767941,20.14806,0.03702971,0.12230539999999998,120037.20712790382,4.5958952875433477e-17,3.032771235027968
GALAXY,0.5112595,0.000131179,22.34585,0.1281121,0.03905544,20.522170000000006,0.04188567,0.02701837,117209.567951415,3.277314543339928e-17,3.5914154967882794
GALAXY,0.5230939,0.000123639,21.776670000000006,0.1094513,0.3245524,20.63013,0.05917257,0.2245238,119184.52927392698,5.5359240755993006e-17,2.7633102774544662
GALAXY,0.1456704,2.26e-05,18.04071,0.007689916,0.09573103,17.15736,0.005585171999999999,0.06622629,40519.29601922427,1.7281209103032476e-15,0.49458125503109135
GALAXY,0.1818352,3.32e-05,18.54359,0.01068844,0.08436137,17.47551,0.006948243000000001,0.0583608,49625.01933698033,1.0874821200893196e-15,0.6234672598223359
GALAXY,0.5544806,8.340000000000001e-05,22.68894,0.1525865,0.07556293,21.16546,0.06484661,0.05227409,124291.00259173743,2.3893629503423987e-17,4.206139305945096
GALAXY,0.428052,0.000105269,20.54612,0.05695238,0.03952964,18.96074,0.02347541,0.02734642,102517.26250912643,1.7195314570664219e-16,1.5679046650121726
GALAXY,0.1635315,2.75e-05,19.09867,0.01056066,0.04693467,17.9458,0.006535108,0.03246919,45062.446160288266,6.522140125420604e-16,0.8050626014055945
GALAXY,0.1100236,1.88e-05,17.18494,0.004990309,0.09324297,16.18893,0.003660349,0.06450505,31179.563110163363,3.80086220552811e-15,0.33349064237388626
GALAXY,0.32119190000000003,5.23e-05,20.74338,0.04115145,0.1870716,18.91828,0.01412413,0.1294153,81408.03783996734,1.4338579387615086e-16,1.7170053654245494
GALAXY,0.528509,0.000117364,22.37869,0.1290923,0.174029,20.74218,0.04671436,0.1203925,120079.0719010066,3.1796705553533875e-17,3.6461426205349934
GALAXY,0.5934176,0.000151437,22.11469,0.1565776,0.1967069,20.54515,0.05894981,0.136081,130369.35426992313,4.054918457740821e-17,3.2287442984862755
GALAXY,0.251415,4.03e-05,19.40079,0.016558,0.04902042,17.95417,0.008181809,0.0339121,66130.85010966823,4.937898119907189e-16,0.9252384071610891
GALAXY,0.5532193,0.00017144,21.97762,0.1652336,0.1269606,20.49768,0.06096344,0.08783076,124089.41361525476,4.600553920653032e-17,3.0312353170408413
GALAXY,0.4917898,6.28e-05,21.25516,0.08297046,0.09258527,19.78676,0.03072373,0.06405006,113899.83265779474,8.949404236281008e-17,2.1733398952923952
GALAXY,0.4232871,0.000156684,21.86685,0.108522,0.08530030000000001,20.22204,0.03370032,0.05901036,101631.44828353473,5.0946942450000963e-17,2.880485227360844
GALAXY,0.1329596,4.88e-05,19.72911,0.01742427,0.04941631,18.72064,0.01105083,0.03418598,37230.89548545264,3.6493383010047258e-16,1.0762611215726072
GALAXY,0.09536315,2.62e-05,18.03086,0.01278946,0.07685807,17.17846,0.008737777,0.05317005,27231.612705462456,1.743870075015444e-15,0.4923428692443751
GALAXY,0.7345186,0.000224326,22.29127,0.1501267,0.1188125,21.32213,0.0941048,0.08219396,150216.12691754027,3.446276552272383e-17,3.502270227718432
GALAXY,0.4823032,0.000141219,21.89597,0.1065237,0.1305958,20.24106,0.03755077,0.0903456,112259.41514673094,4.95986807656261e-17,2.919373438094731
GALAXY,0.02385764,1.3800000000000003e-05,15.387770000000002,0.00262149,0.07486553,14.82529,0.002416147,0.05179162,7067.045263669348,1.9895283186220944e-14,0.14576379014251747
GALAXY,0.5540946999999999,0.00016713400000000002,22.03014,0.120348,0.1097417,20.97741,0.06397403,0.0759188,124229.35736751687,4.383309383695759e-17,3.105443643849776
GALAXY,0.6686105,0.000167761,23.21339,0.367799,0.07060739,21.16104,0.08567534,0.04884587,141350.71312894943,1.4740157539955327e-17,5.355174811490628
GALAXY,0.3811149,8.44e-05,20.72192,0.06273165,0.2946233,18.76774,0.01843487,0.203819,93570.83213860095,1.4624806383390585e-16,1.7001202971271925
GALAXY,0.777613,0.000268895,23.38622,0.428665,0.07416786,21.92017,0.1607046,0.05130899,155658.28022389367,1.2571008649397851e-17,5.798820322700191
GALAXY,0.4134696,9.38e-05,20.92953,0.06233086,0.06716398,19.2139,0.02059408,0.04646373,99790.57201910437,1.2079421204513922e-16,1.8706892574110576
GALAXY,0.400406,7e-05,21.10312,0.05571156,0.05227223,19.36473,0.02043265,0.03616168,97307.76272241853,1.0294615373922193e-16,2.0263742230572714
GALAXY,0.0947239,4.07e-05,18.40238,0.01076261,0.08225949,17.33214,0.006958715,0.05690673,27058.038641238592,1.238528843754639e-15,0.5842135858939475
GALAXY,0.3329941,7.41e-05,20.6083,0.04237411,0.05236648,18.85082,0.01561538,0.03622689,83871.57952831835,1.6238208938189285e-16,1.613450523445057
GALAXY,0.5237545,0.000149758,22.15321,0.1233696,0.05552171,20.60542,0.04934724,0.03840966,119293.96247799124,3.913579182350758e-17,3.2865303884452066
GALAXY,0.6430836,0.000226505,23.15918,0.4518827,0.06422836,21.25436,0.1284729,0.04443288,137730.37933408268,1.549480536142818e-17,5.22313982612852
GALAXY,0.2009679,5.68e-05,18.98028,0.01690493,0.0553707,17.689020000000006,0.009036931,0.0383052,54294.75117326539,7.273544918417665e-16,0.7623451685965483
GALAXY,0.7024239999999999,0.000268493,23.24956,0.2553689,0.0619957,21.63537,0.1058864,0.04288834,145983.61961150225,1.425719616808597e-17,5.445122470757001
GALAXY,0.03880298,7.91e-06,21.39078,0.05440354,0.08866397,22.13537,0.1328603,0.06133733,11407.309753999212,7.89852732996904e-17,2.3134049061607778
GALAXY,0.5324121999999999,0.00014319999999999998,21.12786,0.08526666,0.03524803,19.93274,0.04678576,0.02438442,120720.32678417327,1.0062690731293551e-16,2.0495931091421227
GALAXY,0.1439864,3.98e-05,20.11159,0.02210223,0.03984711,19.04125,0.01397102,0.02756605,40086.282336307115,2.5657960086021297e-16,1.2835525453632093
GALAXY,0.5078095,0.000186198,22.32238,0.1699487,0.07005547,20.45162,0.05212655,0.04846405,116628.61460144844,3.3489304262604e-17,3.5528072980466066
GALAXY,0.06087089,1.7199999999999998e-05,17.75035,0.006699416999999999,0.0966436,16.88341,0.00507952,0.0668576,17694.19667651123,2.257969780231069e-15,0.432678835589145
GALAXY,0.2546218,6.809999999999999e-05,19.15674,0.02192832,0.0902178,17.68828,0.01065783,0.06241225,66860.35017981348,6.182471531020942e-16,0.8268822174240047
GALAXY,0.6039534000000001,0.000274341,22.55176,0.2821562,0.04410489,20.80585,0.111547,0.03051156,131966.85367135293,2.7111536127174606e-17,3.9486410150297386
GALAXY,0.4610207000000001,0.000122963,22.25234,0.1258528,0.2360107,20.50367,0.04147309,0.1632711,108511.76591694645,3.5720878010731476e-17,3.4400412657763395
GALAXY,0.3619756,0.00015915799999999998,20.68001,0.06314184,0.09998927,18.85979,0.02045631,0.06917211,89778.57570128186,1.5200368801078315e-16,1.6676221397058448
GALAXY,0.08846628,1.6899999999999994e-05,18.374370000000006,0.007964948000000001,0.06002256,17.54148,0.005987856,0.04152333,25352.595676419623,1.2708963289052325e-15,0.5767261613914826
GALAXY,0.1454312,2.9600000000000005e-05,18.11692,0.007601205,0.06825310000000001,17.01497,0.005073789,0.04721718,40457.838802905535,1.6109799125737e-15,0.5122472697085321
GALAXY,0.1374058,3.01e-05,18.61458,0.008832267,0.04328632,17.550929999999994,0.005953111,0.02994528,38386.424383582096,1.0186526637752004e-15,0.6441865490418968
GALAXY,0.3098223,6.37e-05,21.20604,0.05841229,0.03612297,19.99651,0.03030966,0.024989700000000004,79002.46385074688,9.3635843091577e-17,2.1247295222299654
GALAXY,0.3743530000000001,0.00012199,20.73062,0.04235565,0.05165633,18.95785,0.01510137,0.03573561,92240.76400007187,1.4508086130530198e-16,1.7069454892321005
GALAXY,0.5864592,0.000168667,22.99296,0.2126544,0.05684806,21.03163,0.06077174,0.03932723,129303.40109426166,1.8058186134864134e-17,4.838242725188078
GALAXY,0.6773826000000001,0.000201074,23.70615,0.4033414,0.05970421,21.72666,0.1143451,0.0413031,142570.15662557483,9.362635697427832e-18,6.71932507341735
GALAXY,0.4481151,0.00015372,22.46146,0.1562707,0.0503096,20.67362,0.04823623,0.03480395,106192.94671718586,2.9462807294087276e-17,3.7878053426519465
GALAXY,0.3563706,7.11e-05,21.299670000000006,0.07096318,0.03276157,19.480320000000006,0.0221406,0.0226643,88651.76847501767,8.589939898562957e-17,2.2183478765327274
GALAXY,0.5565258000000001,0.00021261,22.52226,0.2102415,0.03528246,21.06796,0.08894828,0.02440824,124617.24421441031,2.785826884458104e-17,3.8953604658837895
GALAXY,0.4681414,0.000128993,20.81244,0.05870406,0.02880742,19.0593,0.0198078,0.01992884,109776.14533403875,1.3454951145814795e-16,1.7724894229462216
GALAXY,0.5426701999999999,0.000137339,21.77833,0.1040924,0.1329364,20.31692,0.04378224,0.09196476,122391.61913409826,5.527466576979844e-17,2.7654235204358835
GALAXY,0.07689266,3.13e-05,18.13356,0.01076759,0.07461115,17.479029999999998,0.007710715,0.05161565,22168.007172928286,1.5864782599894573e-15,0.5161877006552146
GALAXY,0.1323733,1.83e-05,21.44863,0.060880600000000014,0.1106318,21.07217,0.05968282,0.07653455,37078.09800668482,7.488694693538006e-17,2.3758644118693155
GALAXY,0.09048633,8.03e-06,18.03789,0.007140468000000001,0.05921879,17.64558,0.00698688,0.04096729,25904.392893944623,1.732615220412593e-15,0.4939393800096034
GALAXY,0.2158011,5.53e-05,19.16526,0.01706947,0.06776763,17.80994,0.008966194,0.04688133,57846.039492869524,6.134146235970063e-16,0.8301329497499004
GALAXY,0.6101505,0.000130786,22.75561,0.2000719,0.05065893,20.68945,0.0515844,0.03504561,132897.3177851163,2.2470571868240926e-17,4.337281924031885
GALAXY,0.3996058,7.140000000000001e-05,22.19429,0.1341977,0.1043629,21.61712,0.1089375,0.07219779,97154.43494065136,3.7682709750068634e-17,3.3492969369660677
GALAXY,0.7137346999999999,0.000194119,23.32352,0.3154563,0.09463558,21.29144,0.07781243,0.06546845,147493.19882097273,1.3318340844211785e-17,5.633776997775091
GALAXY,0.6777651,0.000155193,22.67612,0.2838802,0.08827861,20.88704,0.08022548,0.06107073,142623.04674646605,2.4177429478717244e-17,4.18138014103138
GALAXY,0.3921766,5.4899999999999986e-05,21.27882,0.0643563,0.05451244,19.92746,0.03056543,0.03771146,95723.99459585686,8.756491394482271e-17,2.197149721489431
GALAXY,0.6216363,0.000177667,23.32873,0.354392,0.1372451,21.15056,0.07817319,0.09494555,134604.093278895,1.3254584714547336e-17,5.647310311951908
GALAXY,0.5377069,0.000123861,21.69566,0.1276989,0.04527394,20.0438,0.04386027,0.031320299999999995,121585.49103105483,5.964775811817978e-17,2.662120147534791
GALAXY,0.00387635,1.1e-05,21.03901,0.050444,0.07133091,20.63201,0.04751497,0.0493464,1159.848157298845,1.0920791740887525e-16,1.9674225837284143
GALAXY,0.5788203000000001,0.000263708,23.14721,0.2895753,0.2210123,21.32714,0.09412496,0.15289529999999998,128123.13099703632,1.5666577275504282e-17,5.194427059777578
GALAXY,0.09859794,2.23e-05,17.9845,0.007840996,0.14089720000000006,17.14009,0.005933874,0.09747206,28108.113663138894,1.8199444204446526e-15,0.481942972870329
GALAXY,0.1355079,3.98e-05,18.38062,0.009125755,0.1020727,17.31604,0.00622441,0.07061343,37893.86983010648,1.2636014779638642e-15,0.5783885038744685
GALAXY,0.1353316,1.19e-05,18.63367,0.01074337,0.2300203,17.884179999999994,0.008956335,0.159127,37848.0629913676,1.0008987000667177e-15,0.6498747333978535
GALAXY,0.3089277,5.51e-05,19.99863,0.02749993,0.07132939,18.43132,0.0110813,0.04934534,78811.82744906054,2.8471223147652164e-16,1.2184891104471245
GALAXY,0.3463254000000001,9.5e-05,20.35225,0.04184885,0.03426689,18.61424,0.0147552,0.02370567,86613.68967054467,2.0556923759882957e-16,1.4339884464974473
GALAXY,0.4674939,0.000105363,21.48937,0.09586383,0.06643560000000001,19.67764,0.03069286,0.04595984,109661.61127718048,7.212903555036935e-17,2.420859875467222
GALAXY,0.3479638,6.9e-05,21.43365,0.05640849,0.04970916,19.55304,0.01820694,0.03438856,86947.74642979371,7.592732949486127e-17,2.359530808281375
GALAXY,0.6151747,0.000184288,22.68244,0.1489395,0.06089949,20.73858,0.04391763,0.04212999,133646.73314818158,2.403710304223924e-17,4.193567639333653
GALAXY,0.7408961,0.000295156,22.7228,0.2282265,0.02521628,21.17669,0.09160919,0.017444499999999998,151038.62980245554,2.315997707691599e-17,4.272240102078413
GALAXY,0.4866064000000001,8.04e-05,21.23437,0.05816469,0.1010581,20.0347,0.03202506,0.06991152,113005.79767431278,9.122421296859103e-17,2.1526313074429066
GALAXY,0.4862741,0.000133506,22.0725,0.102914,0.1199721,20.13269,0.03112567,0.08299617,112948.29573585108,4.2155876662337626e-17,3.1666178263253326
GALAXY,0.4721346,0.00010108,21.71491,0.08309501,0.02531007,19.89133,0.02613888,0.01750939,110480.55817278351,5.859952898106883e-17,2.6858246308006932
GALAXY,0.08793473,2.24e-05,18.04324,0.007353719,0.1189414,17.06336,0.005007305,0.08228314,25207.19823800781,1.7240987032368089e-15,0.49515783145789205
GALAXY,0.113728,9.05e-06,18.09325,0.007782836,0.05426956,17.63749,0.006972795,0.03754343,32167.222892711383,1.6464863143911145e-15,0.5066938724099376
GALAXY,0.09487996,1.34e-05,18.05162,0.008063668000000001,0.09612293,17.24043,0.006153547,0.06649739,27100.42429192619,1.7108428739685189e-15,0.49707240311209944
GALAXY,0.1600181,3.37e-05,18.63663,0.01031215,0.07935785,17.524,0.0062435830000000005,0.05489939,44175.90698275618,9.981737054366431e-16,0.6507612014354163
GALAXY,0.4019615,7.659999999999999e-05,21.41703,0.08413438,0.183155,19.53482,0.02505819,0.1267058,97605.40180444162,7.709853489157089e-17,2.3415403835696793
GALAXY,0.2611646,7.099999999999999e-05,19.23105,0.01859781,0.04490653,17.91186,0.01012109,0.03106613,68340.4026426364,5.77348610851819e-16,0.8556687124271694
GALAXY,0.485717,9.51e-05,22.09976,0.1025286,0.1952605,20.3613,0.03396253,0.1350803,112851.84330795628,4.1110629339704596e-17,3.206621146660929
GALAXY,0.5802844,0.000117675,23.9024,0.5678193,0.2300541,21.02776,0.06545597,0.1591503,128350.16699768948,7.814444754457679e-18,7.3548810326186
GALAXY,0.6063718000000001,0.00013413,21.37967,0.1213522,0.2421261,19.7573,0.04218905,0.1675017,132330.76883378736,7.979765430224907e-17,2.3015989580722436
GALAXY,0.2003542,2.75e-05,18.86304,0.0134308,0.2156443,17.49289,0.007056567,0.1491817,54146.52911040533,8.10293071057932e-16,0.7222767784044264
GALAXY,0.2481408,6.18e-05,20.68355,0.04523361,0.22075660000000005,19.15378,0.01875008,0.1527184,65383.23270655222,1.5150889305945926e-16,1.670342964939842
GALAXY,0.6264356,0.00026079,23.7898,0.8471955,0.08894578,21.43694,0.1542125,0.06153228,135310.4930880305,8.668383667778409e-18,6.98321884177788
GALAXY,0.375207,5.83e-05,20.84569,0.05546158,0.3383394,19.07732,0.01836244,0.2340616,92409.33003693065,1.3049147050318884e-16,1.7998389757188658
GALAXY,0.2229298,1.0800000000000003e-05,22.13362,0.11282,0.1465589,21.22576,0.08307672,0.1013888,59531.52829648843,3.984832999058214e-17,3.2570142019723947
GALAXY,0.5317354999999999,0.000116915,21.85003,0.1198457,0.2097634,20.43368,0.06188957,0.14511329999999995,120609.36326826125,5.174234712559025e-17,2.8582594779331028
GALAXY,0.5423289000000001,9.58e-05,22.61291,0.163007,0.1407036,21.09126,0.07711143,0.09733807,122336.33668364794,2.5626784992628837e-17,4.0614176541898335
GALAXY,0.5093629,0.000138161,22.24367,0.3105868,0.1493394,19.95168,0.07314458,0.1033123,116890.48768399814,3.600726419072492e-17,3.426333656315438
GALAXY,0.4372478,0.000144756,22.00809,0.1273109,0.08315374,20.37326,0.04111386,0.05752537,104212.79092643791,4.473239232343139e-17,3.0740692895690636
GALAXY,0.4318138,0.000313327,21.89591,0.1453715,0.1451427,19.82283,0.03777811,0.1004091,103213.08918848714,4.960142176575272e-17,2.919292773940052
GALAXY,0.1172087,2.07e-05,17.71817,0.005697664,0.06976939,16.85272,0.004363441,0.04826614,33091.61153007197,2.3258951077562318e-15,0.4263140562675392
GALAXY,0.5251427,0.000133725,21.91849,0.1236668,0.1291115,20.30934,0.04296556,0.08931877,119523.65047218504,4.8580516204992415e-17,2.94980734228579
GALAXY,0.1124212,1.6100000000000002e-05,18.49707,0.00970365,0.1146523,17.71441,0.0076136569999999985,0.07931594,31819.261457150136,1.1350895493863208e-15,0.6102526194757278
GALAXY,0.384138,8.56e-05,21.32391,0.07328063,0.06991408,19.56657,0.02538214,0.04836624,94162.06448223219,8.400287019345042e-17,2.24324987528618
GALAXY,0.3537381,0.000103975,21.29364,0.07081148,0.1897485,19.97754,0.03414525,0.1312672,88119.97779018396,8.637779733831169e-17,2.2121962524520327
GALAXY,0.04075946,8.19e-06,17.62368,0.006571240999999999,0.03598686,17.24182,0.006405959,0.02489554,11970.549660698165,2.5373835804932364e-15,0.4081611381392734
GALAXY,0.2953852,8.909999999999997e-05,19.80089,0.029229900000000007,0.04168193,18.17988,0.01124165,0.02883537,75901.56643145844,3.4158762222784883e-16,1.1124324587001853
GALAXY,0.1346005,3.05e-05,18.16452,0.008173142,0.1641195,17.09783,0.006216027,0.11353710000000003,37658.01111717631,1.5418784025015322e-15,0.52360001736068
GALAXY,0.6622545999999999,0.000191749,22.5327,0.1872573,0.05424776,21.11341,0.09628398,0.03752835,140459.34096014564,2.7591678769475526e-17,3.9141336635780895
GALAXY,0.1084644,2.2e-05,16.5954,0.005500751999999999,0.08529072,15.7619,0.004537727,0.05900372,30762.659693026384,6.541812995417207e-15,0.25420006207895457
GALAXY,0.1082347,1.4300000000000004e-05,18.57078,0.009816399,0.1455003,17.63401,0.007073949,0.1006564,30701.1820731185,1.0605865743272148e-15,0.6313230591551908
GALAXY,0.1391094,4.31e-05,18.31474,0.009061454,0.04957972,17.34763,0.006440456999999999,0.03429902,38827.6746684855,1.3426478637893025e-15,0.5611043715297993
GALAXY,0.16257149999999998,2.31e-05,18.52764,0.0108006,0.1322588,17.2618,0.006115969000000001,0.09149605,44820.55392999205,1.1035756902559695e-15,0.6189045168974721
GALAXY,0.3363839,5.5e-05,20.21667,0.03127635,0.1425749,18.57912,0.0120667,0.09863268,84572.88923345179,2.3291106713191955e-16,1.3471924872545362
GALAXY,0.07186581,1.42e-05,17.066570000000002,0.004572867,0.09766015,16.11561,0.003500734,0.06756084,20772.52022393924,4.238675066820231e-15,0.31579820146096865
GALAXY,0.172896,2.0600000000000006e-05,18.71116,0.01201874,0.1282602,17.85138,0.008653484,0.08872984,47408.446974939696,9.319532457447138e-16,0.6734845732473732
GALAXY,0.5166710999999999,0.000216043,22.5105,0.2003417,0.09177366,20.39284,0.04978365,0.06348859,118116.09218307181,2.8161651850434436e-17,3.8743214612573778
GALAXY,0.3690202,9.69e-05,21.24807,0.06006806,0.1029184,19.37961,0.01862662,0.07119847,91184.31868583019,9.00803625023678e-17,2.16625536984291
GALAXY,0.6871503999999999,0.000185818,22.24783,0.27151240000000004,0.09428388,20.33899,0.08505446,0.06522515,143913.45540365143,3.586956626392385e-17,3.4329039492620956
GALAXY,0.1364693,2.39e-05,18.32687,0.009772302,0.17428670000000002,17.39544,0.006856934,0.1205707,38143.50716811959,1.3277310913407793e-15,0.5642475113605494
GALAXY,0.3252506,6.409999999999999e-05,20.06851,0.04040726,0.07597691,18.45504,0.01480722,0.05256047,82259.07062268938,2.6696487555742234e-16,1.2583389863066756
GALAXY,0.1840077,4.02e-05,18.83772,0.01195853,0.056866499999999987,17.645,0.006998485,0.03933999,50160.355037421585,8.294116385187844e-16,0.7139037319965564
GALAXY,0.06748145,1.99e-05,17.752860000000005,0.0056776940000000005,0.06424249,16.86291,0.004312338,0.04444265,19549.293220421845,2.252755845102265e-15,0.4331792572296585
GALAXY,0.6317600999999999,6.440000000000001e-05,21.65574,0.15294470000000002,0.04496341,20.2904,0.07109332,0.03110548,136089.56927053217,6.188168420846997e-17,2.6136272667275664
GALAXY,0.1871589,3.950000000000001e-05,18.72981,0.01161708,0.04516974,17.53559,0.006835590999999999,0.03124822,50934.53023553129,9.160815262074735e-16,0.6792938023930057
GALAXY,0.5469387,0.000259933,22.45746,0.1868826,0.04296327,20.75164,0.0615535,0.02972179,123081.1411335484,2.9571552480521875e-17,3.7808343698326303
GALAXY,0.09840488,3.41e-05,17.41339,0.006592976,0.02828861,16.69448,0.005288506,0.01956993,28055.88788491585,3.079655411640768e-15,0.3704875789274193
GALAXY,0.6107959,0.000151049,22.18603,0.1728479,0.03779476,20.571620000000006,0.06518664,0.02614624,132993.83347425234,3.797048331700538e-17,3.3365808454213064
GALAXY,0.1555983,2.95e-05,18.3439,0.007987349,0.03445248,17.360139999999998,0.005712856,0.02383407,43055.70703711097,1.3070678282560618e-15,0.5686900794992557
GALAXY,0.5162945999999999,0.000163901,22.25743,0.1252841,0.04407772,20.72853,0.04943115,0.03049276,118053.2098072551,3.555380819820679e-17,3.448114289308291
GALAXY,0.4792775,0.000137271,21.82948,0.11835919999999997,0.1398385,19.981820000000006,0.03670644,0.09673966,111732.3391429193,5.273101429771418e-17,2.831337573175813
GALAXY,0.4986657,0.000199944,22.09928,0.1437029,0.0908111,20.54133,0.0553989,0.0628227,115077.38627633048,4.1128808216494117e-17,3.2059124072636673
GALAXY,0.3784862,4.36e-05,21.06473,0.05780021,0.03272524,19.44282,0.02011269,0.02263917,93055.0218880878,1.0665129304019547e-16,1.9908642694727392
GALAXY,0.6444807,0.000121165,21.47409,0.08381502,0.03295792,20.655,0.05807741,0.02280013,137931.32333050793,7.31513129121326e-17,2.403884804957787
GALAXY,0.522468,0.000127471,22.02081,0.13598020000000002,0.03404434,20.12573,0.03775612,0.02355172,119080.76574135975,4.42113855130661e-17,3.0921293445815667
GALAXY,0.13174129999999998,2.4100000000000006e-05,17.614710000000006,0.006628489,0.05306415,16.678520000000002,0.004745610999999999,0.03670953,36913.27995155343,2.558433453659923e-15,0.40647856834371976
GALAXY,0.13036489999999998,7.92e-06,18.253770000000006,0.007641905,0.1039188,17.61111,0.006356245999999999,0.07189053,36553.93413736503,1.4202020173147446e-15,0.5455689587379903
GALAXY,0.3088521,1.83e-05,20.25981,0.03812596,0.06330206,19.21121,0.02325246,0.04379207,78795.7082186178,2.2383815898938545e-16,1.3742243901983413
GALAXY,0.6055666000000001,0.000263271,21.71718,0.1427705,0.04846111,20.36683,0.06281743,0.03352517,132209.7187685836,5.847714016278033e-17,2.688633789104682
GALAXY,0.01565589,1.02e-05,17.01281,0.008375863,0.06134484,16.68427,0.01036313,0.04243808,4656.781579256179,4.4538350143112305e-15,0.3080758477858289
GALAXY,0.5256608,0.00015152200000000002,21.44893,0.13977060000000002,0.03922345,19.92529,0.05417253,0.0271346,119609.27771570887,7.486625776570489e-17,2.376192672342895
GALAXY,0.7109523,0.000162269,23.22786,0.295377,0.0695738,21.13368,0.07011139,0.04813083,147123.6789697073,1.4545013383728247e-17,5.390979151385839
GALAXY,0.5234244,0.00012411399999999998,22.23427,0.1122749,0.04813281,20.53705,0.04064397,0.03329806,119239.28965759544,3.63203583854783e-17,3.411533594499375
GALAXY,0.2290801,3.2500000000000004e-05,19.26929,0.01506389,0.0405609,17.91055,0.007935131,0.02805985,60974.69863336451,5.573681208023418e-16,0.8708706460532492
GALAXY,0.1227857,1.2e-05,18.2454,0.008215183000000001,0.043245,17.61763,0.007092327,0.02991669,34565.41331691004,1.4311927422428347e-15,0.5434700958739167
GALAXY,0.3619479,0.000101256,20.49046,0.04885522,0.03944693,18.79202,0.01740409,0.02728921,89773.02520953144,1.8099814553159926e-16,1.5282262397529893
GALAXY,0.5637359000000001,0.000147448,22.4323,0.1516129,0.04307353,20.95586,0.06022658,0.02979807,125761.12748018438,3.026482208457572e-17,3.7372801335612356
GALAXY,0.5241653000000001,0.000213125,22.432270000000006,0.1637109,0.13179449999999998,20.87831,0.06414273,0.09117483,119361.97153888868,3.026565834406698e-17,3.7372285014847635
GALAXY,0.1135653,2.51e-05,17.50553,0.0058987,0.02338799,16.48647,0.004160055,0.016179699999999998,32123.92780328827,2.8290858413163315e-15,0.38654641721577565
GALAXY,0.05175179,2.89e-05,17.60695,0.006558244,0.1876864,16.85843,0.005447876999999999,0.1298406,15113.847589927016,2.5767846529193947e-15,0.40502856404754844
GALAXY,0.6006716,0.00014958200000000002,22.09727,0.1171182,0.0858449,20.56005,0.04464233,0.05938711,131471.36309891142,4.1205019613861565e-17,3.20294626204601
GALAXY,0.5330343000000001,0.000162056,22.77413,0.2556598,0.07744929,20.85396,0.06905879,0.05357906,120822.25911774878,2.209052946769267e-17,4.374431822851068
GALAXY,0.6292371999999999,0.0001335,23.78659,0.6419258000000001,0.1145825,21.11962,0.09229568,0.07926767,135721.02548666977,8.694049833601178e-18,6.972903457565217
GALAXY,0.3623203,5.479999999999999e-05,20.12122,0.03477108,0.1947019,18.41822,0.01324689,0.13469389999999998,89847.63116449308,2.543139159306234e-16,1.2892574577569682
GALAXY,0.09169935,3.15e-05,18.68254,0.008691632,0.05324086,17.7241,0.006113576999999999,0.03683178,26235.16613449956,9.568461751967017e-16,0.6646662886794854
GALAXY,0.1008588,1.49e-05,17.40876,0.008103224000000001,0.1966628,16.52918,0.005708384,0.1360504,28718.90119555707,3.092816297581602e-15,0.36969846917651045
GALAXY,0.08087981,1.96e-05,17.66957,0.006037587,0.1856359,16.76484,0.004559658,0.1284221,23269.562542817388,2.432372726809547e-15,0.4168786485754816
GALAXY,0.06392365,1.13e-05,18.15703,0.008862483,0.2144871,17.45879,0.007328744,0.14838120000000002,18552.49122297134,1.5525518934001846e-15,0.5217970894182531
GALAXY,0.06990506,1.65e-05,15.65181,0.002926163,0.1170157,14.703170000000002,0.002295947,0.08095089,20226.17826273455,1.560034221128454e-14,0.16461054480234125
GALAXY,0.1005888,2.67e-05,17.94151,0.006896904000000001,0.1550876,16.97144,0.004906805,0.1072889,28646.03728961425,1.8934512378991196e-15,0.47249547344361903
GALAXY,0.09517677,2.94e-05,16.911479999999994,0.004683041,0.1041666,15.87517,0.003356386,0.07206199,27181.017737460304,4.88951885506698e-15,0.2940300056623915
GALAXY,0.3838142000000001,9.48e-05,20.73995,0.04650573,0.07069218,18.84692,0.01387458,0.04890452,94098.83889700574,1.4383948690462346e-16,1.7142953703481614
GALAXY,0.07421549,1.04e-05,18.03736,0.007459971,0.08086010000000002,17.31254,0.005964532,0.05593865,21425.73611977532,1.7334611996007645e-15,0.49381883695087075
GALAXY,0.1696318,3.45e-05,17.76585,0.007662518,0.15244549999999998,16.48994,0.00446017,0.10546110000000003,46593.49018127104,2.225963943065612e-15,0.4357783521190033
GALAXY,0.05004656,1.87e-05,17.95942,0.007221939,0.1187738,17.122889999999998,0.005482325,0.08216713,14628.589653069817,1.862473598852007e-15,0.4764086654119557
GALAXY,0.115877,2.65e-05,18.29886,0.008140206,0.07883276,17.25843,0.005677674000000001,0.05453614,32738.359445524085,1.3624297716336717e-15,0.5570159769628128
GALAXY,0.7214975,8.909999999999997e-05,21.61355,0.08489434,0.2517997,20.82612,0.06508254,0.17419389999999998,148517.8771365332,6.433364010489617e-17,2.563336681096007
GALAXY,0.5328436,0.000167275,21.99146,0.1621604,0.1135644,20.04325,0.04426392,0.07856333,120791.02047986962,4.5422823350459815e-17,3.0506167624305247
GALAXY,0.5631978,0.000161761,22.44584,0.1742067,0.02499219,20.75941,0.05898701,0.01728948,125676.09242452236,2.988973916845147e-17,3.760656376096905
GALAXY,0.2050855,1.89e-05,19.022,0.01501016,0.0928537,17.63176,0.007469422,0.06423576,55286.577124675685,6.999356678823086e-16,0.7771335388716101
GALAXY,0.3145175,4.57e-05,20.40279,0.02960342,0.1478144,18.76309,0.01163057,0.1022573,79999.7416453139,1.9621948214420636e-16,1.4677552831271745
GALAXY,0.4844008,0.000124919,22.15401,0.1081741,0.2346309,20.43817,0.04115704,0.1623166,112623.71359409748,3.9106966127517025e-17,3.2877414140514816
GALAXY,0.5456349,0.000149603,22.41668,0.19059160000000006,0.1606548,20.36934,0.04988337,0.1111403,122870.89624310956,3.070337558325946e-17,3.710493304731791
GALAXY,0.07361297,1.28e-05,17.57708,0.0072050030000000015,0.1220542,16.953879999999998,0.005939166,0.08443654,21258.38986433369,2.64865946525886e-15,0.3994952797676397
GALAXY,0.4748813,0.000151357,22.20075,0.1534093,0.03284114,20.49951,0.04694925,0.02271935,110963.16148354467,3.7459167836725935e-17,3.359275729990654
GALAXY,0.6488853,0.000119928,22.881120000000006,0.22245370000000006,0.04919677,21.202820000000006,0.07249319,0.0340341,138562.69279742948,2.001751327561149e-17,4.595361191880669
GALAXY,0.14766629999999994,2.34e-05,18.52379,0.009465852,0.1362668,17.57135,0.006624972,0.09426875,41031.46382510963,1.1074958951117083e-15,0.6178081772423362
GALAXY,0.4635886,0.000192692,22.80041,0.222772,0.08620059,20.91023,0.06027478,0.05963317,108968.95753339953,2.1562252388783937e-17,4.427694543696935
GALAXY,0.2115004,3.32e-05,18.28639,0.01171502,0.06445991,17.02892,0.006284436,0.04459307,56822.548880594826,1.3781678841446206e-15,0.5538263977896164
GALAXY,0.0242072,9.4e-06,15.74864,0.002746674,0.13295620000000002,15.06046,0.00244864,0.09197851,7169.32363855774,1.426928214180588e-14,0.17211695424809592
GALAXY,0.4130282,0.00016659999999999998,20.88667,0.08841747,0.041161300000000005,19.18538,0.03222667,0.02847519,99707.30380709666,1.256579948190044e-16,1.834128048030767
GALAXY,0.3556275,3.48e-05,21.81271,0.07874148,0.02663265,20.9252,0.05077216,0.01842435,88501.82135430424,5.355180643011488e-17,2.809555737441951
GALAXY,0.3664647,9.96e-05,21.14428,0.06334665,0.08104254,19.20117,0.02056772,0.05606485,90675.71492855139,9.911653819633851e-17,2.0651502406930358
GALAXY,0.3772728,6.23e-05,20.94014,0.05879605,0.1283776,19.09135,0.02059394,0.08881105,92816.38708044447,1.196195392327973e-16,1.8798519718670046
GALAXY,0.5723113000000001,0.000121789,21.74128,0.1462047,0.03886502,19.93134,0.04365537,0.02688664,127109.04815614075,5.719342768224094e-17,2.7186396856905484
GALAXY,0.1759703,6.24e-06,18.43396,0.008159338,0.05264982,17.86642,0.00718398,0.0364229,48173.26733855757,1.20302353939601e-15,0.5927719604534142
GALAXY,0.5023833,0.000131605,22.51966,0.1354123,0.03065633,20.775170000000006,0.04427755,0.02120791,115710.08881267536,2.792506066140089e-17,3.89069916957973
GALAXY,0.5823354000000001,0.000130533,21.27699,0.08887468,0.0435183,19.88318,0.04002418,0.03010576,128667.55690979629,8.771262838278527e-17,2.1952988620456515
GALAXY,0.3104829,6.620000000000001e-05,21.07968,0.056654099999999985,0.1894298,19.53426,0.02383537,0.1310467,79143.10803866797,1.0519282663873481e-16,2.0046181227481314
GALAXY,0.2952105,3.72e-05,20.57968,0.03893346,0.2726984000000001,19.43811,0.02256098,0.1886515,75863.72321003804,1.6671939483547395e-16,1.5923247747388212
GALAXY,0.6646305,0.000237191,22.67084,0.1951438,0.1340232,21.3585,0.10805330000000002,0.09271665,140793.31759900934,2.4295292116302714e-17,4.171225341222654
GALAXY,0.5979611,0.000166845,22.9495,0.3748212,0.1371334,20.69304,0.08606749999999999,0.09486825,131060.68788133898,1.8795683580660128e-17,4.7423723764794286
GALAXY,0.07414753,1.85e-05,16.699820000000006,0.005305514,0.2360124,15.9052,0.0043926270000000005,0.16327220000000006,21406.866010754722,5.941965490579185e-15,0.26672249945762533
GALAXY,0.4553256,0.000107378,21.665470000000006,0.08398949,0.04287412,20.26282,0.04100025,0.02966012,107492.84779417362,6.132959901633227e-17,2.6253647649696665
GALAXY,0.560862,0.000143681,22.31068,0.1617838,0.176009,20.82174,0.07550915,0.1217622,125306.34534322073,3.38521397594844e-17,3.5337160762263142
GALAXY,0.6427055,0.000120185,22.94424,0.236341,0.1204646,20.975,0.06051981,0.08333682,137675.94106188812,1.888696281196969e-17,4.730898737331331
GALAXY,0.12035139999999997,2.46e-05,18.51255,0.009017834,0.12959600000000002,17.49367,0.005997405999999999,0.08965395,33923.2209869588,1.1190207125831277e-15,0.6146185338366456
GALAXY,0.6600720999999999,0.000177349,20.95395,0.1102682,0.039134,19.88277,0.06805383,0.02707272,140151.73437372822,1.1810767632755576e-16,1.891845438939087
GALAXY,0.2813558,2.65e-05,22.03425,0.08860088,0.0856547,21.94917,0.1144307,0.05925552,72837.94988406557,4.366747951670892e-17,3.1113269604979905
GALAXY,0.1341211,3.3600000000000004e-05,19.69043,0.01397867,0.1911895,18.58932,0.008962829,0.13226400000000002,37533.30628445871,3.7816917420700664e-16,1.0572596365495333
GALAXY,0.5049710000000001,0.000128477,22.08933,0.2049144,0.1233665,20.08721,0.05450703,0.08534437,116148.85769206157,4.1507456860348367e-17,3.191256058285033
GALAXY,0.6027421,0.000233616,21.97132,0.1032873,0.07034309,20.78728,0.05274825,0.04866303,131784.19192290743,4.627326299624411e-17,3.0224536687703343
GALAXY,0.5228621,0.000203292,21.62022,0.1015827,0.109496,20.2229,0.05015463,0.07574879,119146.10971652798,6.393963094165446e-17,2.5712224553667213
GALAXY,0.06623697,2.26e-05,18.08649,0.007860662,0.12519180000000002,17.37312,0.006517473,0.08660708,19201.049152107084,1.6567696308893884e-15,0.5051189389567391
GALAXY,0.3952685,0.000108005,20.98958,0.07092098,0.1393567,19.21822,0.02209631,0.09640634,96320.83855037921,1.1429470872796206e-16,1.9231433268504268
GALAXY,0.10437069999999997,2.26e-05,16.84502,0.004784463,0.1387585,15.80958,0.003337786,0.09599248,29664.706171157548,5.198165771498968e-15,0.2851672531087717
GALAXY,0.29253909999999994,5.83e-05,19.3134,0.0201586,0.04830025,17.69213,0.008046411,0.03341389,75284.09057269183,5.351778434683824e-16,0.888741893217173
GALAXY,0.1813667,3.26e-05,18.47508,0.01146963,0.05648234,17.46471,0.0074624830000000015,0.03907422,49509.4022682191,1.1583135191548872e-15,0.6041039178086953
GALAXY,0.5443191,0.00016141299999999998,22.08221,0.12285410000000002,0.0305572,20.54136,0.054194500000000013,0.02113933,122658.38884130958,4.1780547350574095e-17,3.1808094448405555
GALAXY,0.5144007,0.000158455,22.03849,0.103835,0.05173831,20.45711,0.04313333,0.03579232,117736.47024266169,4.349728250216109e-17,3.1174080481346365
GALAXY,0.05806989,6.52e-06,16.92049,0.004207762,0.03299127,16.56754,0.004190705,0.02282321,16904.25235800559,4.849110995853031e-15,0.2952525466801677
GALAXY,0.6618727,0.000189914,23.43361,0.4663261,0.02197613,21.34029,0.1045704,0.01520299,140405.57155323253,1.2034114108797099e-17,5.926764246013243
GALAXY,0.12330739999999997,8.48e-06,17.96264,0.006357331,0.06009002,17.176460000000002,0.00516921,0.04157,34702.820187807905,1.8569581884216676e-15,0.47711563909590493
GALAXY,0.8189529999999999,0.000359437,23.41405,0.3546974,0.05883342,21.90652,0.14391389999999998,0.04070069,160632.1030476026,1.225287844782473e-17,5.8736173805635215
GALAXY,0.4965810000000001,9.1e-05,21.54329,0.0718452,0.034793800000000014,19.79696,0.02503364,0.02407019,114721.37285520276,6.863444484428478e-17,2.481724980744173
GALAXY,0.5075702999999999,0.000121839,22.38029,0.1459539,0.02982508,20.56584,0.04236088,0.02063285,116588.2474878808,3.174988270542e-17,3.6488301877161353
GALAXY,0.4487776,0.00014338,22.31698,0.1345547,0.04972149,20.61158,0.05093978,0.0343971,106312.84337131843,3.3656281016022696e-17,3.543983182051575
GALAXY,0.1182588,2.24e-05,17.74361,0.008315658,0.105087,16.89884,0.006191716,0.07269871,33369.803036423116,2.2720303331446748e-15,0.43133793244993385
GALAXY,0.4004889,8.63e-05,20.96035,0.07677678,0.09973548,19.18223,0.02106703,0.06899654,97323.63908457322,1.1741352460138215e-16,1.8974295168337585
GALAXY,0.4883822,0.000103591,22.36225,0.14140970000000005,0.03784923,20.491670000000006,0.03968982,0.02618392,113312.70425671097,3.2281828444040946e-17,3.6186422726955914
GALAXY,0.5867853,0.000108103,22.53931,0.1974039,0.03797255,20.6288,0.05666351,0.02626923,129353.55085731536,2.7424209959053497e-17,3.9260665075985193
GALAXY,0.6606335999999999,0.000139354,23.07829,0.2075435,0.04040932,21.25566,0.06383732,0.02795498,140230.94825155937,1.669329719108262e-17,5.03215085805923
GALAXY,0.09261268,2.28e-05,17.256729999999994,0.005401694,0.06488781,16.28753,0.003965453,0.04488908,26483.93336749644,3.557673797635174e-15,0.3447002927729613
GALAXY,0.16422479999999998,3.39e-05,18.67162,0.01247287,0.1326961,17.451729999999998,0.006853595,0.09179857,45236.976358442575,9.665183975989577e-16,0.6613321747754802
GALAXY,0.5533445,0.000236358,22.14293,0.1518395,0.07718966,20.76985,0.06541707,0.05339945,124109.43725321004,3.950809825800946e-17,3.2710083463512487
GALAXY,0.1828971,5.13e-05,19.46451,0.02276106,0.0667574,18.23116,0.01172476,0.04618246,49886.85071323396,4.656441221496256e-16,0.9527910133845628
GALAXY,0.05020729,1.4e-05,17.03765,0.005254104,0.1017179,16.1851,0.004044523,0.07036795,14674.36559713014,4.353094800472902e-15,0.31162023610037776
GALAXY,0.4175784000000001,9.45e-05,21.20832,0.07961753,0.09187479,19.43233,0.02659477,0.06355856,100563.60471410357,9.343941810504948e-17,2.1269616148090313
GALAXY,0.07288454,1.33e-05,17.449479999999998,0.005620198000000001,0.04580187,16.63874,0.004439163,0.03168552,21055.929635651046,2.9789699696135086e-15,0.3766965583019116
GALAXY,0.10870739999999998,2.21e-05,16.518,0.004755173,0.0646105,15.60193,0.003495339,0.04469724,30827.680254879666,7.0251908208096804e-15,0.2452989291364477
GALAXY,0.4275234000000001,6.91e-05,21.82136,0.1053834,0.1883504,20.4628,0.04277773,0.1302999,102419.23887510275,5.312685718581003e-17,2.820769845361773
GALAXY,0.1773391,3.3600000000000004e-05,18.94855,0.01265757,0.1141106,17.70015,0.007357171,0.07894117,48512.946705423456,7.489246501283614e-16,0.7512866163926673
GALAXY,0.04701525,6.04e-06,18.06261,0.008463224,0.04145272,17.70723,0.008243495,0.0286768,13763.83106522289,1.6936127916755717e-15,0.4995945042180462
GALAXY,0.0843205,7.81e-06,18.09728,0.007585509,0.05555807,17.62782,0.007098206,0.03843481,24216.37843821898,1.6403862685221161e-15,0.5076351103942437
GALAXY,0.04213718,2.75e-05,18.0598,0.008201974,0.2781818,17.23006,0.006301032,0.1924449,12366.488255524046,1.6980017175534113e-15,0.49894842066315886
GALAXY,0.6495864,0.000120826,21.82033,0.08419791,0.03706609,20.74599,0.05062691,0.02564215,138662.89159060363,5.31772806926082e-17,2.8194321797410895
GALAXY,0.07189318,2.09e-05,18.02101,0.006569531,0.073627,17.0565,0.004736976,0.05093481,20780.138534530284,1.7597627691460122e-15,0.4901146139890512
GALAXY,0.05311865,1.94e-05,17.81779,0.006237729,0.06121482,17.028029999999998,0.004831589,0.04234812,15502.19063718844,2.1219840989684372e-15,0.44632750618186784
GALAXY,0.04893174,1.9e-05,16.42882,0.004905739,0.09744424,15.88808,0.004402516,0.06741147,14310.876940672611,7.626585180357765e-15,0.23542883430733616
GALAXY,0.2048077,4e-05,18.60266,0.01128391,0.05573994,17.514029999999998,0.007131834,0.03856063,55219.80786854867,1.0298977875933162e-15,0.6406600632589526
GALAXY,0.6975526,0.000147594,22.63301,0.173227,0.09719201,20.94593,0.05810235,0.06723698,145327.33723540988,2.5156726325901845e-17,4.099186259210725
GALAXY,0.2565346,5.19e-05,18.5738,0.02034581,0.04961561,17.0868,0.009105157,0.03432385,67294.2022584507,1.0576406276058234e-15,0.632201689735498
GALAXY,0.09291533,9.03e-06,18.88588,0.0135417,0.08537788,17.94455,0.008679991,0.05906402,26566.313367624978,7.934254470135293e-16,0.729913930472218
GALAXY,0.271418,5.350000000000001e-05,19.32692,0.02227728,0.224572,17.69088,0.01001466,0.1553579,70637.45662949102,5.285549266152128e-16,0.8942926312302013
GALAXY,0.3527789,6.18e-05,21.16145,0.0706183,0.16981210000000002,19.25394,0.02336157,0.1174752,87925.80148081887,9.756142278293881e-17,2.0815442721158344
GALAXY,0.154365,2e-05,20.03025,0.02142099,0.1002229,19.33247,0.01662619,0.06933377,42742.14079745317,2.7654010614431747e-16,1.23636201101227
GALAXY,0.5586818,7.609999999999999e-05,21.7451,0.1104817,0.114736,20.30835,0.04258075,0.07937386,124960.31125649004,5.699255476252616e-17,2.723426457840155
GALAXY,0.13970539999999998,1.5399999999999998e-05,18.45674,0.01040575,0.1998197,17.66207,0.007557284,0.13823429999999998,38981.848884988016,1.178045664228653e-15,0.5990232130484948
GALAXY,0.03851355,1.11e-05,17.102120000000006,0.004749924,0.24472710000000006,16.21915,0.003693501,0.169301,11323.890382848582,4.102136666549034e-15,0.3210108061662634
GALAXY,0.01482377,1.63e-05,15.38475,0.005398529,0.3074008,14.58804,0.003117763,0.2126585,4411.119190451838,1.9950699404872125e-14,0.14556120839431833
GALAXY,0.06973156,2.22e-05,17.524639999999998,0.005652199,0.4717839,16.485879999999998,0.004199799000000001,0.32637790000000005,20177.77957839224,2.779726870212484e-15,0.3899632240349425
GALAXY,0.34913979999999994,6.91e-05,20.15757,0.03870732,0.09243222,18.43851,0.01303995,0.06394418,87187.12830420365,2.4594054166622763e-16,1.3110210120200103
GALAXY,0.1437379,2.79e-05,18.25786,0.01225188,0.0468102,17.22565,0.00809094,0.03238308,40022.31608670935,1.4148621388820436e-15,0.5465975141859168
GALAXY,0.5701281,0.000217149,22.34092,0.17311210000000002,0.054028199999999985,20.9654,0.07492186,0.03737646,126767.17112087508,3.292229675214562e-17,3.58327097950595
GALAXY,0.4915310000000001,9.61e-05,22.15554,0.13515510000000006,0.03943883,20.53091,0.05661757,0.0272836,113855.32427420202,3.90518961027271e-17,3.290058743477475
GALAXY,0.8117973,0.000144539,22.26559,0.1587208,0.04154442,21.54634,0.1401053,0.02874024,159787.88319111784,3.528760026962157e-17,3.461096054541336
GALAXY,0.1993564,4.77e-05,18.37336,0.01336828,0.06721421,17.22825,0.008508663,0.04649847,53905.31813930031,1.2720791231282125e-15,0.5764579756313758
GALAXY,0.05672979,2.15e-05,17.71885,0.008437841,0.03011131,17.23626,0.009091088,0.02083087,16525.490255020417,2.3244388484121305e-15,0.42644757808989364
GALAXY,0.028302800000000006,5.47e-05,17.82016,0.008039644,0.03662716,17.11283,0.006793999,0.0253385,8364.938583415538,2.1173571763379663e-15,0.4468149052608801
GALAXY,0.05227634,1.7e-05,17.43221,0.005532443000000001,0.04601581,16.60464,0.004286739,0.03183352,15262.94492893943,3.0267330932371692e-15,0.37371252394717336
GALAXY,0.4935906,0.000138768,22.01819,0.14103239999999995,0.04060155,20.10171,0.04082292,0.02808796,114209.15800887975,4.431820124036863e-17,3.088400771547697
GALAXY,0.13795710000000005,3.34e-05,18.19892,0.00911742,0.08152222,17.08759,0.0057513040000000005,0.05639669,38529.30776947611,1.4937919860958536e-15,0.5319608267127423
GALAXY,0.06030248,1.7899999999999998e-05,18.23337,0.009440136,0.03563318,17.56922,0.007669126999999999,0.02465087,17534.08078891539,1.4471385914966375e-15,0.5404675854808605
GALAXY,0.1141887,1.7800000000000002e-05,18.941,0.02114942,0.09992146,18.40591,0.02696963,0.06912521,32289.77524913579,7.541506769204667e-16,0.7486790011739739
GALAXY,0.4782791,6.19e-05,20.89284,0.04890544,0.07677948,19.69781,0.0319288,0.05311569,111558.00487543929,1.2494593323894288e-16,1.839346932065128
GALAXY,0.06925578,3.63e-05,18.05424,0.01186224,0.1202877,17.328,0.01023285,0.08321446,20045.012685180598,1.706719400524921e-15,0.4976725100590969
GALAXY,0.07732189,2e-05,18.12343,0.01433244,0.0390696,17.59305,0.01466399,0.02702817,22286.818500989666,1.601349487773867e-15,0.5137852737895641
GALAXY,0.7192838,0.000237993,22.27461,0.16788250000000002,0.03502593,21.60252,0.15967779999999998,0.02423078,148226.60935393165,3.49956548998961e-17,3.47550287640966
GALAXY,0.4732045999999999,0.000141817,21.541120000000006,0.1007771,0.05236471,19.96193,0.03794527,0.03622567,110668.74633150845,6.877175783027546e-17,2.4792461773134047
GALAXY,0.1146771,1.03e-05,18.25242,0.008257667,0.1132477,17.4225,0.006593816,0.0783442,32419.62893763034,1.4219689890466645e-15,0.5452298850326995
GALAXY,0.6541205,0.0001884,22.318620000000006,0.2081989,0.1156159,20.80081,0.08779003,0.07998256,139308.914100418,3.36054817199181e-17,3.546660778942139
GALAXY,0.9439693,0.000129859,22.71276,0.1986088,0.1993844,23.26971,0.4352706,0.1379332,174330.472564751,2.337513486227743e-17,4.252532606568303
GALAXY,0.07131201,1.11e-05,15.685,0.002681674,0.05076198,14.98064,0.002350334,0.035116900000000006,20618.32501760583,1.5130668808302436e-14,0.16714587083923121
GALAXY,0.6133247,0.00018441,22.80788,0.2445687,0.2174067,21.12918,0.07408175,0.150401,133371.29793911462,2.1414410581260384e-17,4.4429523168121765
GALAXY,0.06262437,8.22e-06,18.06623,0.01042456,0.129546,17.418229999999998,0.008829789000000001,0.0896193,18187.531839325948,1.6879754471572398e-15,0.5004280586356101
GALAXY,0.4512424,0.000175533,21.73374,0.1225116,0.06814924,19.939,0.0374385,0.04714533,106758.09121896281,5.759199531186786e-17,2.7092161278468447
GALAXY,0.1260597,1.95e-05,17.64646,0.006313198000000001,0.1197133,16.61884,0.004492722,0.08281711,35426.42893773288,2.484700945241473e-15,0.4124655225302853
GALAXY,0.5168529000000001,0.000127457,21.26566,0.05551558,0.1049005,20.12021,0.03482017,0.07256971,118146.4461122558,8.863272977031762e-17,2.1838743742216877
GALAXY,0.1369425,1.47e-05,18.14655,0.009836716,0.1457537,17.23919,0.007233364,0.1008317,38266.281141108295,1.5676103608261606e-15,0.5192848499123044
GALAXY,0.5743397,0.000107701,22.14931,0.1128686,0.09442869,20.4912,0.03761416,0.06532533,127425.8991747746,3.927662165049331e-17,3.2806330235259424
GALAXY,0.3626066,6.38e-05,21.09151,0.05104244,0.04489484,19.24284,0.01669838,0.03105804,89904.96582455529,1.0405288478818793e-16,2.015568916975101
GALAXY,0.07634018,2.29e-05,17.26089,0.005388196,0.04502698,16.51931,0.004573268,0.03114946,22015.00007821918,3.5440686455310322e-15,0.34536128558028545
GALAXY,0.09099485,1.14e-05,18.26756,0.009076376,0.04978232,17.814220000000006,0.009112629,0.03443918,26043.111593639405,1.4022780150329035e-15,0.5490446351185568
GALAXY,0.34429990000000005,1.33e-05,20.98777,0.03646287,0.05331445,20.2667,0.0278472,0.03688269,86199.81866571563,1.1448540509984014e-16,1.921540985928953
GALAXY,0.6039601,0.000134199,21.34448,0.07514879,0.05825009,19.78754,0.02805444,0.04029714,131967.8632974786,8.242636069353819e-17,2.2646007785144864
GALAXY,0.2591772,1.0800000000000003e-05,21.99906,0.07446437,0.04796604,21.44996,0.06076345,0.03318268,67892.01188203697,4.510598022830005e-17,3.0613124116367767
GALAXY,0.4504886,0.000114769,21.8048,0.08536818,0.04427501,20.19097,0.03569734,0.03062925,106622.06024946008,5.39433762841415e-17,2.799340015576644
GALAXY,0.64612,0.000181225,21.83303,0.08836211,0.03443457,20.96579,0.05958032,0.02382168,138166.68520865374,5.2558882798343067e-17,2.835970129817215
GALAXY,0.5316626999999999,0.000137596,22.27015,0.1310997,0.0671322,20.2501,0.03776278,0.04644175,120597.4204411507,3.5139706129358035e-17,3.468371846275406
GALAXY,0.3501988,1.5e-05,21.4437,0.04376917,0.07163216,20.67028,0.03442977,0.0495548,87402.41189729195,7.522775910780267e-17,2.3704764892576846
GALAXY,0.401835,9.26e-05,21.55591,0.06268936,0.03112886,19.96558,0.02819085,0.0215348,97581.21686746126,6.78412943395578e-17,2.496190076160921
GALAXY,0.02588348,1.09e-05,16.82174,0.003873204,0.0489325,16.13766,0.003451687,0.03385127,7659.281212306243,5.310826641469168e-15,0.2821263513312924
GALAXY,0.4316785,0.000124264,21.36243,0.07855815,0.07686097,19.58844,0.02596844,0.05317206,103188.11599057804,8.107484465420442e-17,2.2833981890298207
GALAXY,0.07113644,7.41e-06,17.221870000000006,0.004741404,0.09738581,16.84965,0.004613931,0.06737106,20569.42191507933,3.67375445053848e-15,0.33921078527025983
GALAXY,0.5271114,0.000177287,22.441370000000006,0.1577852,0.05467923,20.70757,0.05431458,0.03782684,119848.74285753422,3.0013049548161686e-17,3.7529229856702035
GALAXY,0.04805854,9.41e-06,16.52863,0.004355388,0.06020862,15.85246,0.003704135,0.04165205,14061.765063936324,6.956745651154084e-15,0.24650268394451652
GALAXY,0.5626971,0.000131292,22.03584,0.1629646,0.1278668,20.615920000000006,0.06721444,0.08845764,125596.91928144536,4.3603577734847786e-17,3.113605977004252
GALAXY,0.07578122,2.1600000000000007e-05,17.72573,0.005940525,0.04663981,16.82199,0.004493319,0.03226521,21860.106683390022,2.309756113089645e-15,0.427800859003091
GALAXY,0.09442452,1.7e-05,17.45289,0.005374979,0.04354407,16.48685,0.004092987,0.03012359,26976.707534531954,2.9696285181264727e-15,0.3772885733695149
GALAXY,0.4222552,0.00010916,20.66277,0.04512008,0.05678086,18.95902,0.01662311,0.03928073,101438.95745776182,1.5443656207815318e-16,1.654434783451468
GALAXY,0.1294702,2.1e-05,17.52374,0.00751059,0.07122482,16.46855,0.004881417,0.049273,36320.05684095434,2.782032026243116e-15,0.3898016312933842
GALAXY,0.1127613,2.6600000000000006e-05,18.59819,0.01265102,0.112633,17.60145,0.008279976,0.07791896,31909.86755268314,1.0341466399013063e-15,0.6393426138819029
GALAXY,0.5690868,0.00015662100000000002,21.67941,0.1281027,0.08347415,20.70734,0.07716303,0.05774703,126603.80001766219,6.05472085280829e-17,2.642272788990445
GALAXY,0.2920574,5.01e-05,20.37893,0.03005584,0.09693105,18.69786,0.01170273,0.06705645,75179.38102859646,2.0057930640361375e-16,1.4517159628069494
GALAXY,0.5093246,0.000234766,20.60138,0.14130620000000002,0.05183325,18.6051,0.03692063,0.035858,116884.03681359957,1.6342034582471312e-16,1.6083169992309336
GALAXY,0.6156864000000001,0.000185826,22.55308,0.3335706,0.05633339,20.25773,0.06666896,0.03897118,133722.81173505276,2.7078594900828537e-17,3.951042054362494
GALAXY,0.5136625,0.000179507,22.24537,0.1509767,0.04872212,20.71475,0.05908571,0.03370574,117612.82053944073,3.595092964832026e-17,3.4290171110206766
GALAXY,0.6875876,0.000264265,22.07522,0.1278455,0.09630022,20.90641,0.06721792,0.06662005,143973.22470753588,4.2050399406391995e-17,3.170586837019414
GALAXY,0.08795663,8.49e-06,17.97973,0.007624444,0.1361353,17.52381,0.007844917,0.09417778,25213.190290181774,1.8279576306146625e-15,0.4808854669607229
GALAXY,0.4150251,0.000108281,20.74512,0.07209887,0.05147166,19.03032,0.02368291,0.03560786,100083.66536803058,1.431561879463325e-16,1.7183817525338727
GALAXY,0.6565023,0.000231335,22.71791,0.3133924000000001,0.1279547,20.61579,0.07520393,0.08851847,139646.90863192073,2.326452153877079e-17,4.262630148549805
GALAXY,0.3673596,8.68e-05,20.8448,0.04909407,0.1899548,19.0528,0.01725488,0.1314098,90853.99451249167,1.3059848086292722e-16,1.7991014446051359
GALAXY,0.355915,7.890000000000001e-05,20.41399,0.03367154,0.07029863,19.02995,0.01514399,0.04863227,88559.85031313924,1.9420576831094236e-16,1.4753452143536672
GALAXY,0.420552,0.000137092,21.92879,0.1187455,0.07051046,20.26288,0.04250887,0.04877881,101120.72952611202,4.812182896540855e-17,2.9638324746441223
GALAXY,0.4508712,0.00011166,21.49982,0.09000229,0.068388,19.7756,0.03289463,0.0473105,106691.11947675387,7.143813781047392e-17,2.4325381060545452
GALAXY,0.142043,2.95e-05,18.37677,0.009668014,0.1017064,17.40126,0.0064242940000000005,0.07036001,39585.56297026131,1.2680901385001183e-15,0.5773639350830664
GALAXY,0.4483488000000001,9.75e-05,20.89434,0.05675039,0.07642717,19.2953,0.02237655,0.05287196,106235.25152593167,1.2477343323917423e-16,1.8406179468555335
GALAXY,0.6618941999999999,0.000230724,24.05923,0.5184810000000001,0.06255791,21.62932,0.1006949,0.04327727,140408.59926998525,6.763416383736416e-18,7.905724069920158
GALAXY,0.3538845,7.170000000000001e-05,21.26258,0.06424988,0.03520751,19.44962,0.02144413,0.02435639,88149.5951631642,8.888451872066127e-17,2.1807789791304106
GALAXY,0.3369801,7.020000000000001e-05,21.72865,0.06961868,0.180931,19.74618,0.02014686,0.1251672,84695.94854701834,5.786262409531781e-17,2.7028730766257447
GALAXY,0.03157556,8.27e-06,17.71526,0.005908289000000001,0.1220129,17.27919,0.005853059,0.08440795,9316.737994260977,2.3321373543954917e-15,0.4257431335055689
GALAXY,0.6226121,0.000131946,21.84524,0.13470410000000002,0.1860921,20.29119,0.05069422,0.12873769999999998,134748.04090474467,5.197112586931184e-17,2.851961459344725
GALAXY,0.5159878,0.000154914,22.6878,0.1686064,0.2191806,20.69785,0.04642359,0.1516281,118001.94796177834,2.3918730483357463e-17,4.2039317069232425
GALAXY,0.3891762,9.88e-05,21.50773,0.08384068,0.22283000000000006,19.71044,0.02640664,0.15415279999999998,95142.73304249505,7.091957514122172e-17,2.4414152458731952
GALAXY,0.06067968,2.25e-05,17.81032,0.00632366,0.06962461,16.965770000000006,0.004815261,0.04816598,17640.34527542085,2.1366339518577933e-15,0.44479474973101746
GALAXY,0.06957364,1.4800000000000002e-05,17.69585,0.006098927,0.06082894,16.96519,0.004927437,0.04208118,20133.719268820576,2.374204507672205e-15,0.4219545285948471
GALAXY,0.03513944,8e-06,16.84294,0.006807651,0.09250991,16.40834,0.006835763000000001,0.06399792,10349.560515309155,5.2081337067118785e-15,0.28489422919482915
GALAXY,0.09115988,2.3800000000000006e-05,18.31242,0.008817,0.08431426,17.412689999999998,0.006309734,0.05832822,26088.113667137157,1.3455198997456995e-15,0.5605052080392391
GALAXY,0.1301731,1.49e-05,18.16058,0.008057911,0.09397483,17.16528,0.005624593000000001,0.06501135,36503.81641951614,1.5474838496915313e-15,0.5226508394602649
GALAXY,0.03237044,1.39e-05,16.39882,0.00382332,0.2572409,15.4786,0.002972677,0.177958,9547.425373042795,7.84025386445762e-15,0.2321986296033949
GALAXY,0.5492776999999999,0.00012479,22.21629,0.1490858,0.2097973,20.34635,0.047934,0.14513679999999998,123457.50991026449,3.6926838345710153e-17,3.383402394091416
GALAXY,0.5603644,0.000131009,21.93256,0.108245,0.06418076,20.35752,0.04420235,0.04439995,125227.44606789174,4.795502538301853e-17,2.968982599304378
GALAXY,0.1399714,3.32e-05,18.52138,0.01025897,0.21292070000000005,17.39927,0.006096343000000001,0.1472976,39050.62540296418,1.1099569252770098e-15,0.617122885653311
GALAXY,0.5562520000000001,0.000163386,22.66881,0.1765191,0.06349751,20.9043,0.05811065,0.04392728,124573.61430292892,2.4340759493910015e-17,4.167327695238963
GALAXY,0.1361866,2.45e-05,18.74195,0.01235188,0.2488047,17.51644,0.0071386090000000015,0.172122,38070.12871215756,9.058955477268989e-16,0.6831021500632509
GALAXY,0.07928785,3.77e-05,17.75935,0.009420637,0.0701956,17.09589,0.008630180999999999,0.04856099,22830.303777098987,2.2393301386091333e-15,0.434475860746074
GALAXY,0.26344759999999995,7.329999999999999e-05,19.3721,0.02125492,0.08849577,17.76765,0.009327439,0.06122096,68854.21764853018,5.070118678837219e-16,0.9130943432620153
GALAXY,0.4412084,7.15e-05,20.54517,0.05222444,0.04885111,18.96582,0.01970307,0.03379498,104937.4025401086,1.721036675139978e-16,1.5672188705949286
GALAXY,0.4762744,9.65e-05,22.68472,0.1333127,0.03863723,20.74966,0.05050226,0.02672906,111207.33610251288,2.3986679107500752e-17,4.197973108881487
GALAXY,0.4797575,8.09e-05,21.49896,0.08899673,0.1445285,20.3526,0.05308411,0.09998412,111816.08062114572,7.149474560930026e-17,2.4315749031340492
GALAXY,0.6419252,0.000120574,22.12821,0.12414469999999997,0.10524360000000002,21.09564,0.08290952,0.07280702,137563.51861091264,4.0047381520354214e-17,3.248909786181561
GALAXY,0.6213474,0.000239169,22.94618,0.388786,0.1115453,20.41502,0.07228907,0.0771665,134561.44390781783,1.885324560491309e-17,4.73512722512267
GALAXY,0.1762854,4.07e-05,18.97895,0.01340213,0.1957595,17.75583,0.0074625440000000015,0.1354255,48251.508392396565,7.282460290504445e-16,0.7618783845716963
GALAXY,0.1077108,3.59e-05,18.46649,0.01141567,0.08655929,17.49683,0.007455743000000002,0.05988131,30560.90640469648,1.1675140757630075e-15,0.6017188991354835
GALAXY,0.1734655,3.76e-05,18.80476,0.01282747,0.09946992,17.66212,0.007492482,0.06881283,47550.32574692569,8.549763964253121e-16,0.7031494676197217
GALAXY,0.1191596,9.25e-06,19.48371,0.01957673,0.07762893,18.05266,0.009338972,0.05370333,33608.18776160077,4.57482120226743e-16,0.9612528761966017
GALAXY,0.04851805,1.4499999999999997e-05,18.0779,0.006689389,0.0907459,17.25372,0.00507656,0.06277759,14192.885217318348,1.6699294555167778e-15,0.5031247156681786
GALAXY,0.5290092,0.000191608,22.01813,0.16717939999999998,0.07450838,20.64781,0.07789254,0.05154455,120161.41436524721,4.4320650422349976e-17,3.0883154370597095
GALAXY,0.3541982,7.070000000000001e-05,21.04622,0.06086485,0.1176663,19.32833,0.02152609,0.08140098,88213.04094983292,1.0848510788223378e-16,1.973965928451746
GALAXY,0.4995455,0.000135422,22.03194,0.1131097,0.03762876,20.52642,0.04565224,0.026031400000000003,115227.37111682796,4.376048485291635e-17,3.108018908427081
GALAXY,0.1746059,1.4499999999999997e-05,18.37762,0.01082797,0.04453294,17.74717,0.009011566,0.03080768,47834.159542289555,1.267097765951766e-15,0.577589982352416
GALAXY,0.2734876,6.9e-05,18.89954,0.02516694,0.04626472,17.5656,0.01198506,0.03200572,71097.81149028793,7.835056366712181e-16,0.7345200452109141
GALAXY,0.5164518,0.000227444,21.48225,0.1003653,0.0460181,20.2837,0.05591482,0.03183511,118079.46847207002,7.260359494687086e-17,2.4129351627959856
GALAXY,0.5179662,0.000128923,22.00443,0.1036906,0.03105194,20.47563,0.03864194,0.02148159,118332.18453248203,4.4883438972935073e-17,3.068892333573799
GALAXY,0.4125107,0.000114663,22.15024,0.1053683,0.03689245,20.60885,0.04133822,0.02552203,99609.62448322402,3.924299320693935e-17,3.28203835666845
GALAXY,0.605748,0.000202126,21.89728,0.1382243,0.03650276,20.20232,0.05190456,0.02525244,132236.99958123875,4.9538873337472135e-17,2.9211351611540413
GALAXY,0.4658728,0.0001533,21.46597,0.07500568,0.0475974,19.69598,0.02781081,0.03292766,109374.47636254336,7.370044756005834e-17,2.394912508416472
GALAXY,0.1164292,1.23e-05,18.27262,0.008638903,0.05097521,17.654220000000006,0.007506918,0.03526441,32884.900592911334,1.3957579982279713e-15,0.5503255195638721
GALAXY,0.2188067,3.34e-05,18.32739,0.01000774,0.1124099,17.31898,0.006536556999999999,0.07776467,58558.34681474194,1.327095343120603e-15,0.5643826472427944
GALAXY,0.6322321,0.00022244,22.70849,0.1810433,0.05018175,20.91869,0.05947874,0.0347155,136158.39811224825,2.3467245960457263e-17,4.2441786102094605
GALAXY,0.1921839,2.62e-05,18.82887,0.01236239,0.06902419,17.65295,0.007282011,0.04775061,52163.37075046522,8.361999268126817e-16,0.7110000843921517
GALAXY,0.7109147,0.000146076,21.92263,0.1464947,0.05227714,20.74343,0.07620791,0.03616508,147118.6773005137,4.8395627487695156e-17,2.9554366338551272
GALAXY,0.5047107,9.91e-05,21.75824,0.1196963,0.04961767,20.01549,0.03745267,0.03432527,116104.78192742354,5.63069657941244e-17,2.7399564011625213
GALAXY,0.044513599999999987,2.04e-05,16.92776,0.005205324,0.08288937,15.96506,0.003584087,0.05734248,13048.109541746328,4.81675021239297e-15,0.29624269658560454
GALAXY,0.4719367999999999,8.420000000000001e-05,21.4104,0.07370213,0.06099692,19.6687,0.02672606,0.04219738,110445.74371672691,7.757077406319551e-17,2.3344020303525337
GALAXY,0.2128424,3.2899999999999987e-05,19.19346,0.01558668,0.08132903,17.85758,0.008222613,0.05626304,57142.459480478414,5.976874340554163e-16,0.8409838431459766
GALAXY,0.6057676,0.000146904,22.44792,0.1604849,0.1066106,20.90194,0.05923927,0.07375272,132239.94688521518,2.983253269097991e-17,3.76426034212211
GALAXY,0.2587003,5.570000000000001e-05,18.9491,0.02009654,0.08374733,17.442999999999998,0.009006449,0.05793602,67784.26216662212,7.485453644018814e-16,0.7514769296433155
GALAXY,0.4763948,0.000114585,21.41617,0.08403769999999999,0.07532537,19.8479,0.03022881,0.05210974,111228.42029042232,7.71596280063512e-17,2.3406132126734445
GALAXY,0.1161475,2.2e-05,17.48205,0.0071490730000000014,0.1137302,16.54901,0.00489189,0.07867806,32810.154949904114,2.8909336562456385e-15,0.3823892303649181
GALAXY,0.2678414,4.820000000000001e-05,19.58016,0.0252113,0.1030258,18.01331,0.01066359,0.07127276,69839.28647120569,4.185950854893163e-16,1.0049111206330572
GALAXY,0.3284535,5.479999999999999e-05,19.86961,0.02810095,0.13686429999999994,18.13846,0.01073958,0.09468208,82927.81455020697,3.206373608452315e-16,1.1482002901515893
GALAXY,0.2209481,3.5e-05,19.39095,0.0225877,0.1068885,18.00121,0.01036093,0.07394500000000001,59064.356453969274,4.9828535741220235e-16,0.9210551861837627
GALAXY,0.0754572,8.13e-06,18.37458,0.008806911,0.06080111,17.6655,0.007084985,0.04206192,21770.275273720938,1.2706505395328446e-15,0.5767819384530998
GALAXY,0.1338608,3.76e-05,18.43526,0.01068419,0.155178,17.312379999999994,0.006646193000000001,0.1073514,37465.56763758516,1.2015839680836718e-15,0.5931269427505339
GALAXY,0.3428361,7.46e-05,20.65141,0.04595369,0.1981356,18.8225,0.01517947,0.1370693,85900.10798099531,1.5606090648588124e-16,1.64580225212036
GALAXY,0.05718452,8.22e-06,16.4665,0.003532523,0.03333579,15.80025,0.003030158,0.02306155,16654.073674271523,7.366447961061242e-15,0.23954971156804217
GALAXY,0.3973929,9.39e-05,21.05419,0.06740754,0.08112308,19.2714,0.02248989,0.05612057,96729.66414330494,1.0769167334344445e-16,1.981224328517576
GALAXY,0.4788345000000001,0.000105453,21.7713,0.1006846,0.1059121,20.01698,0.03295369,0.07326952,111655.01064141824,5.563372317569661e-17,2.756485119086489
GALAXY,0.5968971,0.000153305,22.34641,0.201262,0.11134389999999998,20.69177,0.06875899,0.07702716,130899.12116616071,3.275624608976593e-17,3.5923418046816753
GALAXY,0.05348109,1.23e-05,17.85859,0.008851476,0.08616472,17.22954,0.008454654,0.05960836,15605.071415131255,2.043723436256734e-15,0.4547928750752389
GALAXY,0.3507528,9.98e-05,20.45705,0.03475445,0.07213414,18.6639,0.0123665,0.04990206,87514.92783739518,1.8665435410136253e-16,1.504893104635898
GALAXY,0.27104120000000004,3.7e-05,19.28231,0.01749251,0.08193316,17.86226,0.009184099,0.05668098,70553.52379135013,5.507241549495323e-16,0.8761080126189019
GALAXY,0.05907243,7.68e-06,16.296229999999998,0.003220483,0.0954403,15.71715,0.002930356,0.06602515,17187.258625091486,8.61719905609497e-15,0.2214836399561233
GALAXY,0.213162,3.4899999999999995e-05,19.19523,0.01498139,0.19536270000000006,17.77469,0.007661884,0.135151,57218.57478510943,5.96713859713654e-16,0.8416696212507344
GALAXY,0.3789142,0.000129031,21.49635,0.09706441,0.09716579,20.06544,0.03988381,0.06721884,93139.11384677744,7.16668184851578e-17,2.428654028816321
GALAXY,0.12730039999999998,2.28e-05,17.63131,0.007159109,0.06398878,16.73919,0.0049429470000000005,0.04426714,35751.90792816706,2.519614652114665e-15,0.4095978348518307
GALAXY,0.07736543,5.49e-06,17.886329999999994,0.007170366,0.09040169,17.72468,0.00808855,0.06253947,22298.867383008695,1.9921687587796176e-15,0.4606400050321468
GALAXY,0.2988172,4.47e-05,20.01325,0.02810029,0.1305446,18.4624,0.01153084,0.09031016,76643.4433111948,2.809041304717336e-16,1.2267205829076948
GALAXY,0.6129359000000001,0.000229045,22.69366,0.5174068000000001,0.1490884,20.16434,0.07520676,0.1031387,133313.33594425744,2.378998264431908e-17,4.215291883567077
GALAXY,0.05546562,8.17e-06,16.823620000000002,0.004455023,0.1849289,16.25052,0.004018101,0.127933,16167.699636983609,5.301638668501873e-15,0.2823707141913142
GALAXY,0.1175043,2.85e-05,18.52747,0.00889602,0.09362973,17.42565,0.005827141,0.06477262,33169.9538961029,1.1037484970157693e-15,0.6188560660633557
GALAXY,0.5473925000000001,0.00020495900000000005,22.88622,0.27067490000000005,0.08332226,21.07248,0.07927899,0.05764195,123154.24319421881,1.9923706030800394e-17,4.606166710413735
GALAXY,0.4234918,7.54e-05,20.92152,0.08840914,0.13844949999999998,18.97674,0.0241256,0.09577876,101669.60523428996,1.2168866459446503e-16,1.8638014800767602
GALAXY,0.1284747,9.24e-06,18.44251,0.01184174,0.1646134,17.817629999999994,0.01145108,0.1138788,36059.55947106867,1.1935871241821755e-15,0.5951105539192925
GALAXY,0.1498398,3.6e-05,19.32317,0.01603533,0.2344725,18.23518,0.01026204,0.162207,41587.91659257039,5.303836469276488e-16,0.8927495753341715
GALAXY,0.08491976,8.52e-06,19.8535,0.02528652,0.307373,19.389470000000006,0.03013941,0.2126393,24380.9276791727,3.254304038937526e-16,1.1397133942929218
GALAXY,0.4643352,9.25e-05,21.16746,0.06233345,0.1487394,19.41502,0.02192388,0.1028972,109101.62325849722,9.702287178906845e-17,2.0873133572418703
GALAXY,0.1726293,3.48e-05,17.794439999999994,0.009564237,0.1688196,16.510460000000002,0.005264565,0.1167886,47341.97317799694,2.1681140570087547e-15,0.44155382606245575
GALAXY,0.1981727,6.21e-05,20.73656,0.03785849,0.09291741,19.57872,0.02002848,0.06427983,53618.81313811935,1.4428929957014558e-16,1.7116211814657787
GALAXY,0.01582011,9.15e-06,21.29588,0.04521669,0.09727886,21.22834,0.05825113,0.06729706,4705.238872966454,8.619977360653251e-17,2.2144794388802485
GALAXY,0.02197011,8.81e-06,15.82519,0.003899306,0.07558796,15.30553,0.003571226,0.0522914,6514.137590600119,1.3297871293085526e-14,0.17829273713384883
GALAXY,0.07745075,8.05e-06,17.464760000000002,0.005380686,0.1079528,16.88767,0.004988452,0.07468124,22322.476477905537,2.9373393625871086e-15,0.37935660699669616
GALAXY,0.1663125,4.96e-05,18.838520000000006,0.01436465,0.3173482,17.57917,0.008173648,0.21954,45761.71395849818,8.288007305333001e-16,0.7141667923056629
GALAXY,0.6247305000000001,0.00017424400000000002,22.41879,0.1954734,0.07495596,20.75123,0.07023281,0.05185419,135059.97687454915,3.064376514306861e-17,3.7141005096050805
GALAXY,0.05810916,4.1e-06,17.32001,0.004465376,0.04599865,17.15413,0.004765288,0.03182165,16915.34347451762,3.3562486256413557e-15,0.3548931789453255
GALAXY,0.3952558,8.02e-05,20.77719,0.05041762,0.1179051,18.99749,0.01894814,0.08156622,96318.39145026336,1.3898954243861679e-16,1.7439484859756493
GALAXY,0.5208999,0.00014021,22.67769,0.1765273,0.03814622,20.92816,0.06152926,0.02638938,118820.46516277723,2.4142493614137842e-17,4.184404421038971
GALAXY,0.5405489,9.88e-05,21.19558,0.05342854,0.07990586,19.996170000000006,0.03022323,0.05527851,122047.65880774638,9.454229166392169e-17,2.1145192942105333
GALAXY,0.7999364000000001,0.000251555,23.352970000000006,0.4194119000000001,0.03405004,21.45417,0.1305948,0.02355566,158373.28470710322,1.2961943533859445e-17,5.710704027534738
GALAXY,0.4839546,0.000189765,22.18285,0.1393644,0.07198657,20.79806,0.0622383,0.04979998,112546.29575996414,3.8081857640850627e-17,3.3316981852882495
GALAXY,0.6058804,0.000155299,22.53484,0.1957176,0.08118536,20.64174,0.05085376,0.05616366,132256.90760421328,2.7537348776500244e-17,3.9179929688042017
GALAXY,0.03916883,1.3800000000000003e-05,18.34257,0.01166632,0.0474347,17.71535,0.009388897,0.03281511,11512.719076745727,1.308669935091486e-15,0.5683418705053024
GALAXY,0.4788286,0.000118156,22.25536,0.1826345,0.14160770000000006,20.46367,0.05779111,0.09796353,111653.98048567383,3.562165763022865e-17,3.44482887080644
GALAXY,0.5427145,0.00033340400000000004,22.56383,0.2289114,0.2139337,20.50168,0.05679577,0.1479984,122398.79304741397,2.6811809510302997e-17,3.970650413126611
GALAXY,0.2920276,0.00015103,20.39759,0.04200388,0.05851896,18.81268,0.01978392,0.04048315,75172.90132763516,1.9716150526890331e-16,1.4642446715229354
GALAXY,0.5176701,9.41e-05,21.48771,0.09034888,0.1097616,19.82946,0.03524119,0.07593258,118282.80821166896,7.223939916995845e-17,2.4190099363519115
GALAXY,0.1373345,1.22e-05,18.2678,0.009101977,0.07906677,17.62031,0.008481736,0.05469803,38367.938824993165,1.401968078302091e-15,0.5491053211277536
GALAXY,0.07509172,2.99e-05,18.54598,0.01047731,0.1373443,17.61444,0.007205563000000002,0.09501413,21668.91227507125,1.0850909096729772e-15,0.6241538479027067
GALAXY,0.2228019,5.79e-05,19.2144,0.01669484,0.1045748,17.7628,0.008573788,0.07234436,59501.4086822193,5.862706124887753e-16,0.8491328690197912
GALAXY,0.1040008,2.21e-05,18.53938,0.01429841,0.05519992,17.73477,0.01169304,0.03818705,29565.256343576948,1.0917070759211037e-15,0.6222596670625994
GALAXY,0.4673488,9.6e-05,21.00316,0.05931348,0.04157043,19.70856,0.03116645,0.02875823,109635.93303103943,1.128740544414168e-16,1.9352080070451847
GALAXY,0.1027657,2.08e-05,17.96549,0.0073565930000000015,0.04382633,17.0971,0.005859199,0.03031885,29232.903235063404,1.8520901635335565e-15,0.47774225184645447
GALAXY,0.6122535,0.000166995,22.51594,0.2257485,0.05313367,20.90558,0.09201048,0.03675763,133211.54044653568,2.802090290187702e-17,3.884039628079876
GALAXY,0.7263324999999999,0.000246627,22.59982,0.26505959999999995,0.05370891,20.97928,0.1029201,0.03715557,149151.45614173615,2.5937620112625437e-17,4.037008392651073
GALAXY,0.4071582,0.000151689,22.23569,0.186366,0.09309901,20.50103,0.06444624,0.06440546,98595.82601609871,3.627288718871332e-17,3.4137652424725804
GALAXY,0.4873312,9.24e-05,21.78322,0.1145235,0.2530016,20.0272,0.04059031,0.1750253,113131.140511771,5.502627638523803e-17,2.7716580729520928
GALAXY,0.09791452,6.51e-06,18.19893,0.00819331,0.105984,17.67351,0.008374329,0.07331923,27923.188764338385,1.4937782278265743e-15,0.5319632764885227
GALAXY,0.09156924,3.08e-05,21.52511,0.09456738,3.217635,19.80189,0.03072471,2.2259450000000003,26199.707661745637,6.979336297610042e-17,2.4610342188039716
GALAXY,0.14148529999999998,2.58e-05,17.9509,0.007117644,0.05527203,16.90223,0.005111411,0.03823694,39441.67183535936,1.8771463149442997e-15,0.4745430882782471
GALAXY,0.1457165,2.45e-05,18.28923,0.009171624,0.03838741,17.20812,0.006024496999999999,0.02655623,40531.13853423333,1.3745676705367607e-15,0.5545512036691795
GALAXY,0.8052656,0.000321518,23.31572,0.861418,0.08353541,22.2751,0.35880159999999994,0.05778941,159011.24539798897,1.3414365186648244e-17,5.613576588306778
GALAXY,0.12581989999999998,7.08e-06,18.4153,0.008184325,0.09643553,17.74031,0.00673598,0.06671365,35363.46985998737,1.2238779917518347e-15,0.5876999479872161
GALAXY,0.1721922,1e-05,18.38447,0.008105321,0.1593921,17.77195,0.00672271,0.1102667,47232.9849058888,1.2591287059459403e-15,0.5794148908279423
GALAXY,0.03135918,1.3e-05,17.99844,0.009834613,0.1439063,17.719279999999994,0.01817654,0.09955374,9253.908218656392,1.7967271285246578e-15,0.48504680951454143
GALAXY,0.1180808,3.3100000000000005e-05,17.75338,0.007220779,0.05944975,16.83298,0.0052608,0.04112706,33322.669916729,2.251677173729458e-15,0.43328300258948255
GALAXY,0.04408039,1.3800000000000003e-05,16.05783,0.003066156,0.03107192,15.22315,0.002536426,0.02149541,12923.978758250494,1.073312346620141e-14,0.19845482041918916
GALAXY,0.04263796,1.05e-05,16.80366,0.004092399,0.05445898,15.8987,0.003184277,0.03767447,12510.265517463138,5.4000045431265786e-15,0.2797870777439064
GALAXY,0.2333561,3.950000000000001e-05,19.54299,0.01877643,0.1116537,18.12145,0.009889964,0.07724151,61972.09468036292,4.3317374438269737e-16,0.987856023394826
GALAXY,0.7106785,0.00024991900000000003,21.592370000000006,0.109186,0.03007519,20.41273,0.06234081,0.02080587,147087.2522581687,6.560094947851404e-17,2.538456071659439
GALAXY,0.1156478,9.45e-06,18.33896,0.008857954,0.03455559,17.55021,0.006978066,0.0239054,32677.509096482227,1.3130284165941558e-15,0.5673978061758299
GALAXY,0.4499379,0.000113052,21.72585,0.08093457,0.06559145,20.051820000000006,0.027648,0.04537586,106522.60426184307,5.801203832390038e-17,2.699390109317823
GALAXY,0.4503015,0.00013215299999999998,21.4965,0.09936591,0.210231,19.9963,0.0395725,0.1454368,106588.27738372817,7.165691803219801e-17,2.4288218000877566
GALAXY,0.16928270000000006,2.8300000000000007e-05,18.33535,0.01107867,0.05543434,17.33793,0.007622313,0.03834922,46506.155421150535,1.317401413873886e-15,0.5664553100177399
GALAXY,0.4176069000000001,8.190000000000001e-05,21.59343,0.09323099,0.07367866,19.60855,0.02401278,0.05097055,100568.95366264925,6.553693478246453e-17,2.539695516506392
GALAXY,0.07526904,7.52e-06,17.17791,0.005050522,0.04245056,16.743579999999998,0.0045989,0.0293671,21718.09550636913,3.825552137247951e-15,0.3324127339863365
GALAXY,0.4211857,0.000103065,21.0286,0.1042734,0.1221593,19.08925,0.02944814,0.08450922,101239.20544164044,1.102600347972348e-16,1.9580133667832549
GALAXY,0.2368439,0.000127813,21.75046,0.15185839999999998,0.08679158,20.43834,0.07002597,0.06004202,62782.028414334636,5.671189055217577e-17,2.7301571888815794
GALAXY,0.6229418999999999,0.000197246,22.05403,0.28694970000000003,0.1477609,20.21142,0.09833693,0.1022203,134796.65503579352,4.287914580580225e-17,3.1397975936461533
GALAXY,0.3267012,0.00017757,22.38092,0.1174056,0.05370905,20.69742,0.040081,0.03715567,82562.25633338871,3.173146513407926e-17,3.649888960788993
GALAXY,0.04537949,1.27e-05,16.715120000000002,0.005133143,0.1038003,16.12794,0.008620118000000001,0.07180855,13296.051565363874,5.858819592334924e-15,0.268608438563056
GALAXY,0.05365739,8.82e-06,17.491889999999998,0.008840424,0.1044377,17.00358,0.008323752,0.07224955,15655.101106796918,2.864851566196613e-15,0.38412595436795266
GALAXY,0.4935206,0.000161475,22.0517,0.1393414,0.05328467,20.55381,0.05511411,0.03686209,114197.14630475675,4.297126365929596e-17,3.1364303830570264
GALAXY,0.1007783,1.02e-05,18.12416,0.008624909,0.04935196,17.575960000000002,0.0072566459999999985,0.03414146,28697.17918475593,1.6002731745565319e-15,0.5139580258352192
GALAXY,0.5012372,0.000144606,21.75342,0.1274674,0.02623838,20.08908,0.046055800000000015,0.01815159,115515.32848008149,5.655748971500238e-17,2.7338812867131916
GALAXY,0.4623009,0.000143377,22.49973,0.2068138,0.1085371,20.81065,0.06827716,0.07508545,108739.8672301496,2.844239249266637e-17,3.855153298643536
GALAXY,0.004867923,5.65e-06,14.41044,0.002091355,0.04373468,14.10737,0.002048662,0.03025545,1455.8146012836337,4.894204648734593e-14,0.0929359306511391
GALAXY,0.1522738,3.85e-05,18.58423,0.01017432,0.0472492,17.44086,0.006361715,0.03268678,42209.46889703211,1.0475291695755948e-15,0.635245580497243
GALAXY,0.741924,0.000236143,22.95642,0.6018453,0.05237208,20.94003,0.1597517,0.03623076,151170.63224061875,1.86762691988321e-17,4.757509369645965
GALAXY,0.1660416,1.66e-05,18.29262,0.007425198,0.08155815,17.38765,0.005464545,0.05642155,45693.69317552763,1.3702825437139936e-15,0.5554176189014904
GALAXY,0.4882447,0.000134896,22.31132,0.1425181,0.05713345,20.33385,0.03871337,0.03952466,113288.96347240047,3.3832191096860835e-17,3.5347577250126925
GALAXY,0.09538647,3.13e-05,18.58744,0.008365755,0.03028539,17.58484,0.006061591,0.02095129,27237.942468347952,1.0444367031318575e-15,0.6361853328216689
GALAXY,0.4945154000000001,0.000162388,21.92737,0.09057288,0.0258561,20.38729,0.03946865,0.01788713,114367.75670154481,4.8184807156243166e-17,2.961894956899014
GALAXY,0.6770064,0.00016598400000000002,22.6035,0.1367818,0.07274838,21.13366,0.05973374,0.05032699,142518.11467721383,2.584985582505336e-17,4.043855721839747
GALAXY,0.1048338,2.07e-05,18.03776,0.008724166,0.239634,17.0727,0.006049538,0.1657777,29789.157139243016,1.732822686519641e-15,0.4939098101209609
GALAXY,0.06880853,1.36e-05,15.82985,0.003263189,0.08383869999999999,14.896529999999998,0.002489686,0.05799922,19920.146029728465,1.3240918889793925e-14,0.178675765851648
GALAXY,0.3441608,0.000100997,20.74976,0.06552577,0.08754957,19.01257,0.02095403,0.06056639,86171.3602611861,1.4254570137370584e-16,1.72205751467016
GALAXY,0.14394920000000005,2.69e-05,18.47174,0.008935171,0.135002,17.34279,0.0057154,0.09339374,40076.7078253173,1.1618822717655132e-15,0.6031754435958907
GALAXY,0.06962996,1.04e-05,17.82021,0.007439148,0.1252597,17.141170000000002,0.00580827,0.08665410000000001,20149.433619964107,2.1172596706817222e-15,0.44682519367273077
GALAXY,0.1144252,1.8e-05,17.90496,0.007463206999999999,0.06629916,16.968770000000006,0.005447123000000001,0.04586545,32352.663490943025,1.958277009268443e-15,0.46460903632943573
GALAXY,0.6840904999999999,0.000104583,21.6219,0.09261633,0.05088556,20.79548,0.06867597,0.0352024,143494.28767964055,6.3840771277605e-17,2.5732124991394665
GALAXY,0.5904792,0.000139479,21.43843,0.122119,0.02978329,20.24915,0.06150301,0.02060394,129920.28423491983,7.559379093244236e-17,2.364730496709438
GALAXY,0.4294424,0.00012811700000000002,21.8349,0.1023686,0.05127725,20.16152,0.03756276,0.03547336,102774.80688351535,5.246843677738722e-17,2.8384134251005078
GALAXY,0.1095195,2.19e-05,19.07002,0.01204386,0.09464448,18.07233,0.008235896,0.06547461,31044.8527361244,6.696534724760131e-16,0.7945105204863531
GALAXY,0.7895618000000001,0.000248708,23.65911,0.4121228,0.08141509,21.70776,0.1052595,0.05632259,157120.13653654789,9.777191582600702e-18,6.5753314894071275
GALAXY,0.4401100000000001,0.00011246,21.58234,0.1263,0.2621343,19.73014,0.03879486,0.1813433,104736.78387120567,6.620977700903367e-17,2.526758016745475
GALAXY,0.1315685,2.95e-05,18.88764,0.01239276,0.1363987,17.75104,0.00857118,0.09435999,36868.19580057067,7.921403304515906e-16,0.7305057727921496
GALAXY,0.5084118,0.00010305,22.37913,0.2096761,0.09542454,20.41062,0.05017159,0.06601425,116730.20763110624,3.1783822391035165e-17,3.6468815041122986
GALAXY,0.1963421,4.5e-05,18.18304,0.01198268,0.12003210000000003,17.08981,0.007173300000000001,0.08303768,53174.97388973324,1.515800776490237e-15,0.5280847817839666
GALAXY,0.08698179,7.75e-06,18.32134,0.008693836,0.1045309,17.86554,0.008273242,0.07231397,24946.32814306421,1.334510899510661e-15,0.5628123934475108
GALAXY,0.3673646,7.2e-05,21.39927,0.1247603,0.1287577,19.33804,0.03139373,0.08907397,90854.99007277685,7.837005024468625e-17,2.3224675372895045
GALAXY,0.3037422,3.510000000000001e-05,20.52123,0.04439198,0.1136017,19.16648,0.02089306,0.07858912,77702.8905138944,1.75940622895995e-16,1.5500355266874242
GALAXY,0.1324815,3.02e-05,18.67436,0.009726502,0.1128563,17.6601,0.00666781,0.07807347,37106.30377415204,9.640823347799885e-16,0.6621671814140406
GALAXY,0.287559,5.37e-05,20.12973,0.03141917,0.09318393,18.52688,0.01342238,0.06446421,74198.70715877977,2.5232839496612557e-16,1.2943199710274318
GALAXY,0.1335983,8.76e-06,18.76558,0.01568784,0.07427668,18.37066,0.0167583,0.05138426,37397.23679064831,8.863926071179789e-16,0.6905762723827972
GALAXY,0.1077,9.93e-06,19.56471,0.01836344,0.09936421,18.97251,0.01597445,0.06873969999999999,30558.013834550773,4.2459426632442926e-16,0.9977865657482132
GALAXY,0.3703806,7.97e-05,20.51586,0.05313483,0.1631736,18.72163,0.01860545,0.1128827,91454.44771916964,1.7681297243036371e-16,1.546207061229921
GALAXY,0.4542693,9.57e-05,21.94868,0.1059218,0.210393,20.16456,0.03419452,0.1455489,107303.10983990933,4.7248293260159825e-17,2.9911049550235815
GALAXY,0.5185010999999999,0.000138869,23.31799,0.28815290000000005,0.1933635,21.18048,0.06534103,0.133768,118421.33840308597,1.3386348437506543e-17,5.619447941598902
GALAXY,0.1194194,3.11e-05,18.014,0.009622134,0.2027903,17.004260000000002,0.006664717,0.1402894,33676.896746492246,1.7711613445762586e-15,0.48853496518437955
GALAXY,0.0923134,3.74e-05,17.927220000000005,0.007420996999999999,0.09637072,16.95235,0.005311939,0.06666882,26402.444258399948,1.9185367614040458e-15,0.46939628953051116
GALAXY,0.5107992,0.000116767,21.45458,0.1206899,0.1163587,19.70061,0.04644695,0.08049641,117132.19354483274,7.44776774980543e-17,2.3823833887109567
GALAXY,0.5493047,0.000173072,22.65166,0.1366677,0.1847638,20.99178,0.04097347,0.12781869999999998,123461.84843640463,2.4728292274577126e-17,4.134544325655441
GALAXY,0.6170226,0.000331519,23.35778,0.3243089000000001,0.04487688,21.43554,0.08569375,0.03104562,133921.26060103823,1.2904646883038704e-17,5.723367753432809
GALAXY,0.173576,2.64e-05,19.02141,0.01243648,0.0358874,17.74404,0.0072117269999999985,0.02482674,47577.843959702484,7.003161233432501e-16,0.7769224164544027
GALAXY,0.4948211,0.000134985,21.518320000000006,0.1133604,0.1594429,19.95557,0.03964444,0.1103019,114420.14472372326,7.023120585149459e-17,2.453350803861885
GALAXY,0.4429355,0.000135711,22.07111,0.1444743,0.16964849999999998,20.33956,0.04942514,0.117362,105252.32569638912,4.220988075019637e-17,3.1645914638041672
GALAXY,0.12856800000000002,1.66e-05,18.55398,0.01087235,0.1859791,17.76361,0.008456498,0.1286595,36083.98585117366,1.0771250477425798e-15,0.6264575566388281
GALAXY,0.3302844,7.52e-05,20.24335,0.050748400000000006,0.104759,18.63784,0.01887902,0.0724718,83308.97074295055,2.272574478785338e-16,1.3638469985570343
GALAXY,0.5689920999999999,0.000118097,21.50764,0.09679759,0.0978167,20.35256,0.05279363,0.06766914,126588.9324708751,7.092545412571631e-17,2.4413140597758045
GALAXY,0.5080143,0.000129022,21.0948,0.08949336,0.05491038,19.55568,0.03755103,0.03798674,116663.16736426356,1.0373806076152235e-16,2.018625022008279
GALAXY,0.4158976,0.00013743700000000002,21.06471,0.1082923,0.06730838,19.17266,0.02922661,0.04656363,100247.83014242968,1.0665325764771042e-16,1.990845933019623
GALAXY,0.1003309,2.03e-05,17.22025,0.005121884,0.03029664,16.240660000000002,0.003840567,0.02095907,28576.418881857848,3.679240059678394e-15,0.3389578156544046
GALAXY,0.07025015,2.3800000000000006e-05,17.42887,0.006559726,0.03707728,16.6071,0.00494632,0.02564989,20322.41635237492,3.0360584282604873e-15,0.3731381485272196
GALAXY,0.269397,0.000158984,20.94019,0.07172058,0.04456742,19.4369,0.02993149,0.03083153,70186.8469703783,1.1961403067628032e-16,1.8798952575566203
GALAXY,0.09630858,1.93e-05,17.59818,0.006268517,0.08395208,16.95053,0.005538975,0.05807766,27488.103769711928,2.597682838392249e-15,0.40339606015616447
GALAXY,0.03208494,9.85e-06,14.72727,0.00226569,0.06624646,13.88325,0.00197672,0.04582899,9464.590266535704,3.655528087657942e-14,0.10753495365677167
GALAXY,0.535258,0.00015428799999999998,22.53131,0.16784839999999998,0.04398981,20.87211,0.06349741,0.03043194,121186.00667882615,2.7627025287266214e-17,3.9116289553393124
GALAXY,0.1874486,4.01e-05,20.60055,0.033504400000000004,0.1836412,19.30572,0.01736424,0.1270422,51005.564617994314,1.635453216197408e-16,1.6077023711027674
GALAXY,0.05397726,2.98e-05,20.14685,0.05867266,0.2342715,19.40203,0.05278239,0.1620679,15745.848902978925,2.483808592803302e-16,1.3045647884198588
GALAXY,0.27850290000000005,6.720000000000001e-05,20.16037,0.04205828,0.09962313,18.66634,0.02015068,0.06891882,72208.83252399239,2.4530710389413654e-16,1.3127125953554895
GALAXY,0.661515,0.000243165,21.86475,0.2079448,0.1312916,20.45896,0.1036424,0.09082688,140355.18766416656,5.104557793120241e-17,2.877700897735638
GALAXY,0.1405101,2.77e-05,18.39561,0.009712175,0.128441,17.39151,0.007011423,0.0888549,39189.84882478107,1.246275694299509e-15,0.5823950194166635
GALAXY,0.2155667,3.01e-05,19.15697,0.01665353,0.13571860000000002,17.7807,0.008668402,0.09388947,57790.38556095001,6.181161988386904e-16,0.8269698045291957
GALAXY,0.5688015999999999,0.00016701200000000002,21.97566,0.1981819,0.07200836,20.63627,0.1007482,0.04981504,126559.01966715758,4.608866464240225e-17,3.0285005179758695
GALAXY,0.2841917,4.16e-05,19.8772,0.02563674,0.1040067,18.28005,0.01174406,0.07195133,73461.25904758615,3.184037142255311e-16,1.1522206445068217
GALAXY,0.8995225,11.79722,19.66981,0.01389147,4.349546,18.09009,0.006835361,3.008996,169679.4479370543,3.85419891846545e-16,1.0472675628351267
GALAXY,0.5923930000000001,0.00012861,22.52437,0.17485,0.07202827,20.73253,0.05167155,0.04982883,130212.94242824023,2.780418216397235e-17,3.8991473917994988
GALAXY,0.1001973,2.23e-05,17.56837,0.008025258,0.07892784,16.587329999999998,0.004664612,0.05460192,28540.34680112969,2.669993015000929e-15,0.3978960723968549
GALAXY,0.112207,1.87e-05,17.69195,0.006040033,0.0471223,16.63242,0.004110263,0.03259899,31762.179162756976,2.3827480631866067e-15,0.42119737148983183
GALAXY,0.3953178,9.1e-05,20.96236,0.09684657,0.09299338,19.10188,0.02604877,0.06433239,96330.33757659898,1.1719636055526341e-16,1.8991866651049967
GALAXY,0.21395970000000006,4.41e-05,19.44421,0.01974617,0.09395344,18.00743,0.009880229,0.06499656,57408.432601213135,4.744321650621915e-16,0.9439253557523046
GALAXY,0.1271746,4.97e-06,18.27583,0.007843266,0.1119345,17.81707,0.007235635,0.07743576,35718.926392840316,1.3916375069820364e-15,0.5511396451588839
GALAXY,0.4695791,0.000141349,21.55431,0.08552316,0.08722319,20.24691,0.04496343,0.0603406,110030.14252005603,6.79413426657253e-17,2.4943514927844928
GALAXY,0.3590473,8.6e-05,21.47788,0.0813642,0.07919436,19.60664,0.02424167,0.05478629,89190.80647833082,7.289640739480805e-17,2.408084111724157
GALAXY,0.555142,0.000166533,21.66407,0.09986673,0.03177475,20.18215,0.04699825,0.02198162,124396.59221754641,6.140873133131131e-17,2.623672675277531
GALAXY,0.6437341999999999,8.27e-05,21.85234,0.07091782,0.07082812,20.80666,0.04779182,0.04899857,137823.99550103306,5.1632377722674976e-17,2.861301695970933
GALAXY,0.6212201999999999,0.000154219,22.32406,0.225898,0.04721107,20.33739,0.05218058,0.032660400000000006,134542.66121075564,3.3437525087155605e-17,3.5555570570277664
GALAXY,0.4184684,9.41e-05,20.97048,0.05912275,0.05406454,19.27137,0.02424813,0.03740159,100730.55727423736,1.1632314221911632e-16,1.906301775108702
GALAXY,0.5178185000000001,0.000145938,21.67244,0.1258656,0.03472488,19.98605,0.04973659,0.02402251,118307.55689088459,6.093714811660953e-17,2.633805209132524
GALAXY,0.3512341,7.72e-05,20.34962,0.04361862,0.07422177,18.6842,0.01541461,0.05134628,87612.61928456304,2.0606779556489604e-16,1.432252708736349
GALAXY,1.100935,0.000100498,22.47154,0.1463192,0.03550784,22.39562,0.2091881,0.02456416,189043.86106088205,2.919053973550679e-17,3.8054292523412125
GALAXY,0.643423,0.00017931400000000005,22.76901,0.2591618,0.06779792,20.83261,0.08761021,0.04690229,137779.22516943765,2.2194947659567135e-17,4.364129731460467
GALAXY,0.5951585,0.000240451,21.878870000000006,0.1764518,0.07101355,20.41811,0.07253352,0.04912684,130634.68314174107,5.0386028177565085e-17,2.896474118984243
GALAXY,0.4649813,0.000116442,21.6917,0.08197355,0.05386665,20.12019,0.02986153,0.0372647,109216.33652438107,5.986570829810471e-17,2.657269803069399
GALAXY,0.06234108,1.58e-05,17.941470000000006,0.007910617,0.04027068,17.10899,0.005845217,0.02785907,18107.89101984821,1.893520996505622e-15,0.4724867698355139
GALAXY,0.641195,0.000273825,24.46796,0.935065,0.0411232,21.78448,0.14990279999999995,0.02844884,137458.22152196642,4.641668548550958e-18,9.543059954003294
GALAXY,0.4723988,0.000127869,22.08805,0.151083,0.04872371,20.33562,0.0515861,0.03370684,110527.04691174669,4.1556419835604513e-17,3.189375489112613
GALAXY,0.3376372,0.000101739,22.42717,0.1367918,0.04642008,20.54013,0.03851929,0.03211319,84831.47853913179,3.040815884157817e-17,3.7284614085039838
GALAXY,0.07687115,9.87e-06,18.34477,0.008766303000000001,0.02852122,17.52178,0.006421398,0.01973085,22162.051751105286,1.3060208948216377e-15,0.5689179707186237
GALAXY,0.6368387,0.000182499,22.1056,0.2387631,0.08598811,20.40188,0.07227099,0.05948618,136828.15980990836,4.089009553205889e-17,3.215256702855774
GALAXY,0.07515267,7.2999999999999996e-06,18.08482,0.008097131,0.09851854,17.63653,0.007464345,0.06815466,21685.819017977694,1.6593199135561896e-15,0.5047306197976722
GALAXY,0.5401052,0.000163392,22.42662,0.2263004,0.121151,20.84337,0.07671918,0.08381173,121975.60590397878,3.042356656590008e-17,3.7275171671273304
GALAXY,0.07294546,1.75e-05,16.2701,0.003950369,0.07317229,15.42888,0.003189205,0.05062025,21072.86778236232,8.827101597047974e-15,0.21883443007260167
GALAXY,0.30685250000000003,8.52e-05,19.81656,0.03155741,0.0556244,18.2023,0.01206724,0.038480699999999986,78368.84282324256,3.366930293828367e-16,1.1204891416872635
GALAXY,0.3274857,7.77e-05,20.33339,0.04256513,0.1325183,18.56055,0.0150526,0.09167556,82726.00835074218,2.0917131427955842e-16,1.4215876839934316
GALAXY,0.2195553,1.7199999999999998e-05,18.5567,0.01445088,0.05502201,17.737479999999994,0.01040951,0.03806397,58735.380500409476,1.0744299977675587e-15,0.6272427529833345
GALAXY,0.0508694,1.18e-05,16.91456,0.004142354,0.04992486,16.055139999999998,0.003367695,0.03453779,14862.853596574167,4.875667997370654e-15,0.29444735150299617
GALAXY,0.2600154,4.620000000000001e-05,20.16768,0.02668924,0.0383414,18.63704,0.01135986,0.026524400000000004,68081.24927513555,2.4366105776250895e-16,1.3171391305205271
GALAXY,0.4769567,3.68e-05,21.40071,0.08847412,0.04499348,19.90733,0.03480914,0.03112628,111326.77940572714,7.826617780571807e-17,2.3240081796568366
GALAXY,0.5250634,9.18e-05,21.50938,0.07573862,0.07919091,19.97545,0.03150107,0.05478391,119510.53981595136,7.081188007906907e-17,2.4432710677557052
GALAXY,0.1369455,3e-05,18.11443,0.009234359,0.164549,16.996560000000002,0.005803779,0.11383419999999997,38267.05930068,1.6146787330016762e-15,0.5116602188770237
GALAXY,0.4766845,0.000100856,21.85505,0.1191443,0.09771375,20.12281,0.03805446,0.06759793,111279.13965609661,5.15036638940078e-17,2.864874832868972
GALAXY,0.5032312,0.000162535,22.27279,0.1515123,0.09119868,20.52369,0.04793223,0.06309082,115854.00575946861,3.505436667945247e-17,3.472591135439387
GALAXY,0.1632829,2.59e-05,18.36506,0.008694017,0.09147245,17.35667,0.005964926,0.06328022,44999.8310513039,1.2818409017641913e-15,0.5742587909922056
GALAXY,0.6557217,0.000243986,22.79703,0.3300417,0.07570998,20.68899,0.07728922,0.05237582,139536.23929372162,2.162948232216088e-17,4.420807987739151
GALAXY,0.09983906,2.11e-05,16.90331,0.004964135,0.02738054,16.018829999999998,0.003791161,0.01894173,28443.59604503971,4.926450519972623e-15,0.29292581861254235
GALAXY,0.04304124,1.15e-05,16.58863,0.004709654000000001,0.02352965,16.004179999999998,0.00339545,0.016277700000000003,12625.995508834982,6.582731257291852e-15,0.2534087766268822
GALAXY,0.5483754,0.00015044600000000002,21.84103,0.1291007,0.05154465,20.24344,0.05070956,0.03565835,123312.44346661236,5.217303788907761e-17,2.8464374996578274
GALAXY,0.491429,0.000153433,22.75692,0.17526229999999998,0.2175882,20.96353,0.05656888,0.1505265,113837.77859654817,2.2443476246102713e-17,4.339899297157411
GALAXY,0.3785685,0.000142776,21.37615,0.07062931,0.07821815,19.51806,0.02190939,0.05411096,93071.1951937536,8.005678129736385e-17,2.297871042675655
GALAXY,0.4308484,0.0001075,20.82751,0.05817675,0.04599404,19.21442,0.02194192,0.03181847,103034.81180394621,1.3269486752281263e-16,1.7848332679687153
GALAXY,0.3999828,8.92e-05,20.4683,0.054107100000000005,0.06967721,18.86669,0.01965552,0.04820237,97226.6905988409,1.8473029560985943e-16,1.512709910836764
GALAXY,0.5815845000000001,6.4e-05,21.19048,0.068491,0.31486090000000005,20.13886,0.03888508,0.2178193,128551.44470146048,9.498742731716859e-17,2.1095588837741364
GALAXY,0.34483270000000005,7.55e-05,20.369770000000006,0.0410301,0.15888529999999998,18.64948,0.01439644,0.1099161,86308.78107357309,2.022786866546692e-16,1.445605035292525
GALAXY,0.3058018,0.000179847,21.91126,0.1557209,0.2204653,20.26665,0.05126242,0.15251689999999998,78144.14526694916,4.8905097063744115e-17,2.9400021789062523
GALAXY,0.5403,0.000136901,21.88462,0.10714089999999997,0.07407985,20.50053,0.05218063,0.0512481,122007.24431454342,5.011989185139467e-17,2.9041540674922337
GALAXY,0.1624912,3e-05,19.53113,0.01978833,0.04489287,18.40998,0.01061703,0.03105668,44800.30888938835,4.379314399966411e-16,0.9824753260367249
GALAXY,0.4719039,0.000121105,21.8394,0.09688722,0.05413032,20.27784,0.03841497,0.0374471,110439.95225308082,5.225142333808658e-17,2.8443016437456072
GALAXY,0.5042207000000001,0.000109519,21.74829,0.07904162,0.05856731,19.99607,0.02630401,0.0405166,116021.77508056344,5.68253507695719e-17,2.727430245703409
GALAXY,0.5896518,0.000132807,23.84805,0.4119571,0.232222,21.45783,0.08514346,0.1606501,129793.5545974473,8.215578036673166e-18,7.173079633528504
GALAXY,0.7840148,0.000261488,23.4241,0.35183000000000003,0.03877316,21.55329,0.1321842,0.02682309,156443.98605971798,1.2139984303181934e-17,5.900864637432965
GALAXY,0.06724577,5.45e-06,17.953429999999994,0.006470686,0.10706989999999998,17.30891,0.005755833,0.07407048,19483.37786263284,1.872777250761526e-15,0.47509630446955886
GALAXY,0.3750488,0.000127478,20.67958,0.05014865,0.03562208,18.884970000000006,0.01759582,0.02464319,92378.11663733819,1.5206390017863574e-16,1.6672919459981457
GALAXY,0.2214986,5.08e-05,19.33113,0.01540488,0.03985688,17.87513,0.008340643,0.02757281,59194.239037549516,5.265093951087492e-16,0.8960281467452264
GALAXY,0.5502292,0.000227055,22.35913,0.2633812,0.2249459,20.61689,0.09511412,0.15561660000000002,123610.31962770583,3.237472776695023e-17,3.6134466935130396
GALAXY,0.3641307,9.72e-05,20.68578,0.04835917,0.0187253,18.98211,0.01685477,0.01295408,90209.85909827038,1.5119802740334211e-16,1.6720592096781226
GALAXY,0.1381458,2.37e-05,17.97798,0.00983063,0.07285768,17.14593,0.007045188000000002,0.0504026,38578.19417894757,1.830906325937558e-15,0.48049807518445203
GALAXY,0.4098112,1.5399999999999998e-05,22.03429,0.08832454,0.04734258,21.85956,0.09792403,0.03275138,99099.12069868133,4.3665870776945174e-17,3.1113842737864883
GALAXY,0.5964162,0.000238951,22.76456,0.220732,0.039475,21.46185,0.08790482,0.02730862,130826.03106806424,2.228610258081318e-17,4.35519547481996
GALAXY,0.04550304,1.0800000000000003e-05,16.73865,0.00363923,0.06918519,15.93726,0.003012317,0.04786199,13331.411091706594,5.733213636896268e-15,0.2715348971896574
GALAXY,0.09648249,1.6100000000000002e-05,18.3632,0.00913009,0.04368149,17.456020000000002,0.006630239,0.03021865,27535.256307604075,1.2840387353341306e-15,0.5737671135381142
GALAXY,0.07433766,2.37e-05,17.76083,0.006174536,0.03561961,16.82224,0.004520248,0.02464148,21459.65501396969,2.236279719209428e-15,0.43477208530428574
GALAXY,0.5285121,0.000232792,21.99511,0.1442596,0.01867918,20.3105,0.05200122,0.01292217,120079.58236962919,4.5270378459429606e-17,3.055748816841833
GALAXY,0.06950514,1.7899999999999998e-05,16.36859,0.003661158,0.03950725,15.47795,0.002882311,0.02733094,20114.60520095232,8.06161632853842e-15,0.22898848947278527
GALAXY,0.3904187,8.77e-05,21.07602,0.04425922,0.02657279,19.42481,0.01965664,0.01838293,95383.6891244795,1.0554802838830186e-16,2.0012422002066357
GALAXY,0.06558663,1.85e-05,16.889960000000002,0.004560553,0.02712252,15.96033,0.003550784000000001,0.01876323,19018.881341926084,4.987399130146613e-15,0.2911304638160776
GALAXY,0.5430520999999999,0.00015271799999999998,22.17621,0.16042910000000002,0.1230927,20.26827,0.0453554,0.08515494,122453.45148218216,3.831546717393867e-17,3.3215259690150543
GALAXY,0.06437159,1.02e-05,17.8109,0.008638536,0.02975364,17.46282,0.009427287,0.02058343,18678.198649095124,2.1354928673635434e-15,0.44491357021895794
GALAXY,0.0670934,1.33e-05,17.2128,0.004768708,0.05660824,16.31221,0.00367678,0.03916132,19440.75402291813,3.704572727591241e-15,0.3377968942397204
GALAXY,0.5713999,0.000168608,21.6521,0.14456170000000002,0.07637733,19.91347,0.04718275,0.05283749,126966.43462904659,6.208949466300379e-17,2.6092497605146896
GALAXY,0.14192220000000005,1.59e-05,18.24314,0.009904745,0.07321999,17.43262,0.007179358,0.05065325,39554.40312281691,1.4341749254667462e-15,0.5429047635791159
GALAXY,0.579663,0.000243462,22.76709,0.1919627,0.06482358,21.23158,0.08331688,0.04484465,128253.85503477803,2.223423160422266e-17,4.360272705344463
GALAXY,0.1023549,2.36e-05,17.656270000000006,0.006851952,0.09477875,16.69925,0.004986463,0.0655675,29122.26241270734,2.4623519352387802e-15,0.41433312187699606
GALAXY,0.3086202,7.929999999999999e-05,20.59573,0.04729832,0.06615186,18.91425,0.01654379,0.04576355,78746.25425652132,1.6427297608727435e-16,1.604137724635858
GALAXY,0.5586783000000001,0.00031756,22.87848,0.2846078,0.2501011,21.11121,0.0802885,0.1730188,124959.75503433881,2.0066245679966105e-17,4.589777707696884
GALAXY,0.12858060000000002,8.33e-06,18.29868,0.008665358,0.1153853,17.63854,0.007284992,0.07982304,36087.28439858893,1.3626556623126567e-15,0.556969806115797
GALAXY,0.1410794,2.7399999999999995e-05,17.93212,0.008087622,0.06477569,16.79012,0.005118498,0.04481152,39336.89048571409,1.9098977856758543e-15,0.4704566939004842
GALAXY,0.6485234000000001,0.000197987,22.97633,0.2402173,0.0987817,21.10516,0.07431867,0.06833672,138510.93920634486,1.833690880878725e-17,4.801331059208286
GALAXY,0.5641621,0.000104307,22.24312,0.145332,0.02609709,20.52044,0.04853613,0.01805385,125828.44098399722,3.602550896519901e-17,3.425465929482828
GALAXY,0.3942944,7.69e-05,21.12637,0.08643561,0.03218149,19.40101,0.03105046,0.02226301,96133.03778928879,1.0076509651455471e-16,2.048187221499629
GALAXY,0.5309086,0.00013518299999999998,22.42507,0.2154152,0.2086971,20.3292,0.05049077,0.1443757,120473.65019007058,3.046703035055503e-17,3.724857409616045
GALAXY,0.04531596,1.3e-05,18.05204,0.01501786,0.1052032,17.03397,0.009199572,0.07277907,13277.867756727954,1.7101811892598573e-15,0.49716855473695326
GALAXY,0.31519980000000003,4.52e-05,20.12187,0.03282389,0.1121721,18.54527,0.01318776,0.07760013,80144.21068124776,2.5416171084338e-16,1.289643436773236
GALAXY,0.08760805,3.64e-05,18.5257,0.009138593,0.1875384,17.569370000000006,0.006462151,0.1297382,25117.798696736823,1.1055493286856904e-15,0.6183518326570555
GALAXY,0.06601335,5.6e-06,17.84101,0.006069614,0.05258415,17.61748,0.00655063,0.03637747,19138.424721485007,2.077084310274665e-15,0.4511257865561935
GALAXY,0.5343142,0.000151619,21.95746,0.1253442,0.04535746,20.30677,0.04535308,0.03137808,121031.73849627996,4.686775221688559e-17,3.0032234907740474
GALAXY,0.09754214,3.24e-05,18.26362,0.008143091,0.09122185,17.26613,0.005658604,0.06310686,27822.369905120926,1.4073759496989647e-15,0.5480493314197088
GALAXY,0.1510302,2.48e-05,18.63228,0.01136157,0.08453206,17.48755,0.0069544030000000005,0.05847889,41892.11021563204,1.0021809085182002e-15,0.6494588695723355
GALAXY,0.5487344,0.000135036,22.62353,0.1843207,0.06545931,20.8845,0.05219329,0.04528445,123370.17981451013,2.5377341572061062e-17,4.081329443404984
GALAXY,0.5266945,9.42e-05,21.55716,0.09338958,0.05566566,19.91774,0.03385751,0.03850925,119779.96289091757,6.776323410674448e-17,2.4976274123344946
GALAXY,0.07569698,1.7899999999999998e-05,17.97247,0.007124612,0.1277164,17.104039999999998,0.005306313000000001,0.08835363,21836.75494049636,1.8402216050069564e-15,0.47928038150442215
GALAXY,0.15055870000000002,3.4200000000000005e-05,18.51922,0.009361134,0.1413635,17.49223,0.006059115,0.09779461,41771.67170534891,1.112167308766771e-15,0.6165093283843054
GALAXY,0.4261822,0.000131566,21.64508,0.12328039999999997,0.13276559999999998,20.0157,0.04043547,0.0918466,102170.25227189565,6.249224477869404e-17,2.6008281211894078
GALAXY,0.06946731,1.46e-05,16.23659,0.003269488,0.17149289999999998,15.315220000000002,0.002686505,0.118638,20104.048617643108,9.103787778941033e-15,0.21548331706271937
GALAXY,0.4181834,0.000125184,20.98595,0.08414314,0.06513718,19.18826,0.02628038,0.0450616,100677.11399900712,1.146774758550783e-16,1.9199311384295328
GALAXY,0.4912207,0.000144096,21.29875,0.09127117,0.1624386,19.88452,0.04066384,0.1123743,113801.9410116548,8.597221680103077e-17,2.2174082156082093
GALAXY,0.1909787,3.46e-05,18.69851,0.010540100000000002,0.1496619,17.698729999999994,0.006810116999999999,0.1035354,51869.28032499815,9.428750097248538e-16,0.669572567571189
GALAXY,0.3318873,5.99e-05,20.48462,0.03739795,0.27115290000000003,19.54469,0.02471227,0.1875823,83641.99260352964,1.8197432838692325e-16,1.524121720334642
GALAXY,0.6309829,0.000284558,23.406270000000006,0.3761707,0.13683570000000006,21.64577,0.15064629999999998,0.09466232,135976.1521985887,1.2340993546390825e-17,5.8526109063201295
GALAXY,0.4528666,0.000106195,21.06432,0.09572773,0.22250100000000006,19.12847,0.03198843,0.1539251,107050.7839805108,1.0669157472849289e-16,1.9904884059377177
GALAXY,0.4487345999999999,0.000155616,21.94631,0.1440595,0.1556013,20.38613,0.06415483,0.1076443,106305.06424329783,4.7351541875830166e-17,2.987842168166782
GALAXY,0.2027797,2.08e-05,21.33663,0.04542354,0.08181575,20.7935,0.03887343,0.05659975,54731.739225600424,8.302447254495054e-17,2.2564288938242227
GALAXY,0.5281019,0.00015198299999999998,22.2366,0.1703736,0.1632168,20.31626,0.04445484,0.1129126,120012.01964053501,3.624249813265602e-17,3.4151961505397246
GALAXY,0.4838898,0.000107402,22.09361,0.1394835,0.2028335,20.16929,0.04173195,0.1403193,112535.04926042962,4.134415548011272e-17,3.1975522678670005
GALAXY,0.5270406,0.000181489,22.46741,0.148538,0.07032916,20.83941,0.05524494,0.04865339,119837.06468852144,2.93017882239186e-17,3.7981984506029183
GALAXY,0.5086682,0.00016790299999999998,22.02472,0.1289079,0.08541967,20.43392,0.04961659,0.05909294,116773.43404225376,4.4052455910518113e-17,3.097702115011852
GALAXY,0.5006382,0.00012524700000000002,22.3908,0.1380887,0.08270326,20.48241,0.04126705,0.05721373,115413.4337468528,3.144402444306378e-17,3.66653345704598
GALAXY,0.1534954,3.43e-05,18.37655,0.01072809,0.07667091,17.37059,0.00758781,0.05304058,42520.786233673534,1.2683471144539944e-15,0.5773054431441672
GALAXY,0.5780132,0.000274027,21.93236,0.1605819,0.07294717,20.35476,0.06654502,0.05046451,127997.80803100656,4.796385983880315e-17,2.9687091584940157
GALAXY,0.1726374,2.24e-05,18.51175,0.009165289,0.06307080000000001,17.53708,0.006727321999999999,0.04363209,47343.992360163706,1.1198455413556599e-15,0.6143921417063538
GALAXY,0.5324121999999999,0.000152064,22.44633,0.1512165,0.08673814,20.70843,0.04871104,0.06000504,120720.32678417327,2.987625277303343e-17,3.7615050765178655
GALAXY,0.5565981,0.00016806900000000002,22.09645,0.1698251,0.09165244,20.1011,0.03386002,0.06340473,124628.76284257001,4.1236151373445486e-17,3.201736981151169
GALAXY,1.057665,7.049999999999999e-05,22.20571,0.1067909,0.03499737,21.78275,0.1056811,0.02421102,185236.36219420598,3.7288432325466457e-17,3.36695763809462
GALAXY,0.5334179,0.000215854,20.69918,0.146761,0.1053356,18.96839,0.04873158,0.07287066,120885.07552328032,1.4934343122748727e-16,1.6824092686452194
GALAXY,0.5162492999999999,0.000109687,22.01511,0.1156967,0.03805847,20.32914,0.03977401,0.02632867,118045.64199867696,4.444410093228132e-17,3.084023312523031
GALAXY,0.2996704,8.2e-05,19.99966,0.02953252,0.06813721,18.38156,0.01162967,0.04713701,76827.41565776225,2.8444226300591926e-16,1.2190672165650633
GALAXY,0.05974805,1.74e-05,16.60136,0.004082307,0.03515863,15.75663,0.003293028,0.02432258,17377.810543812055,6.5060009925783866e-15,0.25489871862529007
GALAXY,0.1544442,3.07e-05,18.57673,0.008304566999999999,0.1521501,17.5497,0.006223957,0.1052567,42762.29032051982,1.0547902948916983e-15,0.633055304640946
GALAXY,0.11648519999999997,3.87e-05,18.16336,0.009934149,0.08744035,17.223979999999994,0.007803121999999998,0.06049083,32899.75676669348,1.5435266249130366e-15,0.5233203850631195
GALAXY,0.07738387,1.85e-05,17.8898,0.006960046,0.1472507,16.90782,0.005002439,0.1018674,22303.970140080008,1.985811974629416e-15,0.46137669347658233
GALAXY,0.3619875,9.11e-05,20.767570000000006,0.09377307,0.14668699999999998,18.9919,0.02118575,0.1014774,89780.96015314112,1.402265099634553e-16,1.7362395797310572
GALAXY,0.5156533,0.000233744,22.8556,0.2940127,0.11800610000000003,20.84681,0.07701965,0.08163606,117946.03671505026,2.0493593862467448e-17,4.541670808383752
GALAXY,0.1899792,5.93e-05,18.46333,0.01551914,0.2366365,17.47782,0.01030707,0.16370410000000002,51625.08033744604,1.1709170373059186e-15,0.6008438942908567
GALAXY,0.05867355,1.8e-05,16.08553,0.00451186,0.14475610000000005,15.27228,0.003575111,0.1001416,17074.694844133348,1.0462756671361452e-14,0.2010025894265772
GALAXY,0.5782447,0.000221445,22.33903,0.1724582,0.1445011,20.75115,0.06702004,0.0999652,128033.76649541112,3.2979656292730625e-17,3.580153539140083
GALAXY,0.5231095,0.000127732,22.12175,0.1247544,0.04485255,20.48367,0.04748498,0.03102879,119187.11450999125,4.028636889798185e-17,3.2392588373111315
GALAXY,0.3234499,0.000109852,21.10396,0.05389817,0.0578785,19.69264,0.02564032,0.04004008,81881.99581001476,1.0286653833542404e-16,2.027158245736172
GALAXY,0.03666067,8.18e-06,15.596229999999998,0.00263737,0.05584629,14.80265,0.002334183,0.0386342,10789.261641350893,1.6419734300258978e-14,0.1604507133525174
GALAXY,0.5773156999999999,0.000319926,23.45783,0.2774088,0.0292833,21.60954,0.0925355,0.02025805,127889.40751064963,1.1768635857202493e-17,5.993239763470065
GALAXY,0.5821443000000001,0.000199002,21.81983,0.10726,0.05074735,20.08314,0.0380408,0.03510678,128638.0166924885,5.320177537504607e-17,2.8187830562262874
GALAXY,0.283565,5.33e-05,19.97744,0.03317686,0.03689011,18.39153,0.01312168,0.0255204,73323.69162339556,2.9032345610303873e-16,1.2066564877505446
GALAXY,0.3117824,6.86e-05,19.68595,0.02926159,0.07687743,18.08416,0.01156912,0.05318345,79419.4604412817,3.7973281188685105e-16,1.0550806355590256
GALAXY,0.6129380999999999,0.000143016,22.52753,0.229537,0.03434619,20.84663,0.07358246,0.02376054,133313.66399277572,2.7723376641786264e-17,3.904825693418533
GALAXY,0.08136947,2.22e-05,17.145670000000006,0.006066775999999999,0.04490058,16.23715,0.00484921,0.03106202,23404.52092729938,3.9408520009468884e-15,0.3275138364197325
GALAXY,0.3676957,7.13e-05,20.99037,0.05457624,0.09452651,19.23011,0.0189069,0.06539301,90920.90306308676,1.1421157621550242e-16,1.923843109918862
GALAXY,0.6059474,0.000145938,22.17746,0.1052508,0.09353215,20.65882,0.04075566,0.06470509999999999,132266.98072861784,3.827138024551159e-17,3.3234385434909823
GALAXY,0.07093233,5.78e-06,18.25507,0.008169721,0.04807886,18.02873,0.008792376999999999,0.03326074,20512.557847902415,1.4185025642160434e-15,0.5458956734531407
GALAXY,0.5644661,0.000228655,20.913120000000006,0.1059323,0.06337628,20.08861,0.07192247,0.04384341,125876.43375951258,1.2263378289900473e-16,1.8566055838201263
GALAXY,0.5271746999999999,9.88e-05,21.54174,0.08261991,0.05324316,19.77542,0.02884531,0.03683338,119859.18310743805,6.873249754051166e-17,2.479954154115474
GALAXY,0.6132264000000001,0.000162188,22.44729,0.1734839,0.06983971,20.81505,0.05630115,0.04831479,133356.64594649916,2.984984808429029e-17,3.763168391782721
GALAXY,0.33037140000000004,6.77e-05,20.53313,0.03524248,0.04378668,18.80555,0.01358147,0.03029142,83327.06207331453,1.74022789219519e-16,1.5585532757520262
GALAXY,0.5616885,0.000122935,22.74902,0.1749528,0.053034300000000006,20.98971,0.06083661,0.03668888,125437.29287438847,2.260737432177557e-17,4.324139062937773
GALAXY,0.4001086,9.43e-05,20.399420000000006,0.05775855,0.04191104,18.66278,0.01962008,0.02899386,97250.7942357722,1.968294709714964e-16,1.4654791781885932
GALAXY,0.1932075,3.18e-05,18.79581,0.014963399999999996,0.09155834,17.75155,0.008753805,0.06333964,52412.832986922425,8.620533129047355e-16,0.7002573118548081
GALAXY,0.02217431,6.05e-06,17.56139,0.006250773,0.1030487,17.18877,0.005803423,0.07128864,6574.0046427374955,2.6872132064593548e-15,0.3966191251789834
GALAXY,0.5810861999999999,0.000117983,22.31978,0.2596584,0.1265094,20.34393,0.06381663,0.08751863,128474.33566813936,3.356959681373913e-17,3.5485559103579662
GALAXY,0.3358255,0.000114082,20.81555,0.05536619999999999,0.14622249999999998,19.11781,0.01893382,0.1011561,84457.55416280063,1.3416465715867053e-16,1.7750298151004382
GALAXY,0.5238854000000001,0.000163533,21.42944,0.09489013,0.137733,20.40508,0.05760731,0.09528306,119315.63690463334,7.622231329975862e-17,2.3549606367518012
GALAXY,0.2744489,0.000104626,19.34708,0.02234929,0.05954999,17.766920000000006,0.009401214,0.04119641,71311.26499999836,5.18831248545356e-16,0.9026339251414403
GALAXY,0.540231,0.000140105,21.68924,0.1261262,0.1254728,20.54065,0.06584065,0.08680152,121996.03852079895,6.000150243067283e-17,2.6542611613943174
GALAXY,0.4552206,0.000130045,22.04694,0.1264807,0.1146613,20.1903,0.03317174,0.07932217,107473.99774553982,4.3160068491706683e-17,3.129562666285445
GALAXY,0.5322843,0.000132193,22.29763,0.1886664,0.07384123,20.18635,0.04060909,0.05108302,120699.36085242797,3.4261480462539e-17,3.512543022385777
GALAXY,0.7740059,0.000222637,22.64197,0.28507140000000003,0.0579691,21.17238,0.1184627,0.04010276,155213.02673690845,2.4949975597988437e-17,4.116135398719631
GALAXY,0.4645507,0.000152518,21.8219,0.100802,0.09377572,20.15029,0.03390842,0.06487361,109139.89440726182,5.3100440667964024e-17,2.8214713993495337
GALAXY,0.2015551,7.23e-06,19.31979,0.01270096,0.09387665,18.83096,0.01131994,0.06494343,54436.47634515458,5.320373543699018e-16,0.8913610491280081
GALAXY,0.5111495,0.000152601,20.91136,0.07696158,0.07451568,19.55547,0.03891884,0.0515496,117191.08125347906,1.2283273591199987e-16,1.855101396177998
GALAXY,0.1742013,2.31e-05,17.63503,0.0069088000000000005,0.2995526,16.327070000000006,0.004194319,0.20722910000000005,47733.500370658396,2.5109966031445323e-15,0.4103001278355923
GALAXY,0.4870853,0.000168403,21.58245,0.1215928,0.07103896,20.30333,0.06492501,0.04914442,113088.62796079203,6.620306938842236e-17,2.5268860176450523
GALAXY,0.05201549,1.41e-05,16.61266,0.004754916,0.114354,15.79942,0.003626902,0.07910959,15188.81153345592,6.4386397315343385e-15,0.2562286286820309
GALAXY,0.1645507,1.9e-05,18.73736,0.01148233,0.09091856,17.71633,0.007387616999999998,0.06289704,45318.97115253526,9.09733369603999e-16,0.6816597520914804
GALAXY,0.2418735,3.7e-05,19.04106,0.01287581,0.1074539,17.72012,0.007142426,0.07433614,63944.30556511701,6.877555840307431e-16,0.7839848174572759
GALAXY,0.5054711,0.000181158,21.66791,0.09740348,0.10554660000000002,20.28985,0.04549821,0.07301662,116233.50006237315,6.119192635018975e-17,2.6283164443798723
GALAXY,0.2095496,1.82e-05,18.64797,0.0107494,0.1703066,17.70395,0.007429727,0.1178173,56356.63807778107,9.87802509628893e-16,0.6541685368306175
GALAXY,0.1489888,2.2e-05,21.7939,0.055184,0.03100935,21.34433,0.05326809,0.02145212,41370.20616227886,5.4487655971901604e-17,2.7853235572369286
GALAXY,0.3590372000000001,6.45e-05,20.68192,0.04366412,0.04632569,18.88454,0.01538766,0.032047900000000004,89188.77570541769,1.5173652198604328e-16,1.6690896045911496
GALAXY,0.2125969,3.97e-05,18.89613,0.01363253,0.05159654,17.53591,0.0072251719999999985,0.03569425,57083.972868966426,7.859702816091587e-16,0.7333674872886407
GALAXY,0.1071072,2.13e-05,17.58561,0.006054255,0.08385395,16.65545,0.004329873,0.05800977,30399.19179131173,2.627932011577609e-15,0.4010676675007538
GALAXY,0.6932552,0.000239717,23.58881,0.7574986,0.1445894,20.7011,0.07849646,0.1000263,144745.29768138973,1.0431196466465016e-17,6.3658683408025505
GALAXY,0.1032071,8.96e-06,17.8049,0.007172234,0.2592877,16.95915,0.005474629,0.1793741,29351.730678737487,2.1473267050515954e-15,0.44368592542862856
GALAXY,0.5643503000000001,0.000160435,21.62638,0.08295584,0.05392905,20.42495,0.04340721,0.03730787,125858.15432392982,6.357789213639045e-17,2.5785268157854446
GALAXY,0.1146727,3.32e-05,18.61806,0.008518282,0.1697161,17.59285,0.005874831,0.1174088,32418.45939343499,1.0153929067115826e-15,0.6452197495880353
GALAXY,0.4083667,3.4e-05,19.27952,0.01121239,0.2050437,18.68953,0.009487339,0.14184829999999998,98825.28293773918,5.521411623813009e-16,0.8749830746643574
GALAXY,0.204147,3.53e-05,19.58351,0.02382544,0.03565997,18.20182,0.01100348,0.02466941,55060.92390564249,4.1730551589551947e-16,1.0064626256589004
GALAXY,0.8296225,0.000242962,23.77128,0.4419318,0.0581437,22.34176,0.2000309,0.04022354,161878.17033601535,8.81751333634485e-18,6.923913797394985
GALAXY,0.3473518,9.78e-05,21.50285,0.10298210000000002,0.04693133,19.54145,0.02450935,0.03246688,86823.03953728109,7.123905096069192e-17,2.43593475763502
GALAXY,0.4002336,0.000123851,21.11665,0.07123991,0.1180961,19.36092,0.02302137,0.08169836,97274.74105387881,1.0167124114325985e-16,2.0390395625579627
GALAXY,0.664132,0.00013298700000000002,22.83424,0.2281177,0.3982032,21.15966,0.09251158,0.2754751,140723.32083285652,2.0900762254827386e-17,4.49721501800961
GALAXY,0.12013419999999997,2.34e-05,18.58204,0.009795708,0.1421602,17.572010000000002,0.007260904,0.09834576,33865.8382601798,1.0496442359152517e-15,0.6346052377868912
GALAXY,0.5622068,0.000132456,21.49418,0.09164201,0.1634227,20.10703,0.04465344,0.11305510000000002,125519.34544382463,7.181019816667158e-17,2.4262282338610017
GALAXY,0.2730866,5.33e-05,19.04233,0.01933704,0.128093,17.45534,0.008985468,0.08861411,71008.70051525142,6.8695157754718055e-16,0.7844434702727331
GALAXY,0.2508545,4.48e-05,19.96471,0.04080157,0.09383816,19.25699,0.03187328,0.0649168,66003.06767459131,2.937474635178433e-16,1.1996033013381258
GALAXY,0.1026489,2.25e-05,19.2293,0.02284143,0.10801969999999997,18.73479,0.02124313,0.07472754,29201.450484935165,5.782799372239379e-16,0.85497940271585
GALAXY,0.7089051,0.000192255,23.26442,0.235798,0.1549864,21.45498,0.08501968,0.1072189,146851.03686523106,1.4063393387252084e-17,5.482512774525802
GALAXY,0.5914578,0.000135699,21.67031,0.09279386,0.06542511,20.21289,0.04051623,0.04526078,130070.013816593,6.105681210625853e-17,2.631222972978027
GALAXY,0.2916017,6.59e-05,19.08676,0.02058999,0.06898199,17.49461,0.00909706,0.04772142,75080.26926423477,6.594078686066353e-16,0.8006591151768784
GALAXY,0.3894162000000001,9.27e-05,21.72477,0.1009098,0.06825152,19.6359,0.02459574,0.04721609,95189.30332554257,5.806977258056886e-17,2.6980478788382882
GALAXY,0.6280225,0.0001392,22.15199,0.2140875,0.1652201,20.35382,0.06746986,0.11429849999999997,135543.19463049853,3.917979192302524e-17,3.28468443317623
GALAXY,0.4378732,9.45e-05,21.00028,0.05984702,0.02704934,19.17885,0.01890457,0.01871261,104327.43617492104,1.1317385912993626e-16,1.9326430632308635
GALAXY,0.3698565,8.44e-05,22.04551,0.09840052,0.07889997,20.32404,0.0316117,0.05458264,91350.43046045468,4.321695114869482e-17,3.1275024046194915
GALAXY,0.3954826,7.219999999999999e-05,20.71945,0.04067531,0.07830084,19.02095,0.01546563,0.05416816,96362.08691230297,1.465811501966625e-16,1.6981875487677063
GALAXY,0.4035958,0.000111904,21.56986,0.09127092,0.14178529999999998,19.703,0.02719088,0.09808644,97917.53212216988,6.697521635302674e-17,2.5122777514172188
GALAXY,0.6215573,0.000218513,22.81166,0.237237,0.06766589,20.96763,0.07162735,0.04681095,134592.43219736597,2.133998575587158e-17,4.450693140778725
GALAXY,0.7348085999999999,0.000339593,24.48966,0.608651,0.04603278,21.95446,0.1287103,0.03184526,150253.6595757007,4.549819054684402e-18,9.638903942332332
GALAXY,0.5587270999999999,0.000130246,21.52597,0.117828,0.1130062,19.79788,0.03792064,0.07817718,124967.51015369144,6.973810229061793e-17,2.462009091239091
GALAXY,0.3672687,0.000108328,20.39951,0.05464616,0.1466324,18.45082,0.01329227,0.1014396,90835.89420707602,1.9681315584990756e-16,1.4655399184764883
GALAXY,0.4931185,0.000121777,21.61844,0.1215857,0.08983462,20.10842,0.04502461,0.06214717,114128.12842779007,6.404454214202949e-17,2.569115635761331
GALAXY,0.4524876000000001,0.000123733,21.6395,0.1026075,0.07708782,19.99442,0.03242368,0.053329,106982.53556013685,6.281424226556903e-17,2.5941533919216644
GALAXY,0.6071563,0.00015267200000000002,22.46315,0.1977364,0.03689982,20.49661,0.05676322,0.02552713,132448.59713148433,2.941698270770225e-17,3.790754439617089
GALAXY,0.1206458,1.7100000000000002e-05,17.478920000000002,0.006088807,0.0313629,16.64115,0.004876316,0.02169671,34000.97764137794,2.8992797698746884e-15,0.38183844459440197
GALAXY,0.6151908,0.00024901700000000003,22.26412,0.16494270000000005,0.05894417,20.45418,0.05749282,0.0407773,133649.12756041955,3.5335409216044434e-17,3.458753823783971
GALAXY,0.4537531,0.000107922,21.82688,0.07706243,0.02999677,20.10146,0.02871141,0.02075163,107210.30133064682,5.285743996570333e-17,2.827949516157476
GALAXY,0.777512,3.3100000000000005e-05,21.38961,0.05154638,0.139574,21.25253,0.06616513,0.09655666,155645.838029316,7.907043448313414e-17,2.3121587679772873
GALAXY,0.5701228,0.000140918,21.89333,0.1387327,0.07715996,20.70803,0.0775638,0.0533789,126766.34010224209,4.971942817981519e-17,2.9158263229197665
GALAXY,0.2295888,1.83e-05,18.54725,0.01340588,0.0900779,17.68894,0.01021704,0.06231547,61093.611274979936,1.0838224065202745e-15,0.6245189951775575
GALAXY,0.6033041,0.00025715,23.20784,0.3086227,0.05336291,21.7674,0.1568474,0.03691622,131868.9727174992,1.481569828453182e-17,5.341505160136829
GALAXY,0.08604702,1.51e-05,16.90812,0.004431593,0.06576461,16.01202,0.003574054,0.04549566,24690.17282573213,4.904673761379964e-15,0.2935753939114007
GALAXY,0.4763279,9.54e-05,21.59998,0.07900828,0.06448147,19.82724,0.02866238,0.04460799,111216.70527671502,6.514275552796146e-17,2.5473677851513616
GALAXY,0.1621967,1.64e-05,18.68262,0.01050093,0.05761456,17.75464,0.00689714,0.03985748,44726.04471793366,9.56775674762406e-16,0.6646907763415727
GALAXY,0.08064488,1.65e-05,16.42519,0.004435346,0.1926432,15.50886,0.003410561,0.13326970000000002,23204.786875766244,7.652126223610616e-15,0.23503560216236385
GALAXY,0.1518106,1.31e-05,18.33993,0.009652561,0.1311611,17.46988,0.007013975,0.09073667,42091.314534923054,1.311855876899807e-15,0.5676513202498523
GALAXY,0.09181315,1.65e-05,17.33773,0.0052887,0.1287259,16.35751,0.00392588,0.08905201,26266.17562313041,3.301916794430931e-15,0.35780108424663104
GALAXY,0.1100309,2.92e-05,18.44452,0.009386728,0.1154594,17.542939999999998,0.006839427,0.07987428,31181.51334252677,1.1913795061913055e-15,0.5956616666071329
GALAXY,0.5335131,0.000160271,22.86389,0.2157124,0.1448231,20.66591,0.05081301,0.1001879,120900.66060000003,2.0337713505832182e-17,4.5590426207920025
GALAXY,0.07994384,1.11e-05,17.88214,0.006751928000000001,0.03517194,17.23655,0.005964641,0.02433179,23011.39715264852,1.999871655903791e-15,0.4597520265805177
GALAXY,0.09155977,7.89e-06,17.543020000000002,0.007513694,0.0580075,16.895870000000002,0.004767663,0.04012932,26197.12663830561,2.733066036093806e-15,0.39327799968676896
GALAXY,0.3676191,7.2e-05,21.04054,0.04909888,0.05459332,19.23733,0.01629308,0.03776741,90905.65636900501,1.0905413195031137e-16,1.9688093005265033
GALAXY,0.7909378,6.69e-05,22.17904,0.16656120000000002,0.03582567,21.62816,0.1623142,0.02478403,157287.20019240677,3.8215726944321146e-17,3.325857613477438
GALAXY,0.4634677,0.000119916,21.81754,0.12040739999999997,0.03245395,20.12158,0.04406659,0.02245149,108947.46343116064,5.331410527396295e-17,2.8158119796931698
GALAXY,0.1187462,4.51e-05,17.56467,0.008092943,0.03189683,16.82669,0.006371906,0.02206608,33498.816112440276,2.679107407762136e-15,0.3972186694006234
GALAXY,0.3543525,0.000114859,20.37972,0.03943228,0.03253938,18.66194,0.01469633,0.02251059,88244.23954116329,2.0043341459572236e-16,1.4522442054172457
GALAXY,0.1651665,3.28e-05,18.82033,0.0111924,0.1444826,17.6792,0.007050448000000002,0.09995241,45473.82176188958,8.428031016330842e-16,0.7082093436853127
GALAXY,0.1349513,1.91e-05,18.05059,0.01026142,0.1131962,17.18664,0.0066611330000000005,0.07830863,37749.22186883906,1.7124666609164968e-15,0.4968366814116137
GALAXY,0.4804045,0.000230932,21.76694,0.1838607,0.03099096,19.61905,0.04166591,0.0214394,111928.88213331932,5.585758115866315e-17,2.75095605149821
GALAXY,0.3002296,6.49e-05,19.79135,0.02425284,0.06795903,18.0934,0.009378486,0.04701374,76947.89481708079,3.4460226305868126e-16,1.1075558932140872
GALAXY,0.07339879,5.7000000000000005e-06,17.95412,0.009113126,0.05881494,17.651989999999994,0.009998554,0.0406879,21198.87683364514,1.871587453669113e-15,0.47524729351142153
GALAXY,0.5829960999999999,0.00014834,21.02086,0.07340875,0.08030443,19.80034,0.03786354,0.05555423,128769.63677417635,1.110488652815182e-16,1.9510466440384415
GALAXY,0.5722484999999999,0.000197416,22.78151,0.1822173,0.1159443,21.11035,0.06314672,0.08020973,127099.22627360685,2.1940884194613928e-17,4.389324127347941
GALAXY,0.1759246,2.56e-05,18.52933,0.009803959,0.1042916,17.437520000000006,0.006245966,0.07214842,48161.917478064126,1.101859258449395e-15,0.6193863815307844
GALAXY,0.32630640000000005,5.3e-05,19.88763,0.02742127,0.07736383,18.16231,0.009800387,0.05351994,82479.7912341039,3.1535965019373573e-16,1.1577682946195156
GALAXY,0.5912670999999999,0.000201974,22.91429,0.2574632,0.0565739,21.15995,0.0827172,0.03913756,130040.84946857736,1.941521146869559e-17,4.666095812818145
GALAXY,0.5268149000000001,0.000123491,21.78085,0.09505759,0.0198466,20.32876,0.04027707,0.01372979,119799.82989675652,5.51465217204709e-17,2.768634665325841
GALAXY,0.07591684,2.7e-05,18.48544,0.009456167,0.03744815,17.62831,0.006678577,0.02590646,21897.696813675208,1.1473135565636283e-15,0.6069929574698584
GALAXY,0.3223652,8.48e-05,20.54891,0.04625243,0.1018686,18.87641,0.01772599,0.07047221,81654.47149569794,1.7151184753511764e-16,1.569920470252127
GALAXY,0.5426108000000001,0.00012353899999999998,22.81058,0.14774720000000002,0.1861667,21.03259,0.04834891,0.1287893,122381.99934925161,2.1361223558412713e-17,4.4484801016303654
GALAXY,0.5409333000000001,0.000115028,22.13836,0.1246403,0.2085146,20.49158,0.04410747,0.1442494,122110.0514924792,3.9674743272679614e-17,3.264131542819397
GALAXY,0.1294242,1.73e-05,18.71512,0.0112105,0.04016243,17.7801,0.007606246999999998,0.02778418,36308.0260785189,9.28560328774948e-16,0.6747138922155127
GALAXY,0.09072167,1.65e-05,17.96775,0.007824591,0.07238904,17.21731,0.006566272,0.05007841,25968.600506923693,1.8482389790533338e-15,0.47823972974990875
GALAXY,0.538912,0.000224977,22.19993,0.15200970000000005,0.08790226,20.77522,0.06430866,0.06081038,121781.65404779481,3.748746948099732e-17,3.3580074264886814
GALAXY,0.08818659,2.36e-05,17.72739,0.007953121,0.103242,16.87622,0.006071946,0.07142237,25276.10106660206,2.3062273871044124e-15,0.42812801993399097
GALAXY,0.07962976,2.24e-05,17.19104,0.005068492,0.1090502,16.48789,0.004337201,0.07544041,22924.707685233276,3.7795676680552745e-15,0.33442878596154557
GALAXY,0.4500547,0.000140292,21.62234,0.09006216,0.11411789999999998,20.10085,0.03761838,0.07894625,106543.70364967613,6.381490472897799e-17,2.5737339555536356
GALAXY,0.4677067,0.000107226,21.488000000000003,0.0775107,0.04721395,19.84554,0.02900519,0.03266239,109699.26239430132,7.222010661240858e-17,2.419333016545823
GALAXY,0.05812377,1.36e-05,17.79605,0.007411651999999999,0.07503185,17.32181,0.00851928,0.05190669,16919.469693542378,2.164901419533667e-15,0.4418813297713457
GALAXY,0.5418463000000001,0.00013058700000000002,21.52979,0.0781173,0.1294808,20.15499,0.03541187,0.08957419999999999,122258.12907848162,6.949317036766494e-17,2.4663440079299828
GALAXY,0.7811551999999999,9.93e-05,20.84584,0.0733332,0.08378632,20.09634,0.05346379,0.05796299,156093.733907135,1.3047344368558098e-16,1.7999633084849789
GALAXY,0.342104,7.31e-05,20.0762,0.04095335,0.14257,18.38537,0.0143602,0.0986293,85750.01877743157,2.6508071003390858e-16,1.2628031375861493
GALAXY,0.07986011,1.6800000000000002e-05,17.7459,0.01074118,0.1067466,17.21486,0.01058365,0.07384679,22988.28961234744,2.2672432897094384e-15,0.4317930544602749
GALAXY,0.4525922000000001,0.000134411,21.29827,0.07479239,0.1957545,19.47411,0.02316836,0.135422,107001.37445301608,8.60102332060737e-17,2.2169181157522124
GALAXY,0.16654670000000002,2.32e-05,17.70243,0.007489587,0.2690817,16.38188,0.004300308,0.1861494,45820.50305178263,2.359859381795848e-15,0.4232350752214874
GALAXY,0.6990761,0.000151239,23.18572,0.2660259,0.1133831,21.97493,0.1264509,0.07843788,145532.9841078593,1.512063831459921e-17,5.287369387810342
GALAXY,0.3558447,8.840000000000001e-05,21.21553,0.09552538,0.138165,19.33353,0.02707895,0.09558193,88545.66277904162,9.282097483488529e-17,2.134035561796371
GALAXY,0.1762545,1.4499999999999997e-05,18.89353,0.01335685,0.3237397,18.06592,0.01064209,0.2239617,48243.8369784843,7.878546909875e-16,0.7324899194260627
GALAXY,0.289259,4.85e-05,19.89189,0.03227022,0.1970915,18.42445,0.01687004,0.136347,74569.91819979658,3.1412472775212345e-16,1.1600418367445662
GALAXY,0.4230595,0.000100941,21.47232,0.08339862,0.0893217,19.65152,0.02510786,0.06179234,101589.01186247023,7.327066365312597e-17,2.4019261604683275
GALAXY,0.1190717,2.3e-05,18.53722,0.01299278,0.08349515,17.78143,0.01023123,0.05776156,33584.93653594497,1.0938811164098093e-15,0.6216410026915138
GALAXY,0.578364,0.000121025,21.48013,0.1264015,0.1108274,19.98244,0.05155025,0.07666989,128052.2933243709,7.274549865201435e-17,2.4105805732319405
GALAXY,0.7458863,5.770000000000001e-05,22.57311,0.14429260000000002,0.1553816,22.48458,0.2455151,0.1074923,151678.0077901504,2.6583620301037894e-17,3.987655687494397
GALAXY,0.4902708,5.08e-05,21.43471,0.1099079,0.08413228,20.11473,0.0521206,0.05820232,113638.40098211762,7.585323811420197e-17,2.3606828897903593
GALAXY,0.6170648,0.000227931,23.00269,0.2142644,0.1801097,21.24706,0.06965386,0.1245991,133927.5229759979,1.7897077766702277e-17,4.859970714563129
GALAXY,0.3765473,0.000102959,21.21329,0.08511296,0.2375591,19.27887,0.02442461,0.16434229999999994,92673.54302080792,9.301267297556621e-17,2.131835315116959
GALAXY,0.3231583,0.00025604,23.04297,0.17092539999999998,0.14482089999999995,21.5658,0.07851763,0.1001865,81820.85876170237,1.7245275040205942e-17,4.950962675611507
GALAXY,0.0944863,1.51e-05,16.752670000000002,0.004759509,0.14337629999999998,15.76662,0.003330608,0.09918706,26993.493156236316,5.659657174171652e-15,0.2732937200615952
GALAXY,0.4222702999999999,0.000121573,22.07748,0.11665910000000003,0.1572104,20.38354,0.03742893,0.1087574,101441.77590330306,4.1962960982081443e-17,3.1738884015896356
GALAXY,0.6654372,0.00026331900000000003,23.01773,0.3052306,0.05862523,21.24714,0.1098351,0.04055666,140906.50411789204,1.765087035997065e-17,4.893748567535672
GALAXY,0.2331625,3.88e-05,19.48789,0.01803127,0.07142814,18.03171,0.008521115,0.04941365,61927.04212900603,4.557242356522024e-16,0.9631050327195603
GALAXY,0.4993486,0.000114272,21.84013,0.09321453,0.08586019,20.04379,0.02922514,0.05939768,115193.8178974672,5.221630364810464e-17,2.845257994486829
GALAXY,0.1014659,2.22e-05,17.03631,0.0057142090000000005,0.04665014,16.01975,0.003925581,0.03227235,28882.659280843727,4.35847064414601e-15,0.3114279968156521
GALAXY,0.3779907,6.15e-05,20.63744,0.04998497,0.02343453,18.88823,0.01590819,0.0162119,92957.6148932708,1.5808189203048505e-16,1.6352480965442242
GALAXY,0.09842864,3.08e-05,18.46107,0.01057347,0.1309604,17.50508,0.007178692,0.09059782,28062.3159281561,1.1733568827873784e-15,0.6002188802189572
GALAXY,0.3487422,7.47e-05,20.16726,0.03786052,0.17739520000000006,18.32976,0.01212167,0.1227212,87106.23135542669,2.437553324493239e-16,1.3168843978622593
GALAXY,0.1546894,2.46e-05,17.89572,0.008900884,0.04256544,17.06995,0.006686292,0.02944658,42824.661165608915,1.975013757650039e-15,0.4626362427968272
GALAXY,0.09220442,8.13e-06,17.82314,0.007535590999999999,0.1198748,17.31174,0.006352848,0.08292883,26372.76424203191,2.1115536734401994e-15,0.4474285084876727
GALAXY,0.4545672000000001,0.000120413,22.21772,0.1761367,0.1290653,20.25295,0.04598948,0.08928678,107356.64408940193,3.6878234808823706e-17,3.3856312314674466
GALAXY,0.5816925999999999,0.000169817,22.20149,0.1822394,0.1774091,20.48295,0.06058861,0.1227308,128568.16659289092,3.7433645670472835e-17,3.3604207077702486
GALAXY,0.1080766,2.17e-05,17.639310000000005,0.006601228000000001,0.1167825,16.6523,0.004727312,0.0807896,30658.85877832095,2.501117674342913e-15,0.41110963216528995
GALAXY,0.4707089,0.000131196,21.52204,0.103177,0.07249784,19.875120000000006,0.03615274,0.05015367,110229.44115587733,6.999098817743468e-17,2.457557298402749
GALAXY,0.4670935000000001,0.00010989,21.73338,0.11900339999999998,0.09784241,20.13695,0.04541998,0.06768693,109590.7420932835,5.761109438571751e-17,2.7087670146280196
GALAXY,0.5526864,0.000135116,22.01371,0.1201894,0.07433848,20.47239,0.04340898,0.05142702,124004.15219661179,4.450144623781635e-17,3.082035610041816
GALAXY,0.3839958,0.000127761,21.28043,0.07835018,0.1216276,19.32038,0.02073843,0.08414143,94134.30130141198,8.743516324138022e-17,2.19877936354052
GALAXY,0.1148251,1.85e-05,17.219079999999998,0.005608676999999999,0.05512822,16.27137,0.004016293,0.03813745,32458.96488067999,3.683206981923089e-15,0.3387752327111616
GALAXY,0.4052088,0.000128408,20.57865,0.0603445,0.03309349,18.74138,0.01992921,0.02289392,98225.00582858332,1.6687763074446815e-16,1.5915696624025155
GALAXY,0.6139529,0.000180026,22.65779,0.280342,0.08973774,21.0641,0.1063998,0.06208016,133464.8937324404,2.4589071240058633e-17,4.146232507382694
GALAXY,0.449364,9.38e-05,21.21289,0.07436377,0.1121845,19.52647,0.02931614,0.07760875,106418.88959041428,9.304694642366096e-17,2.131442652706235
GALAXY,0.3202187,1.51e-05,22.31273,0.1037513,0.03088456,21.02212,0.05104198,0.0213658,81203.37573493921,3.3788283168353155e-17,3.537053691036145
GALAXY,0.6065486999999999,0.00013929600000000002,22.37039,0.1387365,0.04157036,20.98178,0.07062715,0.02875818,132357.34786294666,3.204070955872764e-17,3.6322326024898572
GALAXY,0.15279520000000002,3.67e-05,18.3893,0.01027584,0.03101953,17.29007,0.006695773,0.02145916,42342.39627469853,1.2535397936552115e-15,0.5807051161374747
GALAXY,0.3172113,6.74e-05,20.13582,0.03421721,0.09710199,18.4521,0.01343107,0.06717469999999999,80569.45343276978,2.5091702241395873e-16,1.29795504934047
GALAXY,0.2365775,4.52e-05,19.58093,0.02060212,0.1509162,18.088520000000006,0.01097939,0.1044031,62720.2794491414,4.1829832468498745e-16,1.0052675233975832
GALAXY,0.16974879999999998,1.35e-05,18.27542,0.01106227,0.1448394,17.46293,0.008853165999999999,0.1001992,46622.7525659003,1.3921631218778457e-15,0.5510355932159683
GALAXY,0.3903508,0.000105214,21.10787,0.07246789,0.07416064,19.2921,0.02627434,0.05130399,95370.53048256693,1.0249675716110939e-16,2.030811678781953
GALAXY,0.09067729,1.7199999999999998e-05,18.19282,0.007714684,0.08317725,17.33288,0.0060873690000000005,0.05754164,25956.493592540675,1.502208189275226e-15,0.5304685639069804
GALAXY,0.626847,0.000120641,21.46969,0.06550691,0.15469960000000002,20.54125,0.04405257,0.1070205,135370.8618854289,7.344836374809181e-17,2.3990188051501646
GALAXY,0.1147565,2.94e-05,16.90297,0.006080998000000001,0.1211741,16.153760000000002,0.004778418,0.08382772,32440.73292935987,4.9279934872792456e-15,0.2928799571126521
GALAXY,0.602391,0.00017248,22.10509,0.1252645,0.1518171,20.753770000000006,0.05663915,0.1050264,131731.19819585292,4.090930724042051e-17,3.2145016445074126
GALAXY,0.3222284,7.070000000000001e-05,20.51909,0.04011231,0.044974400000000005,18.89019,0.01749786,0.03111308,81625.75614611949,1.762877461025022e-16,1.5485087091927439
GALAXY,0.5419977,0.000266652,21.23844,0.03826511,0.05892788,19.924670000000006,0.02121291,0.04076603,122282.66894679893,9.08828892497812e-17,2.1566697769629775
GALAXY,0.635441,0.000142533,22.28443,0.15560629999999998,0.03209399,20.56209,0.05421873,0.02220248,136625.3267074519,3.4680561886714856e-17,3.491255655927889
GALAXY,0.3879291,6.86e-05,20.82325,0.05111995,0.07860605,19.16088,0.01808821,0.0543793,94900.53036405213,1.3321653250271721e-16,1.781335209974274
GALAXY,0.6031734000000001,0.000343094,23.14965,0.24921,0.05315436,21.46729,0.08682779,0.03677194,131849.2608876435,1.5631408947365168e-17,5.200267118120989
GALAXY,0.3884851,0.000113657,20.75591,0.048619800000000005,0.2411112,18.99022,0.01651372,0.16679960000000002,95008.55654208147,1.4174055377576823e-16,1.7269416039886238
GALAXY,0.5325484,0.00013613200000000002,22.17777,0.1869233,0.05850524,20.19645,0.0564736,0.04047365,120742.64981543683,3.826045453974706e-17,3.323913032362215
GALAXY,0.4719473,0.000105891,21.25853,0.08932197,0.1085055,19.51531,0.02978895,0.07506357,110447.59200886228,8.921669382510868e-17,2.1767154121489494
GALAXY,0.6464544,0.000239936,22.78623,0.3246992,0.09635857,20.81532,0.08773512,0.06666042,138214.64127113303,2.1845708041805724e-17,4.3988753159466825
GALAXY,0.1087447,2.61e-05,17.6462,0.006791078000000001,0.09782539,16.719260000000002,0.004955116,0.06767514,30837.65925639688,2.485296024967294e-15,0.41241613916468384
GALAXY,0.5104044,8.93e-05,22.37236,0.1507818,0.0320325,20.6418,0.04885316,0.02215993,117065.79593563022,3.198262641812718e-17,3.6355293263982915
GALAXY,0.1257491,1.49e-05,17.99875,0.007468286,0.08285785,17.286360000000002,0.005968964,0.05732068,35344.87827229357,1.796214199233369e-15,0.48511605987381134
GALAXY,0.5198835999999999,0.000123428,22.44906,0.14905970000000002,0.04026066,20.59799,0.04609334,0.02785214,118651.50483456627,2.9801225602798033e-17,3.7662370577370625
GALAXY,0.5267339,0.000172636,21.33994,0.07176401,0.06766888,20.43225,0.04840583,0.04681302,119786.4645303549,8.277174768346362e-17,2.2598710167229257
GALAXY,0.3480621,7.54e-05,20.50671,0.02883382,0.01950016,19.09653,0.01369878,0.01349012,86967.76862777711,1.7830935342792047e-16,1.53970546863641
GALAXY,0.5320222,8.65e-05,22.4327,0.15300650000000002,0.04561506,20.46373,0.04335438,0.03155629,120656.38639345788,3.025367416571643e-17,3.7379686294140155
GALAXY,0.1343085,3.510000000000001e-05,18.66707,0.009608177,0.09356945,17.58509,0.006327485,0.06473091,37582.061912178215,9.705772898235146e-16,0.6599479015695544
GALAXY,0.690411,0.000225109,22.59105,0.2296944,0.17011220000000002,21.17187,0.1018037,0.1176829,144358.47963588263,2.6147978861550754e-17,4.02073686887336
GALAXY,0.1110095,1.06e-05,18.04312,0.01002712,0.08572355,17.27796,0.00749006,0.05930315,31442.81111260768,1.7242892681983227e-15,0.49513046878096456
GALAXY,0.4684253,0.000167788,21.36797,0.17734520000000004,0.09592457,19.61234,0.05412841,0.06636018,109826.33584386935,8.066221157467285e-17,2.2892311788588677
GALAXY,0.35687670000000005,7.859999999999999e-05,21.01706,0.06223701,0.05498892,19.25144,0.02106116,0.03804108,88753.81751751836,1.114382094044611e-16,1.9476353670182207
GALAXY,0.2472497,4.33e-05,19.13984,0.01847867,0.07143962,17.761689999999994,0.009157522,0.0494216,65179.27441064165,6.279457496640282e-16,0.8204717877909091
GALAXY,0.4005605,0.000128744,20.70797,0.07385931,0.06520738,18.80061,0.0212093,0.04511017,97337.35011137424,1.4813924441616445e-16,1.6892333706233815
GALAXY,0.2887417,5.4899999999999986e-05,19.94011,0.02935674,0.08963729,18.37542,0.01299684,0.06201066,74457.03842754797,3.0047899996918185e-16,1.1860900216326493
GALAXY,0.1799588,2.92e-05,18.6108,0.01121827,0.04913108,17.350270000000002,0.006398169,0.03398866,49161.591541641625,1.0222052925117153e-15,0.6430661539663408
GALAXY,0.08494999,2.23e-05,17.693720000000006,0.006248208000000001,0.1028909,16.78223,0.004622319000000001,0.07117944,24389.225656913783,2.3788667997618675e-15,0.4215408357995284
GALAXY,0.08008341,1.8e-05,18.00781,0.008347387,0.05697805,17.149379999999994,0.006247125,0.03941715,23049.91064607211,1.7812879302759346e-15,0.4871443302579009
GALAXY,0.24513160000000006,4.61e-05,18.83526,0.02330665,0.08384058,17.445320000000002,0.01120973,0.05800053,64693.63590766429,8.31293003279955e-16,0.7130954284823254
GALAXY,0.6230026,0.000167473,22.48212,0.1652722,0.07584904,20.78047,0.05516856,0.05247201,134805.60046802965,2.890747276873094e-17,3.8240155733598638
GALAXY,0.4782819,8.740000000000001e-05,21.76136,0.0876982,0.147488,19.98442,0.03007344,0.1020315,111558.49408088306,5.614539288345763e-17,2.7438960359894407
GALAXY,0.1151998,2.71e-05,17.72201,0.008646834,0.1284555,16.79214,0.006132243000000001,0.08886494,32558.52552133241,2.3176834799633168e-15,0.4270686107746785
GALAXY,0.0752276,1.5399999999999998e-05,17.32583,0.005689419,0.09416832,16.51248,0.004501608,0.06514521,21706.602128987528,3.3383058630907444e-15,0.35584564268549174
GALAXY,0.1934188,3.13e-05,18.74502,0.01337453,0.08126091,17.47533,0.007092027,0.05621592,52464.29309839353,9.033376785687511e-16,0.6840685941836859
GALAXY,0.09060509,1.02e-05,17.64395,0.00609561,0.1611001,16.98911,0.0050900170000000005,0.1114483,25936.796115618068,2.4904517102749257e-15,0.411989030015941
GALAXY,0.09499781,2.52e-05,18.35458,0.007418159,0.05654547,17.456570000000006,0.0055025180000000005,0.03911789,27132.4274394266,1.2942736967944702e-15,0.571493969856506
GALAXY,0.1354225,3.2200000000000003e-05,18.71006,0.01112241,0.08924896,17.66052,0.007237921,0.06174202,37871.68203727866,9.328979209332534e-16,0.6731434934263344
GALAXY,0.3824342,7.69e-05,20.84697,0.05509029,0.08509497,19.18284,0.01914721,0.05886831,93829.10822797919,1.30337721680103e-16,1.8009002247642074
GALAXY,0.5002466,9.98e-05,21.96264,0.1270293,0.06363354,20.24771,0.04072231,0.04402139,115346.78050112094,4.6644680773769824e-17,3.0103961665392296
GALAXY,0.4709920999999999,0.000177918,21.81418,0.1231361,0.08725312,20.13207,0.03754752,0.06036131,110279.35648390757,5.347935062724599e-17,2.8114583382623612
GALAXY,0.31440949999999995,6.39e-05,19.68944,0.0256864,0.08916876,17.98657,0.009577881,0.06168653,79976.86336483886,3.785141550784209e-16,1.0567777292163625
GALAXY,0.12603599999999998,2.52e-05,17.5778,0.006996694,0.08140302,16.53937,0.004589823,0.05631424,35420.207281590665,2.646903603543502e-15,0.39962776328048655
GALAXY,0.3591344,6.91e-05,19.61726,0.04262513,0.1027513,18.12544,0.01778656,0.07108288,89208.31838250005,4.045331583509869e-16,1.0222277167738911
GALAXY,0.07625253,2.58e-05,18.00935,0.007550517,0.07032896,17.16781,0.00587523,0.04865324,21990.71748589989,1.778763155966282e-15,0.487489933705824
GALAXY,0.5840495,0.000108021,21.692870000000006,0.06753818,0.2215264,20.42593,0.03594199,0.1532509,128932.22608485764,5.980123116958343e-17,2.6587019388774267
GALAXY,0.5123217999999999,0.00012270100000000002,22.7603,0.1545619,0.1297415,20.83171,0.04404952,0.0897546,117387.97570173444,2.2373716212538592e-17,4.346659816827986
GALAXY,0.2660962,1.94e-05,20.78713,0.05728597,0.6276758000000001,19.77084,0.03412101,0.4342232,69448.6197436577,1.3772288929204277e-16,1.7519497776131516
GALAXY,0.09832282,2.75e-05,18.55082,0.009283828,0.1241373,17.547060000000002,0.006124005,0.08587763,28033.686058586412,1.0802645517455432e-15,0.6255465774460528
GALAXY,0.3957054,8.859999999999999e-05,21.21625,0.08987796,0.3841882,19.53566,0.029627800000000006,0.2657796,96405.00037271473,9.275944152030464e-17,2.1347432660974777
GALAXY,0.1626899,5.11e-05,19.19839,0.02178174,0.2217864,18.06813,0.012426,0.1534308,44850.401336344345,5.949796682619647e-16,0.8428953389507386
GALAXY,0.6750361,0.000211038,22.76978,0.2267047,0.1071345,21.4341,0.1030094,0.07411516,142245.17921805923,2.2179212667093948e-17,4.365677517995122
GALAXY,0.02100318,9.62e-06,21.43439,0.05657372,0.16264820000000002,21.5598,0.08136299,0.1125193,6230.484981075138,7.587559770159385e-17,2.3603350323352688
GALAXY,0.04441675,1.58e-05,15.91064,0.00354344,0.03889152,15.07435,0.002965664,0.02690498,13020.363269586534,1.2291421878054455e-14,0.1854486397991605
GALAXY,0.7216887,0.000170795,22.18971,0.1071111,0.0528452,20.79899,0.05313014,0.03655807,148542.999325943,3.7842003818785644e-17,3.3422401518163114
GALAXY,0.4477448000000001,0.000187478,20.62945,0.05484153,0.03669116,19.08361,0.02227055,0.02538277,106125.89043475606,1.592495175129163e-16,1.6292422067202295
GALAXY,0.2126065,1.8e-05,20.42512,0.04844677,0.3271804,19.73813,0.03884864,0.2263419,57086.260229003194,1.9222511314440355e-16,1.4829265893109365
GALAXY,0.4818277,0.000113032,22.03234,0.1253813,0.1230859,20.5304,0.05759662,0.08515023,112176.70776049986,4.374436586391254e-17,3.108591479401785
GALAXY,0.4494341,9.95e-05,21.21517,0.09321516,0.08141365,19.48396,0.03142586,0.05632158,106431.5617621311,9.285175679761336e-17,2.1336817976317586
GALAXY,0.32184050000000003,1.16e-05,21.68415,0.06397735,0.06304363,21.21998,0.06727694,0.04361329,81544.30805953774,6.028345365531824e-17,2.648046775495821
GALAXY,0.5704784,0.000111287,21.96844,0.15298929999999994,0.210805,20.19552,0.04895888,0.1458339,126822.08527055886,4.6396169374224234e-17,3.0184476788129047
GALAXY,0.1354712,2.95e-05,18.90883,0.01226607,0.1706272,17.73862,0.00710262,0.1180391,37884.33505117061,7.768302435934633e-16,0.7376692027118283
GALAXY,0.14872839999999998,1.44e-05,18.3117,0.009218787,0.1057872,17.4186,0.006752734,0.07318307,41303.547179861125,1.3464124697947383e-15,0.5603193908719821
GALAXY,0.06914496,1.2e-05,18.169220000000006,0.01104726,0.1630563,17.52618,0.008652396,0.1128016,20014.078632369263,1.535218252627378e-15,0.5247345402944842
GALAXY,0.5587333999999999,0.000170397,22.62589,0.2071633,0.1482499,20.58026,0.05306675,0.1025586,124968.51129443893,2.5322240265913386e-17,4.085767525801442
GALAXY,0.5084721,0.000286048,22.29883,0.1681364,0.06131747,20.52803,0.05243932,0.04241914,116740.3747682899,3.4223634193407945e-17,3.5144846618396133
GALAXY,0.29153379999999995,0.000100383,19.78874,0.044980800000000015,0.05591814,18.20523,0.01705176,0.03868391,75065.49696581415,3.4543164851807654e-16,1.106225466765053
GALAXY,0.6081111,0.000220093,21.48254,0.163442,0.04528201,20.08801,0.07342872,0.03132588,132591.85761943634,7.258420512566618e-17,2.4132574316501043
GALAXY,0.4157982,0.000138131,20.49778,0.05348086,0.03454878,18.83363,0.0202319,0.02390069,100229.13610761445,1.7978196594712349e-16,1.533386559628781
GALAXY,0.5145085,0.000124156,22.06567,0.1250463,0.06899232,20.15298,0.04069625,0.04772857,117754.51791494746,4.242190091082854e-17,3.156673411797716
GALAXY,0.6671739000000001,0.000189009,24.5383,0.8544446,0.04697398,21.72437,0.13036,0.03249638,141149.81648306607,4.35048950389901e-18,9.857247298784774
GALAXY,0.3128696,8.23e-05,21.02165,0.07737858,0.07274621,19.31214,0.0258324,0.05032549,79650.3434572104,1.1096809364056136e-16,1.9517565804161223
GALAXY,0.17325279999999998,2.85e-05,17.65372,0.0075238419999999985,0.03695583,16.43144,0.004719515,0.02556587,47497.34669092703,2.4681419021990057e-15,0.41384684844511116
GALAXY,0.4171377000000001,0.0001304,22.40028,0.1611136,0.09990995,20.5015,0.05094395,0.06911724,100480.87020270685,3.11706691283219e-17,3.6825754388305807
GALAXY,0.1081474,2.88e-05,18.19449,0.0071997469999999985,0.0223348,17.30896,0.005467309,0.01545111,30677.812804006666,1.4998993786138725e-15,0.530876684790808
GALAXY,0.07240278,7.24e-06,19.21435,0.0132273,0.07159666,18.73231,0.011745,0.04953024,20921.94284306285,5.862976118699136e-16,0.8491133172380256
GALAXY,0.1936331,3.79e-05,19.21484,0.01751595,0.09409604,17.88469,0.009150869,0.06509521,52516.47126952882,5.860330715411435e-16,0.8493049441131575
GALAXY,0.06385989,1.53e-05,15.24414,0.002727485,0.1012319,14.41173,0.002286608,0.07003174,18534.59312964571,2.2709215166466897e-14,0.13643432678803927
GALAXY,0.1706935,1.98e-05,17.75106,0.00742184,0.04729187,16.54515,0.004462157,0.032716300000000004,46858.88702447723,2.2564936993275196e-15,0.432820330456804
GALAXY,0.2198779,3.3e-05,18.63021,0.0125381,0.03011143,17.605520000000006,0.00839164,0.02083095,58811.624379507106,1.004093429535548e-15,0.6488400547630665
GALAXY,0.6230342,0.00016266799999999998,24.31953,0.4590948,0.05258097,21.86425,0.0975844,0.03637527,134810.25714665372,5.3216477599927765e-18,8.912543289146422
GALAXY,0.01328952,6.87e-06,16.19466,0.003544118,0.10633610000000003,15.824929999999998,0.003685023,0.07356281,3957.6267991890954,9.462243614948452e-15,0.211362361361152
GALAXY,0.508433,0.000115594,22.28148,0.150087,0.118601,20.68764,0.05196467,0.08204762,116733.78222940413,3.477491884986363e-17,3.486515917378782
GALAXY,0.4838525,0.00015571200000000002,21.88449,0.1229774,0.07162839,20.31061,0.04826877,0.04955219,112528.57519098776,5.0125893287100396e-17,2.9039802090880418
GALAXY,0.404547,0.00010658,20.82426,0.06343094,0.04825961,19.01469,0.01923207,0.03338578,98098.92268587898,1.3309266619425933e-16,1.7821639412217942
GALAXY,0.504959,0.00015345299999999998,22.52924,0.228198,0.09177101,20.28153,0.04732941,0.06348676,116146.82606801527,2.7679747571296567e-17,3.907901892642451
GALAXY,0.527896,0.00012265,22.16548,0.1212054,0.15798729999999994,20.49142,0.04082715,0.1092949,119978.09419847983,3.869600452836606e-17,3.305153638609283
GALAXY,0.4710371,9.31e-05,22.05974,0.11359489999999997,0.1062104,20.22676,0.03570786,0.07347583,110287.28640926791,4.265423184485564e-17,3.148064719897644
GALAXY,0.7535052,0.000279674,23.6827,0.5744628,0.09123643,22.11173,0.1976482,0.06311694,152647.12882283388,9.567051795225829e-18,6.647152649058357
GALAXY,0.4937576,8.51e-05,21.36709,0.07312758,0.03875981,19.86573,0.03169524,0.02681385,114237.81049745678,8.07276156016905e-17,2.288303644488236
GALAXY,0.5883893,0.000201376,21.87692,0.1230283,0.03854358,20.66469,0.06143432,0.02666427,129599.94505064431,5.047660362226329e-17,2.8938742290500015
GALAXY,0.09468309,1.84e-05,18.05297,0.00749522,0.146256,17.11404,0.005463602,0.1011792,27046.95353276337,1.7087169408297902e-15,0.4973815280998299
GALAXY,0.1817686,3.04e-05,18.4682,0.01440292,0.07906236,17.54089,0.009627069,0.05469497,49608.58741745372,1.1656767254803534e-15,0.6021929298236262
GALAXY,0.6881275,0.000225321,23.69196,0.4516662,0.07703558,21.54767,0.1039103,0.05329286,144046.99217780944,9.485803527888861e-18,6.675559209582972
GALAXY,0.5639036999999999,0.00014502,22.00648,0.17028610000000002,0.08035242,20.45443,0.06740217,0.05558743,125787.6336326115,4.479877361850188e-17,3.0717909197310806
GALAXY,0.03679995,1.25e-05,16.02338,0.003040565,0.1639847,15.190879999999998,0.002682166,0.1134439,10829.485033579165,1.1079141910663555e-14,0.1953312153612202
GALAXY,0.07841718,1.4499999999999997e-05,17.73358,0.006332806999999999,0.1254286,16.87228,0.004999310999999999,0.08677091,22589.74962711509,2.293116531255969e-15,0.42935018293691113
GALAXY,0.1760487,3.05e-05,17.54915,0.006877164,0.1478055,16.27275,0.004268185,0.1022512,48192.73707649528,2.7176787915268405e-15,0.39438977993813695
GALAXY,0.5097433,0.000167574,21.96609,0.1120051,0.06296974,20.12535,0.03590165,0.04356218,116954.54265583989,4.649669939036318e-17,3.01518283642651
GALAXY,0.4551479000000001,9.990000000000003e-05,21.44966,0.06751024,0.07297111,19.82701,0.02597754,0.05048107,107460.9449626336,7.48159379926754e-17,2.376991628961466
GALAXY,0.1036597,2.15e-05,17.38324,0.0061688,0.1148725,16.41509,0.004208865,0.07946827,29473.514206231608,3.1663733762115562e-15,0.3653790584143313
GALAXY,0.02584167,1.3e-05,17.710739999999994,0.01078086,0.09174511,17.27722,0.01031381,0.06346884,7647.070849569728,2.3418664518500474e-15,0.42485785514245183
GALAXY,0.3384091,6.579999999999999e-05,20.50062,0.04295423,0.1122272,18.8737,0.01636387,0.07763825,84990.55346352386,1.7931231817220645e-16,1.5353933393678796
GALAXY,0.1367448,8.52e-06,18.53721,0.008874268000000001,0.1218614,17.839579999999994,0.0072057890000000015,0.08430316,38214.99474343863,1.0938911914736078e-15,0.6216381399354957
GALAXY,0.51537,8.48e-05,21.38263,0.06230975,0.02615311,20.20277,0.03656313,0.0180926,117898.66623500908,7.958040136800938e-17,2.304738476823729
GALAXY,0.5611595,0.000107322,22.32603,0.154974,0.02559541,20.46912,0.04926757,0.01770679,125353.49478170444,3.337690981059911e-17,3.5587841878975435
GALAXY,0.5175707,0.00017774599999999995,22.60878,0.1767332,0.1878802,20.85315,0.05416195,0.1299746,118266.22884478234,2.5724451603768224e-17,4.053700441784448
GALAXY,0.1177913,3.08e-05,17.57827,0.007453919,0.08467169,16.54614,0.005148643,0.05857548,33245.99280770216,2.645758044003085e-15,0.3997142692734209
GALAXY,0.3187395,5.09e-05,20.59369,0.0376387,0.1465766,18.8721,0.01424863,0.101401,80891.85702807659,1.6458192028029638e-16,1.6026314175466563
GALAXY,0.5842102,0.000161437,22.20072,0.13094160000000002,0.05509699,20.51502,0.04565644,0.03811584,128957.0119982989,3.7460202886083235e-17,3.3592293202019206
GALAXY,0.2169044,1.09e-05,19.60382,0.02067541,0.4496871,18.85039,0.01578993,0.3110914,58107.797961051285,4.095718739578316e-16,1.0159203323893815
GALAXY,0.07963812,8.72e-06,17.80269,0.007761538,0.09920537,17.21836,0.007375191,0.06862982,22927.015512111117,2.151702008248828e-15,0.443234597063385
GALAXY,0.2323653,1.36e-05,19.64576,0.02244044,0.222798,18.65128,0.01436401,0.1541306,61741.420800674845,3.9405253451912834e-16,1.0357326149412032
GALAXY,0.394129,4.57e-05,22.52114,0.2057874,0.2088603,21.03493,0.1024126,0.1444886,96101.128247223,2.788702109532226e-17,3.8933518385695893
GALAXY,0.6693594,0.000144226,22.69125,0.261241,0.2603937,20.86551,0.09016347,0.1801392,141455.3074222154,2.3842847729578422e-17,4.210616153818764
GALAXY,0.4623517,0.000156668,21.90569,0.1262984,0.1034215,20.1731,0.04800631,0.0715465,108748.91148108106,4.9156632673547984e-17,2.932470502529088
GALAXY,0.4592054,0.000231852,22.031370000000006,0.117417,0.1198399,20.78605,0.07388334,0.08290467,108187.73120177517,4.378346467520902e-17,3.1072031770015363
GALAXY,0.1136893,7.45e-06,18.3495,0.008974446,0.1078531,17.86971,0.009869877,0.07461226,32156.925371654008,1.3003436020693311e-15,0.5701585643953254
GALAXY,0.16047750000000002,3.03e-05,18.31739,0.009967878,0.0961561,17.1506,0.0059126280000000005,0.06652034,44292.02554551867,1.3393748051434004e-15,0.5617895445246726
GALAXY,0.1075532,7.65e-06,18.37663,0.010225,0.13875710000000002,17.869120000000006,0.01233265,0.09599154,30518.69293973552,1.2682536626278548e-15,0.5773267122544767
GALAXY,0.32698190000000005,2.31e-05,20.50006,0.04704745,0.1071224,19.32271,0.02547242,0.07410676,82620.86529061849,1.7940482756642183e-16,1.5349974285534091
GALAXY,0.14205220000000002,1.87e-05,21.81675,0.05897707,0.1178597,21.45955,0.05910971,0.08153476,39587.93590049758,5.335291163377186e-17,2.8147877498393283
GALAXY,0.009187676,5.24e-06,18.2162,0.02340095,0.1072215,17.94549,0.04032422,0.07417535,2741.743251635041,1.470205777939457e-15,0.5362109176318666
GALAXY,0.5834451,0.000218084,23.13003,0.337212,0.3359537,21.19461,0.09054846,0.2324112,128838.96324939838,1.5916446918023605e-17,5.153492546693396
GALAXY,0.5662232,9.97e-05,22.33045,0.1536901,0.2888833,21.14587,0.0849318,0.1998481,126153.49293441577,3.324130959673848e-17,3.566035417903192
GALAXY,0.828608,0.000103223,22.27969,0.1016642,0.13773210000000002,21.12364,0.06393561,0.09528247,161760.33871952162,3.4832297838011795e-17,3.4836430777700107
GALAXY,0.1581717,1.53e-05,21.34986,0.04236213,0.06592295,20.88265,0.04258755,0.04560519,43708.60755911811,8.201893489519812e-17,2.270218467912414
GALAXY,0.35118590000000005,7.15e-05,20.63846,0.04625206,0.09204195,18.80316,0.014525,0.0636742,87602.83841572233,1.5793345098893307e-16,1.63601639774579
GALAXY,0.3164678,7.159999999999999e-05,20.57495,0.04347757,0.107686,18.87672,0.01604282,0.07449665,80412.38951542781,1.6744729076272124e-16,1.5888600753198245
GALAXY,0.282602,0.00011401,20.88929,0.0478316,0.06723811,20.05653,0.03408553,0.04651502,73112.10768641272,1.2535513392365416e-16,1.8363423592184707
GALAXY,0.4610621,0.00017737799999999998,21.93231,0.1202882,0.1230422,20.28649,0.04541479,0.08512004,108519.14780863645,4.7966068707037093e-17,2.9686408022264645
GALAXY,0.03427279,7.89e-06,18.14126,0.01077868,0.08768076,17.80817,0.01317517,0.06065715,10098.75215401417,1.575266818867143e-15,0.5180213415630798
GALAXY,0.6161251,0.000229546,22.64939,0.1827653,0.07310475,21.15395,0.07358062,0.05057352,133788.00053227204,2.4780046968143762e-17,4.130224440376646
GALAXY,0.3956563,9.84e-05,21.87174,0.1090518,0.06679460000000001,20.01501,0.03609013,0.04620819,96395.54419913997,5.071800068248141e-17,2.8869791825505056
GALAXY,0.7064499,0.000230842,22.93939,0.28462800000000005,0.04769344,21.30445,0.1031201,0.0329941,146523.20422369728,1.8971519877912445e-17,4.720344030725676
GALAXY,0.7780363,0.00016895099999999998,21.89997,0.1466865,0.05009854,20.68047,0.07692935,0.03465794,155710.41089721283,4.941628865786238e-17,2.9247560787755216
GALAXY,0.07753751,1.64e-05,18.25595,0.01001013,0.06850909,17.61219,0.008434533000000001,0.04739427,22346.481836014387,1.417353319569784e-15,0.5461169452241015
GALAXY,0.4494982,0.000114747,22.15826,0.1180203,0.05982695,20.27293,0.03538731,0.04138801,106443.14837989918,3.8954185245629224e-17,3.294182473922134
GALAXY,0.5275622,0.000104358,22.18407,0.1786549,0.04688914,20.20927,0.04282303,0.03243769,119923.07761720331,3.8039090554968844e-17,3.3335705617508435
GALAXY,0.06920858,1.67e-05,17.62874,0.006187479,0.04830173,16.91793,0.005080313,0.03341491,20031.83782460579,2.5255857890367295e-15,0.4091133508002946
GALAXY,0.5768088,0.000163898,22.61982,0.1726723,0.03162294,20.75577,0.05164178,0.0218766,127810.57293888666,2.5464205192403643e-17,4.074362371398905
GALAXY,0.3026736,7.36e-05,20.08806,0.02887161,0.04842209,18.5242,0.01236112,0.03349818,77473.53311072198,2.6220086808540627e-16,1.2697190990623797
GALAXY,0.5811111,0.00016059,20.93228,0.05988587,0.05843765,19.90544,0.03650022,0.0404269,128478.1898699678,1.2048864633640042e-16,1.873059839831605
GALAXY,0.5671529000000001,0.000210533,22.13835,0.14422870000000002,0.06340520000000001,20.76216,0.06421242,0.04386342,126299.8564413877,3.9675108692251867e-17,3.264116510972756
GALAXY,0.8485049000000001,0.000101975,22.21163,0.1109129,0.03214801,21.11275,0.06307175,0.02223984,164046.7168224911,3.70856696328174e-17,3.376149366381528
GALAXY,0.3760045,1.8e-05,20.88405,0.03659014,0.1642939,20.21044,0.02845857,0.1136578,92566.59115425694,1.2596158743326443e-16,1.8319164069192673
GALAXY,0.1265014,2.78e-05,18.57993,0.01013888,0.14479260000000002,17.58275,0.00716611,0.1001669,35542.35313483238,1.0516860788367824e-15,0.6339888971411735
GALAXY,0.234602,5.95e-06,20.0906,0.02859478,0.100434,19.59978,0.026864,0.06947977,62261.788347077665,2.6158818538071513e-16,1.2712051752594793
GALAXY,0.4805413,0.000123946,20.91339,0.08429952,0.09202254,19.28175,0.03237845,0.06366077,111952.72156573906,1.226032902208076e-16,1.8568364477589872
GALAXY,0.5662507,0.000171242,22.46129,0.2006054,0.1015355,21.14256,0.08993188,0.07024177,126157.82458083906,2.946742081748017e-17,3.7875088149593834
GALAXY,0.14132360000000002,2.8000000000000006e-05,18.19017,0.007920986,0.07892147,17.08793,0.005227625,0.05459751,39399.93531091842,1.5058791673188654e-15,0.5298215907865957
GALAXY,0.34613,7.36e-05,20.63039,0.05192397,0.1112933,18.79374,0.01666288,0.07699222,86573.8063306043,1.591117034068472e-16,1.6299476355321367
GALAXY,0.6746880999999999,0.000290089,22.52323,0.2659326,0.1312807,20.93469,0.09713238,0.09081936,142196.90753360113,2.783339129766485e-17,3.8971009179806133
GALAXY,0.5355418000000001,0.000124374,21.78497,0.1223623,0.0894548,20.12853,0.04122085,0.06188441,121232.361482908,5.4937655945450524e-17,2.773892665762251
GALAXY,0.4219771,0.000145999,20.51097,0.05687384,0.0632171,18.75331,0.0192406,0.0437333,101387.04055805621,1.7761110867161687e-16,1.542729031519747
GALAXY,0.4669154,0.000280049,21.81811,0.1601497,0.04457187,20.30806,0.06167817,0.03083461,109559.20835163718,5.328612327952703e-17,2.8165512124338346
GALAXY,0.06347777,1.3e-05,17.0634,0.004839634000000001,0.05526165,16.42192,0.004211176,0.03822975,18427.30282289,4.251068716657866e-15,0.3153375232862501
GALAXY,0.09396829,6.99e-06,17.82144,0.005670366,0.07385235,17.2507,0.004957436,0.05109071,26852.71525686632,2.1148624448995297e-15,0.4470783632135338
GALAXY,0.1128279,2.58e-05,17.226879999999998,0.00573464,0.07247218,16.21568,0.003934837,0.05013591,31927.606537256783,3.6568414011762226e-15,0.3399943126169641
GALAXY,0.1287786,3.08e-05,18.36447,0.009710848,0.03548846,17.31085,0.0064454740000000005,0.02455076,36139.11271473964,1.282537656328246e-15,0.5741027831788836
GALAXY,0.07200046,1.62e-05,16.36095,0.003875859,0.05267897,15.45642,0.003010441,0.03644307,20809.9972817558,8.11854355954167e-15,0.22818424345491867
GALAXY,0.5920804000000001,0.000161457,22.38781,0.17858329999999994,0.280587,20.98906,0.07732697,0.1941088,130165.18455567719,3.1530737227240866e-17,3.661488313130065
GALAXY,0.5043865,0.000188499,21.805,0.1185379,0.1012873,20.339920000000006,0.05743007,0.07007008,116049.86725671087,5.3933440462165186e-17,2.799597856194055
GALAXY,0.30042529999999995,6.409999999999999e-05,20.81323,0.0486496,0.15325479999999994,19.0682,0.01884651,0.106021,76990.03969465989,1.3445164656954248e-16,1.7731343868809708
GALAXY,0.513372,8.85e-05,21.86624,0.1078729,0.1644764,20.17569,0.03750483,0.113784,117564.13180025002,5.0975574051838853e-17,2.879676168398608
GALAXY,0.5127596999999999,0.000151652,22.10064,0.1095601,0.110619,20.7404,0.05336504,0.07652568,117461.45370678618,4.10773222651424e-17,3.2079209091877754
GALAXY,0.472304,0.000157424,22.12286,0.1082862,0.1275315,20.70345,0.04433437,0.08822568,110510.36753247582,4.024520326450517e-17,3.240915085133069
GALAXY,0.06437480000000001,1.03e-05,17.3552,0.00517014,0.08176326,16.535320000000002,0.004078038,0.05656344,18679.099271232808,3.2492125738401462e-15,0.3606912876817605
GALAXY,0.1581544,3.63e-05,18.01272,0.0102011,0.0933138,17.00157,0.006861475,0.06455405,43704.2246050373,1.7732506397450834e-15,0.4882470773501259
GALAXY,0.4940695,0.00013944,21.92736,0.1413415,0.1296692,20.13375,0.04431494,0.08970457,114291.30862471553,4.8185250956761677e-17,2.96188131690007
GALAXY,0.3574272,1.97e-05,19.98786,0.01848134,0.157408,19.08139,0.01300089,0.1088941,88864.75050485898,2.8755049874651384e-16,1.2124606490389003
GALAXY,0.1152688,1.4800000000000002e-05,17.491310000000002,0.005676281,0.0539099,16.68722,0.004549004000000001,0.03729462,32576.854907539197,2.8663823780061606e-15,0.38402336807617726
GALAXY,0.4529458,0.000202908,22.67953,0.211513,0.03447803,20.55361,0.04587758,0.02385174,107065.04206489932,2.410161391600266e-17,4.187951584258841
GALAXY,0.7608486999999999,0.000121871,19.24032,0.01000896,0.03257029,18.77604,0.009414194,0.02253198,153573.20971127224,5.724402005550322e-16,0.859329364055797
GALAXY,0.5270946999999999,0.000176251,21.52327,0.1287427,0.03228027,19.69097,0.04120776,0.02233134,119845.9883489751,6.991174225228688e-17,2.4589497414913404
GALAXY,0.4953007,0.000172909,22.54821,0.2202189,0.05577249,20.67629,0.05965006,0.03858315,114502.29605120649,2.7200327005430712e-17,3.942190910719272
GALAXY,0.08789199,1.8e-05,17.3521,0.005587101,0.06560447,16.414279999999998,0.004159926,0.04538487,25195.503754098852,3.258503000228301e-15,0.3601767311833313
GALAXY,0.13577920000000002,7.03e-06,18.15326,0.006953728,0.03022653,17.52486,0.005787067,0.02091057,37964.342474264384,1.5579521870210753e-15,0.5208919577888212
GALAXY,0.43259,2.85e-05,21.78372,0.1026078,0.04474778,20.22006,0.03910985,0.03095631,103356.28047526,5.50009416824712e-17,2.77229634428914
GALAXY,0.4811627000000001,0.000148481,22.2408,0.1048312,0.1114005,20.52872,0.04211175,0.07706635,112060.96132432536,3.610257053874037e-17,3.4218081178042112
GALAXY,0.8869368000000001,0.000411513,23.57122,0.3867172,0.04542232,22.3603,0.2433019,0.03142295,168319.83268072916,1.0601568534192507e-17,6.314509955221742
GALAXY,0.8628224,0.000234478,23.28529,0.2368023,0.06080573,21.74523,0.1005274,0.04206512,165660.3496247481,1.3795648651753089e-17,5.535459177071496
GALAXY,0.06738493,1.99e-05,21.47631,0.05325936,0.07804297,21.20448,0.06453372,0.05398976,19522.30034195878,7.30018935578272e-17,2.4063436679470054
GALAXY,0.165549,2.89e-05,18.57952,0.01023664,0.1065431,17.39669,0.006356102,0.07370604,45569.9524798666,1.052083295688138e-15,0.6338692037438396
GALAXY,0.2115847,3.59e-05,18.24652,0.01007784,0.06866159,16.89325,0.005123862,0.04749977,56842.65899672017,1.4297171449589357e-15,0.5437504786711296
GALAXY,0.02775395,8.21e-06,16.51555,0.003824192,0.04458547,15.98563,0.0034863690000000004,0.03084402,8205.00581370963,7.041061297872376e-15,0.24502232259656065
GALAXY,0.4663789,0.000126272,21.80882,0.1007309,0.02918907,20.25878,0.03769548,0.02019286,109464.17754476103,5.374401716485707e-17,2.804527173278144
GALAXY,0.4318872,9.24e-05,21.02966,0.06454858,0.1088001,19.319370000000006,0.02200862,0.07526738,103226.63543507128,1.1015244088784777e-16,1.9589694004939817
GALAXY,0.532263,0.000106425,21.96993,0.0882875,0.02893336,20.32579,0.03430463,0.02001596,120695.8689556653,4.633254169136792e-17,3.0205195588864706
GALAXY,0.2274422,4.41e-05,19.93242,0.02276565,0.07347733,18.72242,0.01255078,0.05083128,60591.355939100096,3.0261477277667904e-16,1.1818970598557488
GALAXY,0.5953519,0.000197646,23.00053,0.196607,0.0665834,21.17068,0.05793727,0.04606209,130664.12561343506,1.7932718253562415e-17,4.855138823819148
GALAXY,0.1517914,2.79e-05,18.98256,0.01063341,0.07939392,17.842879999999994,0.006826471999999999,0.05492435,42086.41563097861,7.258286808751153e-16,0.7631460352366116
GALAXY,0.1379196,4.6e-05,17.872239999999994,0.01099402,0.06310986,16.79554,0.007300918000000002,0.04365911,38519.59145040468,2.0181903497428516e-15,0.45766073346695296
GALAXY,0.3254251,0.000106998,21.32084,0.08364975,0.1185933,19.98134,0.03894128,0.08204231,82295.56956675461,8.424073069231008e-17,2.240080638061925
GALAXY,0.458034,9.62e-05,21.2111,0.07460095,0.04632968,19.56038,0.02852087,0.03205066,107978.26519723832,9.320047488074068e-17,2.12968637422604
GALAXY,0.406699,0.000113063,21.65926,0.08729216,0.0665535,19.99792,0.03092213,0.0460414,98508.55239585054,6.168138618721902e-17,2.617867444330063
GALAXY,0.08825503,1.06e-05,18.00733,0.01017465,0.0700312,17.49268,0.009357148,0.04844726,25294.821381981215,1.7820756052478494e-15,0.4870366597963125
GALAXY,0.1321704,2.62e-05,18.63168,0.01002944,0.07942563,17.61559,0.00645179,0.05494629,37025.19661208924,1.00273488721098e-15,0.6492794422448864
GALAXY,0.5636559,0.000202744,21.62864,0.1246256,0.08050882,20.24018,0.05569764,0.05569563,125748.48861732079,6.34456900458541e-17,2.581211862187264
GALAXY,0.1682354,2.65e-05,18.5276,0.009098312,0.06225880000000001,17.40243,0.0056943440000000005,0.04307035,46243.94608097576,1.1036163482358523e-15,0.6188931163599569
GALAXY,0.5812783,0.000186215,22.46988,0.1626523,0.05864465,20.98433,0.06751952,0.0405701,128504.06737396092,2.923520376849141e-17,3.8025212722074624
GALAXY,0.4720846,0.000117336,21.5848,0.1030617,0.06285904,20.10999,0.04338955,0.04348559,110471.75852153235,6.605993244060987e-17,2.529622131845611
GALAXY,0.2555067,3.510000000000001e-05,19.46729,0.01883867,0.06735349,18.01165,0.00845883,0.04659484,67061.17785750968,4.644533772778865e-16,0.9540115931393102
GALAXY,0.4499386,8.36e-05,20.97092,0.063416,0.08258851,19.20355,0.02137345,0.05713435,106522.7307223143,1.162760112375429e-16,1.9066880833861275
GALAXY,0.03075084,9.82e-06,17.10545,0.004494977,0.1211343,16.5603,0.003955803,0.08380014,9077.190900776664,4.089574509777326e-15,0.3215034608462115
GALAXY,0.1973166,2.9100000000000006e-05,18.63139,0.01120785,0.09762112,17.276870000000002,0.006272085,0.06753384,53411.36144988808,1.0030027533416965e-15,0.649192736807205
GALAXY,0.1458772,1.6100000000000002e-05,17.647560000000006,0.00589553,0.1192035,16.77944,0.004624967,0.08246442,40572.415627059396,2.48218487646132e-15,0.41267451759297885
GALAXY,0.4493971,0.000122805,20.81671,0.08730846,0.2341167,19.18933,0.03373509,0.1619609,106424.87329995504,1.340213922540079e-16,1.7759782888836235
GALAXY,0.6340854,0.000146249,22.08571,0.15858989999999998,0.05299854,20.64413,0.06535231,0.03666414,136428.28634254396,4.164607963166631e-17,3.1859404379095206
GALAXY,0.8318636999999999,0.000337001,22.37298,0.09885334,0.02076396,21.62916,0.08319289,0.01436441,162137.99888125947,3.1964368237440574e-17,3.6365674929385574
GALAXY,0.5470874,0.000196611,22.39055,0.1487061,0.05801645,20.7389,0.053474400000000005,0.04013551,123105.0993279524,3.145126553088745e-17,3.6661113560804734
GALAXY,0.5625638000000001,0.00017497299999999998,22.78691,0.2303698,0.06142931,21.02629,0.07630476,0.04249651,125575.83337123774,2.1832030289804656e-17,4.400253046377712
GALAXY,0.06757189,7.17e-06,17.92482,0.009248555,0.07879007,17.61649,0.009559852,0.05450661,19574.583256464677,1.922782342446178e-15,0.4688777801706433
GALAXY,0.06873693,1e-05,17.78755,0.008915171999999999,0.1543693,17.18061,0.007521425999999999,0.106792,19900.150699491023,2.181916493447607e-15,0.4401550128018297
GALAXY,0.3629321,8.73e-05,20.942870000000006,0.06146036,0.1389737,19.09341,0.02031939,0.09614133,89970.12730047085,1.1931914294141236e-16,1.8822168295622066
GALAXY,0.5946334,0.000208557,21.52804,0.1573836,0.2059391,19.85679,0.05607614,0.1424677,130554.71023685759,6.960527044208921e-17,2.464357170207134
GALAXY,0.08214524,7.87e-06,17.40154,0.005550107,0.07591279,16.68964,0.004365763,0.05251611,23618.191359494434,3.113451645850917e-15,0.3684712878610803
GALAXY,0.06904629,9.53e-06,17.769920000000006,0.006130401,0.04574589,17.19533,0.005653841999999999,0.0316468,19986.533045203407,2.2176352958100276e-15,0.43659589926999665
GALAXY,0.1307773,2.3e-05,17.76585,0.009439122,0.04864054,17.01912,0.007723282,0.033649300000000014,36661.65925182865,2.225963943065612e-15,0.4357783521190033
GALAXY,0.1142425,9.21e-06,17.935779999999994,0.006249004,0.05369975,17.32566,0.005521926999999999,0.03714924,32304.08275267723,1.903470389112173e-15,0.47125031366203646
GALAXY,0.6259069,0.000189797,22.97216,0.1750145,0.1812902,21.41127,0.06929292,0.1254157,135232.8690259814,1.840747101110955e-17,4.792119641887433
GALAXY,0.428681,0.000112156,21.296570000000006,0.0703409,0.15292260000000002,19.58225,0.02218996,0.1057912,102633.82474778756,8.614500989132649e-17,2.21518321646294
GALAXY,0.7774433000000001,0.000159319,22.8004,0.1423772,0.13148510000000002,21.12571,0.0513148,0.09096077,155637.37404968825,2.156245098538222e-17,4.4276741534569775
GALAXY,0.07833113,7.34e-06,17.52457,0.005280564000000001,0.03466061,17.060879999999994,0.005071313,0.02397805,22565.96305579932,2.7799060916041275e-15,0.3899506533084704
GALAXY,0.5467739,0.000196817,22.144,0.1561265,0.05316303,20.81414,0.07228667,0.03677794,123054.58404482064,3.946918195282609e-17,3.272620543388535
GALAXY,0.1319374,1.13e-05,17.64724,0.007512453,0.1120117,16.826179999999994,0.0059658490000000005,0.0774892,36964.432766691556,2.4829165608435273e-15,0.41261370810937925
GALAXY,0.5006419,0.00017099099999999998,21.81849,0.07343592,0.05577929,20.20963,0.0281577,0.03858786,115414.06336769466,5.326747677615431e-17,2.8170441420745393
GALAXY,0.2060455,4.58e-05,18.94883,0.01369967,0.0545435,17.64169,0.007699085,0.03773294,55517.15106331315,7.487315352042498e-16,0.7513834971150196
GALAXY,0.5070853,0.000154778,21.98113,0.1187222,0.1008987,20.16303,0.04038419,0.06980123,116506.36449457925,4.5857051290952206e-17,3.036139012608593
GALAXY,0.5993956,0.000185958,22.03087,0.1710021,0.1166086,20.61945,0.0706722,0.08066928,131278.19549812714,4.380363234924762e-17,3.10648779939395
GALAXY,0.3238248,8.77e-05,21.29893,0.06977395,0.1091546,19.51957,0.02558077,0.07551268,81960.56699342994,8.595796498161363e-17,2.2175920309862964
GALAXY,0.334088,5.81e-05,20.18894,0.03049579,0.04980689,18.54669,0.01255246,0.03445618,84098.19864034897,2.3893629503423984e-16,1.3300980362746313
GALAXY,0.6582730999999999,0.000229214,22.03628,0.1828818,0.04202424,20.65657,0.09583712,0.02907218,139897.5901522163,4.3585910748042314e-17,3.114236943085942
GALAXY,0.2563756,0.00012932,22.50459,0.1843159,0.06638649,20.89354,0.08353089,0.04592587,67258.17509377735,2.831536245201562e-17,3.8637912289668264
GALAXY,0.3167398,6.99e-05,20.23377,0.05859885,0.27776009999999995,18.49038,0.01447998,0.1921532,80469.86515921792,2.292715279074306e-16,1.357843295582748
GALAXY,0.2092973,0.000103652,21.64673,0.06800311,0.04222528,20.27415,0.03265811,0.02921125,56296.305550503515,6.23973470558561e-17,2.6028051194686377
GALAXY,0.05278591,6.57e-06,17.06822,0.00418472,0.05125239,16.62716,0.004074787,0.03545617,15407.705978728814,4.232238418351107e-15,0.3160382528875812
GALAXY,0.4665561,0.000103997,21.0874,0.07831419,0.02598372,19.33945,0.02659392,0.01797542,109495.5718201167,1.0444751823108025e-16,2.0117576074228047
GALAXY,0.2668761,4.94e-05,19.72392,0.02851272,0.04321316,18.24155,0.01268185,0.02989466,69623.299425235,3.666824506448346e-16,1.073691839433234
GALAXY,0.4306216,0.000188972,21.77636,0.1033217,0.03354122,20.24827,0.04312101,0.02320366,102992.8999100421,5.537504921365879e-17,2.7629158146746984
GALAXY,0.7473634,0.000202428,21.86128,0.1079796,0.05560156,20.84466,0.07148694,0.0384649,151866.559500688,5.1208979967687514e-17,2.873106021080883
GALAXY,0.3190381,5.03e-05,20.1534,0.02955716,0.044502,18.54103,0.01157001,0.03078628,80954.78537479641,2.468869447072894e-16,1.308505800819366
GALAXY,0.5760238,0.00014552600000000002,22.09139,0.1427115,0.03763032,20.40742,0.0493801,0.02603248,127688.39474543431,4.142877817570414e-17,3.1942849278638756
GALAXY,0.5756252,0.000144327,22.37271,0.1660755,0.04825358,20.81458,0.05916849,0.0333816,127626.31308577336,3.1972318099085784e-17,3.6361153517193237
GALAXY,0.4684818,0.000123775,21.83929,0.1048097,0.01609202,20.18441,0.03737538,0.01113239,109836.32243895892,5.225671739359516e-17,2.844157563970518
GALAXY,0.4994934,0.000194253,21.4473,0.09689564,0.05266596,20.06324,0.04690927,0.03643407,115218.49364883026,7.49787378026746e-17,2.3744096698464734
GALAXY,0.2932035,1.27e-05,21.635,0.05351171,0.02915045,20.98826,0.04647109,0.02016614,75428.41837487016,6.307512577610834e-17,2.5887830253840116
GALAXY,0.02128856,1.18e-05,16.6546,0.005488317,0.07133958,15.92351,0.004647835,0.04935239,6314.231410531982,6.194669278798879e-15,0.2612255500226784
GALAXY,0.12857670000000002,2.34e-05,17.92688,0.0077675919999999985,0.041039,16.931379999999994,0.005156076,0.02839059,36086.26342450969,1.919137648287508e-15,0.46932279919093195
GALAXY,0.6675808000000001,0.000234385,23.7537,0.4662666,0.05594615,21.42435,0.09766766,0.03870329,141206.75220824443,8.961446681897859e-18,6.868084855947491
GALAXY,0.5588023,0.000156037,22.72985,0.1451917,0.05910155,21.29079,0.1097313,0.04088618,124979.45979387985,2.301007982008706e-17,4.2861330895595255
GALAXY,0.2125793,2.92e-05,19.31626,0.01451612,0.03065767,17.94771,0.007876284,0.02120883,57079.77931062152,5.337699559331201e-16,0.8899132073978427
GALAXY,0.4587482,4.9700000000000015e-05,21.19384,0.07346785,0.07708822,19.90318,0.03543849,0.05332927,108106.01060452266,9.46939265397587e-17,2.1128256093848763
GALAXY,0.5756087,0.000128379,22.04879,0.1786937,0.0882665,20.44588,0.06320859,0.06106236,127623.74259600491,4.30865901094305e-17,3.1322300535799608
GALAXY,0.08700898,4.95e-06,17.4488,0.004841605,0.03454748,16.73911,0.004102346,0.02389979,24953.77518311232,2.9808362922560964e-15,0.376578613650508
GALAXY,0.15326510000000002,2.25e-05,18.45521,0.009151914,0.06338556,17.59395,0.006773258000000001,0.04384984,42462.12803921311,1.1797069152921725e-15,0.5986012953179344
GALAXY,0.5311097,0.00016953200000000002,22.64965,0.13739129999999994,0.06581303,20.9973,0.05296126,0.04552915,120506.66743772708,2.4774113629254755e-17,4.1307190000317755
GALAXY,0.06229801,1.57e-05,17.00591,0.004820454,0.08763654,16.15108,0.003656025,0.06062655,18095.78074169159,4.482229867450067e-15,0.3070984696712561
GALAXY,0.3371205,6e-05,20.952070000000006,0.05814411,0.1161003,19.079320000000006,0.01698296,0.08031762,84724.91547143312,1.1831236212475365e-16,1.8902082409616054
GALAXY,0.12104560000000003,1.84e-05,18.29008,0.007150473,0.08335238,17.339879999999994,0.005238889,0.05766279,34106.53232826262,1.3734919715933823e-15,0.5547683193871642
GALAXY,0.3506216,4.96e-05,20.59792,0.05178233,0.03665253,18.85632,0.01829542,0.02535605,87488.28806765589,1.6394196084387325e-16,1.6057563653863645
GALAXY,0.4980142,0.000188842,22.14208,0.114661,0.02253101,20.65271,0.04993239,0.01558685,114966.22077490529,3.953904042616915e-17,3.2697281951587005
GALAXY,0.5579609999999999,0.000137109,22.18028,0.1724329,0.2155538,20.44861,0.05764004,0.1491191,124845.71293231718,3.8172106356474044e-17,3.3277573572419237
GALAXY,0.4677334,0.000104079,21.91898,0.21574570000000004,0.07771271,20.16722,0.06843905,0.053761300000000005,109703.9858096568,4.8558596440237265e-17,2.9504730512692294
GALAXY,0.15927829999999998,2.1e-05,18.1347,0.01082095,0.1141434,17.351210000000002,0.007952028,0.07896391,43988.78895887263,1.5848133656508302e-15,0.5164587648737847
GALAXY,0.09456536,1.3e-05,17.78538,0.008446861,0.0972233,16.869989999999998,0.006227438,0.06725863,27014.972121835486,2.1862817282736274e-15,0.439715375950739
GALAXY,0.1870758,3.43e-05,18.97111,0.0127225,0.1153377,17.67452,0.007091187,0.07979009,50914.14984510673,7.335236574910389e-16,0.7591326178621495
GALAXY,0.4824746,7.709999999999999e-05,21.79609,0.083202,0.14722249999999998,20.27405,0.03452284,0.1018478,112289.21669648567,5.437786162146392e-17,2.7881340629334597
GALAXY,0.4997279000000001,0.000135779,22.72215,0.1536264,0.1947842,21.0371,0.05554258,0.13475079999999998,115258.44647661486,2.3173846460780913e-17,4.270961457931671
GALAXY,0.597324,0.000131457,21.03983,0.07874163,0.09352457,20.16101,0.05960628,0.06469987,130963.969478609,1.0912546949566811e-16,1.9681656699208745
GALAXY,0.5181253,0.000133282,21.66296,0.08428829,0.04393274,20.27459,0.03546671,0.03039246,118358.70822438032,6.147154451452765e-17,2.622331865031128
GALAXY,0.03329585,8.74e-06,17.334020000000002,0.007622354,0.0479464,16.91154,0.007438059,0.03316909,9815.756807654587,3.31321886269606e-15,0.3571902965235685
GALAXY,0.5896751,0.000112371,22.30359,0.1200897,0.07962198,20.63783,0.04104583,0.05508211,129797.12505213096,3.4073922023242736e-17,3.5221970765854826
GALAXY,0.0535435,2e-05,15.94149,0.003336559,0.08029874,15.08143,0.002755883,0.0555503,15622.782926285627,1.1947089721174315e-14,0.1881021035395972
GALAXY,0.0790388,1.64e-05,17.194689999999998,0.004539393,0.1075206,16.24314,0.003561327,0.07438228,22761.517512555594,3.766882948374762e-15,0.33499139570899056
GALAXY,0.4241163,8.759999999999999e-05,20.40774,0.05047426,0.09172991,18.59003,0.01593589,0.06345833,101785.95780526455,1.9532693044670299e-16,1.471104934661964
GALAXY,0.601262,0.00031852,22.10946,0.2030037,0.06859519,20.71225,0.08967391,0.04745384,131560.64319502778,4.074498152363135e-17,3.2209772121888287
GALAXY,0.5650495,0.000288124,23.38911,0.31555720000000004,0.09482884,21.40719,0.0806181,0.06560215,125968.48764224123,1.2537591778855924e-17,5.806543076884682
GALAXY,0.1126851,1.3e-05,18.2086,0.00883662,0.08039206,17.43698,0.006863188,0.05561486,31889.570017786315,1.4805331133956853e-15,0.5343374976392674
GALAXY,0.5667042,0.000135167,22.34446,0.1657586,0.2271065,20.26856,0.04465504,0.1571112,126229.23717195302,3.2815129706187164e-17,3.5891173003655323
GALAXY,0.06718883,1.94e-05,18.43501,0.008032451999999999,0.1181193,17.651239999999994,0.006199144,0.08171441,19467.45032552663,1.2018606748727939e-15,0.5930586604184225
GALAXY,0.3603821,7.44e-05,20.40281,0.04133421,0.1067615,18.73294,0.01512438,0.07385708,89458.9785004281,1.9621586768106009e-16,1.467768801715172
GALAXY,0.64077,0.000168976,22.95604,0.3919916,0.159094,21.16065,0.1158981,0.1100605,137396.89385243412,1.8682806905096303e-17,4.756676895156428
GALAXY,0.3417711,4.7e-05,20.09891,0.04193091,0.1808339,18.30148,0.01397345,0.1251001,85681.72773816565,2.595936860768509e-16,1.2760792661716276
GALAXY,0.08616406,1.76e-05,17.59607,0.006391505,0.1945591,16.73763,0.005169121,0.1345951,24722.259401926465,2.6027360365469082e-15,0.403004274249914
GALAXY,0.07358264,4.73e-06,19.18523,0.01325362,0.06809052,18.86494,0.01383875,0.04710471,21249.96305619751,6.0223518507796e-16,0.8378025006131912
GALAXY,0.09597953,1.12e-05,18.32743,0.009603274,0.1075423,17.69987,0.007932146,0.07439730000000001,27398.863617705912,1.327046452021955e-15,0.56439304365111
GALAXY,0.2837135,5.1e-05,20.24003,0.03863532,0.2630393,18.68549,0.01588361,0.1819694,73356.2980220854,2.279534267542303e-16,1.361763383617603
GALAXY,0.0446393,1.28e-05,17.24565,0.005432654,0.09983537,16.47755,0.0045766570000000005,0.06906564,13084.116795577094,3.594165947534679e-15,0.34294592933348905
GALAXY,0.03849293,5.18e-06,17.87531,0.008208650999999999,0.2888651,17.559639999999998,0.009527262,0.1998356,11317.946342363855,2.0124918264817022e-15,0.4583082259759042
GALAXY,0.5945696,0.000183374,22.51345,0.1852959,0.100509,20.65417,0.05299698,0.06953165,130544.99011832385,2.808523907842124e-17,3.8795884014396855
GALAXY,0.1303931,3.64e-05,18.23878,0.008014028000000001,0.3347417,17.08684,0.005153889,0.2315728,36561.301961040605,1.4399457329502375e-15,0.5418157835911419
GALAXY,0.0214892,1.31e-05,14.65552,0.002544733,0.06534984,13.943029999999998,0.002200853,0.04520872,6373.095793553056,3.905261547186338e-14,0.10403983440470455
GALAXY,0.6185528,0.000136672,22.60766,0.14483310000000002,0.0393922,20.96673,0.06094713,0.02725134,134148.1407740763,2.5751001562303627e-17,4.051610167084002
GALAXY,0.08094856,1.51e-05,17.51509,0.005744199,0.1524305,16.6487,0.00438124,0.1054507,23288.515441439216,2.8042848465642782e-15,0.38825195592095574
GALAXY,0.08627256,3.14e-05,18.43568,0.00895254,0.05301744,17.464879999999994,0.0061283430000000005,0.03667722,24752.00113532034,1.2011192440871353e-15,0.593241674767302
GALAXY,0.5604888000000001,0.000145431,22.47933,0.1566295,0.118683,20.557170000000006,0.04905493,0.08210434,125247.17521635875,2.898185139073036e-17,3.8191054707295
GALAXY,0.6622011999999999,0.00033478,22.12044,0.2443112,0.08085218,20.73234,0.1051871,0.05593316,140451.82397460437,4.033500593695971e-17,3.2373052553390904
GALAXY,0.4690878,0.000107305,21.5905,0.1268752,0.1122793,19.76008,0.0450949,0.07767432,109943.39344370952,6.571403355754729e-17,2.536270978504257
GALAXY,0.10355430000000003,3.69e-05,18.53329,0.01264972,0.183187,17.51829,0.008921907,0.1267279,29445.15899602135,1.0978477729018744e-15,0.6205169544609828
GALAXY,0.12876949999999998,1.89e-05,18.36565,0.01156316,0.1848013,17.45451,0.008670576999999999,0.12784469999999998,36136.730953619735,1.2811445257207462e-15,0.5744148411993938
GALAXY,0.05595616,2.5e-05,16.626479999999994,0.004597581,0.08489215,15.93274,0.004293239,0.05872799,16306.590692040381,6.357203666578264e-15,0.2578645564067847
GALAXY,0.6280505999999999,0.000187855,22.45246,0.225854,0.1765825,20.72695,0.07374094,0.122159,135547.31129755126,2.9708048564978683e-17,3.772138692084508
GALAXY,0.4159241,9.24e-05,20.97493,0.05399787,0.12254289999999997,19.30095,0.01893004,0.08477462,100252.81359483505,1.1584735571361822e-16,1.9102123663534756
GALAXY,0.1008557,2.07e-05,17.91926,0.006429054,0.04017073,16.987270000000002,0.0046280670000000005,0.02778992,28718.064730801925,1.932654067964109e-15,0.4676787661905337
GALAXY,0.6422558,2.7399999999999995e-05,20.46859,0.0244977,0.04976955,20.02237,0.02412155,0.03443034,137611.16262327592,1.846809607607329e-16,1.5129119466382508
GALAXY,0.0862954,1.26e-05,16.10803,0.00297018,0.04840318,15.44413,0.0027109340000000003,0.0334851,24758.26153481241,1.0248165379366505e-14,0.20309613200292284
GALAXY,0.35660990000000004,5.5200000000000014e-05,19.9149,0.03117297,0.03461613,18.00747,0.01004948,0.02394728,88700.0280249095,3.075375322761841e-16,1.172399574853097
GALAXY,0.5496179,0.000136088,21.76462,0.1191907,0.06475115,20.22073,0.04540936,0.04479454,123512.16526449575,5.597706519155936e-17,2.748018500992768
GALAXY,0.3381074,9.38e-05,21.20617,0.07306942,0.07328784,19.42563,0.02315932,0.05070019,84928.39554726396,9.362463232893166e-17,2.124856727671274
GALAXY,0.5190560000000001,0.000197994,21.67848,0.1472348,0.03381351,20.47015,0.07456764,0.02339203,118513.76636329651,6.059909316322322e-17,2.641141396508573
GALAXY,0.1158217,2.9600000000000005e-05,17.66572,0.006468125999999999,0.05906989,16.644270000000002,0.004605894,0.04086428,32723.679232378014,2.4410131847851766e-15,0.41614018152388715
GALAXY,0.4999353,0.00016054899999999998,22.58812,0.2222805,0.05564928,20.38291,0.05102152,0.03849791,115293.7729469413,2.6218637873032036e-17,4.015315287382797
GALAXY,0.0759865,1.52e-05,17.11046,0.004691688,0.05990867,16.205389999999998,0.003584509,0.04144454,21917.00253701899,4.0707471285557864e-15,0.3222460868609852
GALAXY,0.7413004,4.49e-05,22.71686,0.1642297,0.03729212,21.86271,0.130366,0.02579852,151090.568488144,2.3287031208412735e-17,4.26056948238641
GALAXY,0.638552,0.000112528,21.64956,0.1126342,0.03664614,20.33226,0.05252832,0.02535163,137076.34100434452,6.223491850723361e-17,2.606199470886494
GALAXY,0.3070175,7.42e-05,20.00291,0.0274006,0.03848085,18.31465,0.01143673,0.02662087,78404.10392991894,2.835920977972503e-16,1.2208931365335987
GALAXY,0.1510616,5.24e-05,18.56526,0.009592324,0.06110161,17.4957,0.006299117,0.04226981,41900.128693594444,1.0659924412538685e-15,0.6297202399731013
GALAXY,0.4016572,7.36e-05,21.16629,0.05988139,0.04191534,19.3715,0.0205488,0.02899684,97547.2180341814,9.712748094261682e-17,2.086189005482936
GALAXY,0.6126676999999999,0.000192256,21.8771,0.08692718,0.04297568,20.63159,0.04216191,0.02973037,133273.3375132978,5.046823599529706e-17,2.894114121092356
GALAXY,0.4918057,0.000140699,21.1524,0.1022455,0.02584901,19.47292,0.03454825,0.01788222,113902.5666942659,9.837803080448354e-17,2.0728871163813
GALAXY,0.009004036,1.44e-05,16.19623,0.003845465,0.03940095,15.86839,0.0039374990000000006,0.02725739,2687.190085910224,9.448570876833674e-15,0.21151523408313988
GALAXY,0.4888907,0.00022872400000000006,21.86995,0.09557326,0.04489727,20.39397,0.03909958,0.03105972,113400.46854469678,5.080168592622339e-17,2.8846003526980475
GALAXY,0.7958166,0.000322573,23.31355,0.2562256,0.0166252,22.29067,0.16446629999999998,0.01150123,157877.43283323146,1.344120253549159e-17,5.607969620164055
GALAXY,0.5311551999999999,0.00017003599999999998,21.68184,0.1330804,0.07596304,20.00525,0.04618275,0.05255087,120514.13668955563,6.041184858300786e-17,2.6452312962065254
GALAXY,0.5683143,0.00016627400000000006,22.19081,0.1274336,0.04998291,20.72223,0.05260482,0.03457794,126482.47206535174,3.780368408273482e-17,3.343933655035152
GALAXY,0.3764792,8.18e-05,20.35215,0.04747373,0.04029834,18.59267,0.01671232,0.0278782,92660.1285218245,2.0558817209726596e-16,1.433922410409584
GALAXY,0.1759717,1.4800000000000002e-05,18.40424,0.008069993000000001,0.08035077,17.43364,0.005983972,0.05558629,48173.615027490254,1.2364089074978708e-15,0.5847142152290542
GALAXY,0.08679809,7.26e-06,18.24986,0.008730094,0.1128727,17.59146,0.0071584169999999985,0.07808483,24896.009053099293,1.4253257303401588e-15,0.5445874794194302
GALAXY,0.6663020000000001,9.41e-05,22.38408,0.15468310000000002,0.07118677,21.21207,0.08809955,0.04924668,141027.7244656024,3.163924599974995e-17,3.6552042690635633
GALAXY,0.15421279999999998,2.44e-05,18.64134,0.008707009,0.02832331,17.694679999999995,0.00638445,0.01959394,42703.41412501764,9.93852936391623e-16,0.6521742572904478
GALAXY,0.4200512,0.000109883,21.11159,0.06944422,0.05304245,19.38212,0.02275839,0.03669452,101027.0378313445,1.0214617892020538e-16,2.0342936913122815
GALAXY,0.5051247,4.04e-05,22.05255,0.1336133,0.05530954,20.56283,0.0539887,0.03826288,116174.87686769481,4.2937635527407856e-17,3.137658346011611
GALAXY,0.1104961,2.58e-05,18.21035,0.01236988,0.1045168,17.531660000000002,0.008867663000000001,0.07230426,31305.761952984816,1.478148698090001e-15,0.5347682963521615
GALAXY,0.1334813,1.94e-05,17.94291,0.007448673,0.076691,17.094179999999998,0.00563784,0.05305448,37366.77438544516,1.891011305066987e-15,0.4728002007549671
GALAXY,0.4964936,9.88e-05,21.7796,0.1232792,0.03716473,19.88462,0.03800106,0.02571039,114706.42804214449,5.521004806157785e-17,2.7670413697300855
GALAXY,0.09882449,2.67e-05,18.54461,0.008495546999999999,0.1306806,17.46477,0.005743315,0.09040424,28169.385117976493,1.0864609596230372e-15,0.623760188244558
GALAXY,0.5593278,0.000110862,21.58522,0.08826192,0.07093621,20.14349,0.04032879,0.04907334,125062.9347629337,6.603438313516845e-17,2.530111451463256
GALAXY,0.08449118,1.82e-05,17.19211,0.005514156,0.09306666,16.414939999999998,0.004365225,0.06438308,24263.25577509224,3.775844714652894e-15,0.33459361742659266
GALAXY,0.4628115,9.43e-05,21.26321,0.07364706,0.08821393,19.53525,0.02401201,0.06102599,108830.74797903602,8.883295831082245e-17,2.1814117709957954
GALAXY,0.08030836,1.64e-05,18.21924,0.009157245,0.1595251,17.23612,0.006075152,0.1103587,23111.972147333854,1.4660950424664817e-15,0.5369621234721557
GALAXY,0.04025133,2.32e-05,17.74285,0.009308696,0.3404507,16.95112,0.0074992930000000015,0.2355222,11824.376825482192,2.2736212790250123e-15,0.4311869936366518
GALAXY,0.03122854,1.3699999999999998e-05,16.442320000000002,0.003301576,0.02256515,15.76728,0.002915903,0.01561047,9215.967798232941,7.53234364099572e-15,0.23689704980708395
GALAXY,0.1128923,2.63e-05,18.08178,0.007374295,0.0838205,17.04149,0.005013086,0.05798664,31944.758324755898,1.6639724258641187e-15,0.5040245055806899
GALAXY,0.05619319,9.59e-06,16.98177,0.004259674000000001,0.09146412,16.14625,0.003436655,0.06327446,16373.677523365512,4.583002827699757e-15,0.30370339884497577
GALAXY,0.7555261,0.000414732,23.05061,0.225743,0.07320307,21.87197,0.1289367,0.05064154,152902.76315317876,1.7124351164053978e-17,4.968412574676308
GALAXY,0.13834200000000002,1.14e-05,17.68254,0.0073379030000000015,0.1297118,17.00372,0.005566151,0.08973401,38629.012803809565,2.403488924518445e-15,0.4193760764707126
GALAXY,0.3081737,5.02e-05,20.05219,0.03456589,0.07480866,18.59636,0.01495052,0.05175229,78650.99799858459,2.710080087467781e-16,1.24891721598223
GALAXY,0.4781439,0.000130095,21.94423,0.1330055,0.04438996,20.2886,0.04867612,0.03070877,111534.38131792682,4.744234257792351e-17,2.9849815579315506
GALAXY,0.5845005,0.000213788,23.59208,0.3126644,0.206834,21.30683,0.0658375,0.1430868,129001.77519445747,1.0399827246320982e-17,6.375461864006825
GALAXY,0.05998585,1.25e-05,17.82272,0.01125078,0.2679655,17.35211,0.01066238,0.1853773,17444.847429699737,2.11237065282578e-15,0.4473419765103642
GALAXY,0.4806157999999999,0.000118044,21.45523,0.07435178,0.1152142,19.55446,0.02189707,0.07970466,111965.70267930621,7.443310313270824e-17,2.3830966287168343
GALAXY,0.5395714,0.000229656,21.60772,0.1047641,0.1865088,20.23785,0.04813873,0.1290259,121888.87165851213,6.468001697353799e-17,2.556463828622422
GALAXY,0.1498342,5.83e-06,19.12641,0.01457048,0.1256277,18.240920000000006,0.009786556,0.08690863,41586.484623079275,6.357613543858039e-16,0.815413039839983
GALAXY,0.4544783,0.000131169,22.35835,0.1292298,0.1444634,20.76056,0.0480286,0.09993909,107340.67024582755,3.2397994339828856e-17,3.6121489647166536
GALAXY,0.0480548,8.54e-06,18.0763,0.007983111,0.23425370000000004,17.38351,0.007006473,0.1620556,14060.697605247036,1.6723921686543983e-15,0.5027541362209894
GALAXY,0.06152869,6.94e-06,19.36759,0.02554575,0.1950286,19.218770000000006,0.03449183,0.13491989999999998,17879.373216393018,5.091223061814852e-16,0.9111998766461422
GALAXY,0.6234359,0.00017853900000000002,22.8487,0.2995968,0.2430411,21.00086,0.09949991,0.16813470000000005,134869.43795763704,2.0624248138196545e-17,4.527262247363432
GALAXY,0.09204953,2.4100000000000006e-05,18.82193,0.0101906,0.2628323,17.869970000000006,0.0072798340000000015,0.1818262,26330.574933887845,8.415620157743304e-16,0.7087313639098471
GALAXY,0.1441273,9.97e-06,19.30915,0.01483491,0.26638920000000005,18.59338,0.01355968,0.1842868,40122.54350589138,5.372768462424491e-16,0.8870041510644241
GALAXY,0.07859273,2.25e-05,18.17946,0.007039216,0.1902703,17.174429999999994,0.005268143,0.1316281,22638.269671645634,1.5208070783079216e-15,0.5272148716053142
GALAXY,0.3366844,0.00010215,20.924570000000006,0.05609355,0.08034265,19.16878,0.01921457,0.05558068,84634.92499903937,1.2134730211260841e-16,1.8664211719430623
GALAXY,0.12697160000000002,6.58e-06,19.44055,0.01818238,0.08907975,18.95186,0.01644927,0.06162496,35665.69538347146,4.760341672182866e-16,0.9423357168830293
GALAXY,0.3771504000000001,9.48e-05,20.8709,0.053369500000000014,0.07934538,18.98041,0.01753192,0.05489077,92792.29622563983,1.274964596064132e-16,1.8208562127064531
GALAXY,0.26392350000000003,5.39e-05,19.44203,0.0216015,0.07342263,17.9534,0.009719594,0.05079343,68961.1538070929,4.753857126498599e-16,0.9429781990244762
GALAXY,0.1196652,3.87e-05,18.62808,0.009193328,0.04813508,17.60541,0.00646991,0.03329962,33741.88519247129,1.0060651960108865e-15,0.6482039187868402
GALAXY,0.09377316,7.22e-06,18.27871,0.008397103000000001,0.07762605,17.89515,0.008115104,0.05370134,26799.665023234724,1.3879509714824168e-15,0.5518711005686117
GALAXY,0.6079774,0.000172173,23.05301,0.2712364,0.1094251,21.20027,0.07512499,0.07569977,132571.80660068116,1.708653990530878e-17,4.973906902905549
GALAXY,0.4264074000000001,0.000129184,21.59793,0.1045682,0.06261584,20.065,0.04115077,0.04331735,102212.08695861165,6.526586904290938e-17,2.5449640522175487
GALAXY,0.05035176,7.29e-06,16.81135,0.0040613640000000005,0.0661137,16.56721,0.004158284,0.04573715,14715.504125823441,5.361892778926392e-15,0.2807796654763715
GALAXY,0.5107749,0.000137352,22.42462,0.1331045,0.04659862,20.69565,0.04272927,0.03223671,117128.10765452699,3.0479660495137025e-17,3.7240855774901758
GALAXY,0.004926754,1.14e-05,13.49015,0.002595084,0.06959762,13.00858,0.0023917020000000003,0.04814731,1473.3653186389126,1.1423472096511398e-13,0.06083109754319342
GALAXY,0.6023772,0.00015886,22.54099,0.1544314,0.08123205,20.92143,0.05454423,0.05619596,131729.1148296071,2.7381808272596567e-17,3.9291051572449094
GALAXY,0.1211935,2.9100000000000006e-05,17.29605,0.006779214,0.1782894,16.275679999999998,0.004755065,0.1233398,34145.56899077584,3.431137522168304e-15,0.3509988166348914
GALAXY,0.5663305999999999,0.000172859,22.08868,0.13791689999999998,0.1052023,20.81539,0.07426244,0.07277847,126170.40918799514,4.153231365750931e-17,3.1903009432207603
GALAXY,0.4236372000000001,9.34e-05,20.67523,0.05558272,0.05509042,18.80321,0.01621649,0.038111300000000015,101696.70281978282,1.5267436599843423e-16,1.663955288217155
GALAXY,0.4873965,0.000132497,21.64335,0.10720530000000003,0.03838968,20.04594,0.03781834,0.0265578,113142.42786435684,6.259189859944319e-17,2.5987568810625135
GALAXY,0.3187596,7.890000000000001e-05,20.29803,0.04098698,0.04368185,18.55378,0.01442138,0.030218900000000007,80896.09368386956,2.160957000410406e-16,1.3986261768245278
GALAXY,0.1673675,3.28e-05,18.56372,0.01725742,0.1131708,17.7841,0.01230125,0.07829101,46026.41938577248,1.067505509658124e-15,0.6292738030907927
GALAXY,0.7578198,0.000316036,23.55365,0.5736263,0.03543238,21.58434,0.13452039999999998,0.02451196,153192.18607930775,1.0774524802144919e-17,6.263623607316371
GALAXY,0.09669441,8.78e-06,17.20541,0.004930871,0.04013786,16.53443,0.004195465,0.02776719,27592.702601627032,3.7298736923643314e-15,0.33664925078374497
GALAXY,0.658597,0.000249346,22.95977,0.2713926,0.04850766,21.36694,0.1001229,0.03355737,139943.38676464453,1.8618733050608667e-17,4.764854596050497
GALAXY,0.5267678000000001,0.000177838,22.39198,0.1698443,0.03578706,20.52426,0.05530587,0.02475732,119792.0583389344,3.140986900703548e-17,3.6685264297440123
GALAXY,0.138296,1.28e-05,18.52877,0.01464478,0.05889062,17.765610000000006,0.01084306,0.04074026,38617.09913006524,1.1024277209708234e-15,0.6192266688627015
GALAXY,0.4581484,1.3699999999999998e-05,22.02167,0.09210353,0.0546395,21.73946,0.1219131,0.03779935,107998.73459849197,4.4176380014471366e-17,3.093354208356651
GALAXY,0.1157007,1.47e-05,18.41817,0.01161283,0.11031580000000002,17.48919,0.009033625,0.07631595,32691.554878652176,1.2206471043089259e-15,0.5884772150507382
GALAXY,0.4791202,4.15e-05,21.15944,0.07656382,0.06719860000000001,19.56803,0.03297927,0.04648768,111704.88604326297,9.774220342507021e-17,2.079618404592406
GALAXY,0.4354915,0.000127836,20.63621,0.06961273,0.03825303,18.87038,0.02560786,0.02646327,103890.38207303095,1.5826108003781514e-16,1.6343220955480426
GALAXY,0.1755457,4.2700000000000015e-05,18.25036,0.0110438,0.130249,17.0239,0.00634604,0.09010566,48067.79301179961,1.424669494699718e-15,0.5447128897584711
GALAXY,0.6058728,0.000176235,23.0035,0.31127350000000004,0.06388440000000001,20.76038,0.06253649,0.04419493,132255.7649311892,1.788373085356133e-17,4.861783913092034
GALAXY,0.6595988,0.000185782,22.81046,0.2101649,0.07848781,20.95813,0.07188308,0.05429751,140084.92307230577,2.1363584618564286e-17,4.448234276327573
GALAXY,0.08509845,2.7600000000000007e-05,17.84775,0.007911383000000001,0.1129378,16.94037,0.005536856,0.07812987,24429.973252854787,2.0642301888201264e-15,0.4525282043308986
GALAXY,0.1717972,1.13e-05,18.77086,0.01050324,0.1170988,17.932920000000006,0.008094301,0.08100837,47134.44803328084,8.820924912720334e-16,0.692257472324071
GALAXY,0.6309401,0.00014177799999999998,22.1911,0.1170453,0.04914848,20.38135,0.04187165,0.03400069,135969.9033845951,3.779358807198309e-17,3.344380266980558
GALAXY,0.09797316,1.34e-05,17.2945,0.005315354,0.1740112,16.3364,0.003847516,0.12038010000000003,27939.06137152808,3.436039321635542e-15,0.3507483625934654
GALAXY,0.5307432,0.000190734,23.01562,0.1935094,0.05395919,21.62906,0.0942081,0.03732872,120446.48842004336,1.7685206093422365e-17,4.888995666090001
GALAXY,0.1255296,3.44e-05,18.36829,0.009278737,0.02866527,17.46932,0.006933664,0.0198305,35287.22991379778,1.2780331687654069e-15,0.575113619306965
GALAXY,0.4665931,0.000148081,21.16571,0.05354152,0.03330471,19.34404,0.01810753,0.02304005,109502.12622983084,9.717938027890807e-17,2.085631859079311
GALAXY,0.3552611,6.94e-05,20.37742,0.03724299,0.0378662,18.68829,0.01403926,0.02619566,88427.83885806067,2.008584584317669e-16,1.4507068184577299
GALAXY,0.6382951,0.00023444,22.69798,0.195881,0.03128275,21.63857,0.1291425,0.02164126,137039.1592433669,2.369551353112851e-17,4.223686273810333
GALAXY,0.8712325000000001,0.00034125800000000005,23.30205,0.4205946,0.09770273,21.62851,0.1225487,0.06759029,166596.09197935526,1.3584326934383624e-17,5.578348622320575
GALAXY,0.22359160000000006,3.5e-05,19.33415,0.01787293,0.1610736,17.88195,0.008491761,0.1114299,59687.30758375865,5.250469321058715e-16,0.8972751750600162
GALAXY,0.6068494000000001,0.00017277700000000002,22.88021,0.1713308,0.09801756,21.20789,0.064856,0.06780809,132402.5150615821,2.0034297806601427e-17,4.593435815090857
GALAXY,0.05067141,6.98e-06,21.59862,0.0562025,0.03645389,22.14772,0.12878879999999998,0.02521863,14806.50392152785,6.522440487989188e-17,2.545772860200697
GALAXY,0.17751670000000006,1.5e-05,18.66106,0.01010674,0.04880838,17.826620000000005,0.008108221,0.03376541,48556.981363184124,9.759647346025109e-16,0.6581238842940935
GALAXY,0.5099935999999999,0.000156394,21.775,0.07707155,0.05204199,19.9997,0.02990931,0.0360024,116996.67461857447,5.544445580913967e-17,2.7611859335813107
GALAXY,0.4976057,0.000136184,22.08763,0.1087607,0.03604816,20.18023,0.03314358,0.02493795,114896.47479703625,4.1572498393668444e-17,3.188758668855945
GALAXY,0.6280186,0.00018768,22.78686,0.2139812,0.03951602,20.81935,0.06116619,0.027337,135542.62326743896,2.1833035715105114e-17,4.400151727973491
GALAXY,0.03068992,1.14e-05,15.82611,0.00283071,0.08846436,14.99776,0.002446392,0.06119923,9059.488091952886,1.3286608096984744e-14,0.17836829143054117
GALAXY,0.1158161,2.44e-05,17.50235,0.006758541,0.08129582,16.46285,0.004419013,0.05624007,32722.192579089253,2.837384063913241e-15,0.38598075587910957
GALAXY,0.5443539000000001,0.000225363,22.19259,0.1452727,0.139757,20.86631,0.07425567,0.09668325,122664.01343150417,3.774175796470742e-17,3.346675869081671
GALAXY,0.5626263000000001,0.000128883,22.215020000000006,0.1621692,0.04705658,20.91135,0.08088624,0.03255353,125585.72027488773,3.697005742900222e-17,3.381424167370572
GALAXY,0.4127504,0.000106685,22.38061,0.1372592,0.03604082,20.48933,0.03989452,0.02493287,99654.87581928451,3.174052641303433e-17,3.649367938825943
GALAXY,0.3132042,8.05e-05,19.44324,0.03545488,0.09590111,17.66424,0.01180067,0.06634394,79721.3418217386,4.748562135842944e-16,0.9435037970348782
GALAXY,0.3303038,7.099999999999999e-05,20.56881,0.03839961,0.1125918,18.77671,0.01320232,0.07789051,83313.00506114538,1.6839691273575946e-16,1.5843738007228636
GALAXY,0.1405997,2.6600000000000006e-05,18.53057,0.009790403,0.07114655,17.40265,0.006368412,0.04921885,39212.99730279328,1.1006015629292138e-15,0.6197401776197549
GALAXY,0.07432099,1.58e-05,17.83945,0.009906484,0.05556851,17.19371,0.00815202,0.03844204,21455.027067414598,2.0800708372441296e-15,0.45080181122363555
GALAXY,0.516664,0.000193911,22.19539,0.308709,0.0983803,19.82983,0.05997055,0.06805903,118114.90661159452,3.7644551319077055e-17,3.3509940158371125
GALAXY,0.1509978,9.25e-06,18.23499,0.008165265,0.1131753,17.41052,0.006122455,0.07829417,41883.83607873597,1.4449809620526678e-15,0.540870945047055
GALAXY,0.2943557,0.000150647,22.00425,0.1030945,0.06327295,20.772,0.05298999,0.04377194,75678.44699613778,4.4890880641280754e-17,3.068637954230474
GALAXY,0.5691214,0.000109849,21.8287,0.1712605,0.04336059,20.23805,0.05812954,0.02999666,126609.23167577425,5.2768910214429445e-17,2.8303207300859072
GALAXY,0.07248049999999999,2.48e-05,17.98919,0.007061973,0.05801402,17.089779999999998,0.005249889000000001,0.04013383,20943.56292243584,1.8120998532828747e-15,0.48298501016755196
GALAXY,0.6926494000000001,0.000307527,24.14248,1.0908790000000002,0.04189937,20.90374,0.1066404,0.02898579,144663.0144499437,6.264207356343317e-18,8.214698952248867
GALAXY,0.1069354,3.79e-05,18.65253,0.01107646,0.05206043,17.68638,0.007452613,0.03601516,30353.144283187175,9.83662522727114e-16,0.6555437064179241
GALAXY,0.5971648,0.000220661,22.37073,0.1912213,0.0907307,20.87415,0.07809798,0.06276708,130939.78997425095,3.203067753099538e-17,3.632801366691881
GALAXY,0.627219,0.000168227,21.20114,0.1101828,0.1436868,20.00637,0.05979037,0.09940186,135425.4241235154,9.405938291754395e-17,2.1199404045500536
GALAXY,0.0200916,7.33e-06,16.46007,0.004495159,0.03919614,16.09294,0.004461258,0.02711571,5962.813150044361,7.410203336319342e-15,0.23884142424600083
GALAXY,0.4384902,0.000135446,22.02327,0.13298110000000002,0.03914428,20.22239,0.04135961,0.02707983,104440.45873283679,4.411132723948673e-17,3.0956343158881445
GALAXY,0.07603379,1.97e-05,17.691760000000006,0.006169556999999999,0.04632212,16.76124,0.004540303,0.03204543,21930.107773721364,2.3831650721660418e-15,0.42116051907614316
GALAXY,0.2089924,4.64e-05,18.96224,0.01223224,0.1909653,17.54353,0.00650441,0.1321089,56223.37166983898,7.39540776937427e-16,0.7560380482368807
GALAXY,0.05868515,1.19e-05,17.218870000000006,0.005332534,0.1795737,16.38653,0.004203947,0.1242283,17077.969026693092,3.683919446211495e-15,0.3387424718256873
GALAXY,0.1241347,1.03e-05,17.95453,0.00733566,0.1108057,17.38212,0.006390558,0.07665485,34920.555806606775,1.8708808308395196e-15,0.4753370343645768
GALAXY,0.4311033,7.219999999999999e-05,21.4772,0.07491455,0.09758692,19.6195,0.02400756,0.06751018,103081.90310819366,7.294207694403823e-17,2.407330134458252
GALAXY,0.2061748,3.06e-05,18.85732,0.01046896,0.121807,17.71657,0.006474674000000001,0.0842655,55548.18727798034,8.145732146215812e-16,0.7203766913852532
GALAXY,0.380624,9.15e-05,20.53515,0.05057628,0.0958881,18.82238,0.01818004,0.06633495,93474.62752058136,1.7369932277318445e-16,1.5600037857337192
GALAXY,0.1434557,3.34e-05,18.64218,0.008799671,0.1949542,17.45626,0.005720821,0.1348684,39949.65378278536,9.930843209555752e-16,0.6524265894621105
GALAXY,0.08016443,2.31e-05,18.02777,0.007028591999999999,0.22674520000000006,17.14123,0.005174911,0.15686129999999998,23072.264988844916,1.7488401899415215e-15,0.4916427647708573
GALAXY,0.1470734,3.2299999999999986e-05,18.682,0.01053141,0.07922594,17.5493,0.006470153,0.05480813,40879.438170496454,9.573221890253144e-16,0.6645010205553894
GALAXY,0.465971,9.26e-05,21.95781,0.1129472,0.06280311,20.1859,0.03874621,0.0434469,109391.88552288242,4.6852646273543447e-17,3.0037075922218155
GALAXY,0.5612315,0.000163257,21.95309,0.1211803,0.15012360000000002,20.73446,0.0588279,0.1038548,125364.90325876886,4.7056771249152655e-17,2.997185702955079
GALAXY,0.5656719,0.000140268,22.88103,0.4034068,0.06925312,20.449820000000006,0.05677643,0.04790899,126066.62568083858,2.0019172657382247e-17,4.595170734044404
GALAXY,0.5297505,0.000131336,22.16741,0.1450489,0.0911878,20.42054,0.04866829,0.06308329,120283.3572670687,3.8627279777933555e-17,3.308092557902737
GALAXY,0.3955686,8.13e-05,21.24417,0.06867387,0.09875958,19.41939,0.02045275,0.06832141,96378.65268781157,9.040451595052674e-17,2.1623682314585535
GALAXY,0.3882453,0.000102188,21.66082,0.138578,0.1529686,19.73573,0.03635167,0.105823,94961.97406285114,6.159282520166809e-17,2.6197488131594544
GALAXY,0.6655506,0.000219512,22.74743,0.2084581,0.1291964,21.22332,0.08160758,0.0893775,140922.4065276558,2.2640505811837325e-17,4.320973991836068
GALAXY,0.132435,1.3699999999999998e-05,18.48735,0.01074136,0.07758507,17.57805,0.0075347209999999986,0.05367299,37094.1824838051,1.1452970054782846e-15,0.6075270957674362
GALAXY,0.25310520000000003,5.03e-05,18.74599,0.0143618,0.03857586,17.31251,0.007084995,0.0266866,66515.68177786654,9.025309943628902e-16,0.6843742369167617
GALAXY,0.3743132,0.000115543,20.57286,0.05114554,0.08898479,18.82063,0.01888514,0.06155927,92232.90398485716,1.6776993072512777e-16,1.587331564069853
GALAXY,0.4729093,0.000208156,20.82127,0.09392965,0.05362122,19.0553,0.03291659,0.03709491,110616.83365269442,1.3345969413815857e-16,1.7797116866138512
GALAXY,0.2660717,5.64e-05,20.11266,0.04298723,0.3011491,18.80415,0.02077259,0.20833360000000006,69443.12975516533,2.563268645734473e-16,1.284185175852564
GALAXY,0.1433567,2.7e-05,18.55495,0.01002805,0.07776403,17.407770000000006,0.006150545,0.05379679,39924.15737272083,1.0761631707121256e-15,0.6267374586857817
GALAXY,0.3133415,6.13e-05,20.4602,0.05108708,0.1264322,18.84085,0.01933128,0.08746519999999999,79750.46732321518,1.8611360661248826e-16,1.5070777297831228
GALAXY,0.4477629,0.000119408,21.48336,0.09653888,0.08799358,19.47598,0.02481408,0.06087356,106129.1687790357,7.25294067521929e-17,2.414168907553219
GALAXY,0.16342520000000002,2.51e-05,18.72848,0.0100461,0.09128541,17.68734,0.006557841,0.06315082,45035.674411520755,9.172043910223016e-16,0.6788778707281906
GALAXY,0.4899198,0.000129751,21.63265,0.1339031,0.07107198,20.02456,0.04319871,0.04916727,113577.92449765236,6.321179532227482e-17,2.585982921009243
GALAXY,0.1415462,3.32e-05,18.43507,0.009203317,0.06020544,17.308970000000002,0.006074972,0.04164984,39457.3888503008,1.2017942594325662e-15,0.5930750474611857
GALAXY,0.07339285,2.07e-05,16.80981,0.004339851,0.106375,15.82091,0.003236522,0.07358976,21197.22612499532,5.369503443164595e-15,0.2805806081958291
GALAXY,0.12190439999999997,3.02e-05,17.929000000000006,0.007328345999999999,0.05031108,16.913970000000006,0.005217303,0.03480497,34333.115417121844,1.9153940112512673e-15,0.4697812209410361
GALAXY,0.2788383,4.53e-05,19.62196,0.02297111,0.03907146,18.12291,0.01107678,0.02702945,72282.90241212607,4.027857757692566e-16,1.0244426532708262
GALAXY,0.4601364000000001,6.54e-05,21.80959,0.09206054,0.2168963,20.39697,0.04252489,0.15004779999999998,108354.00328067382,5.370591562397763e-17,2.805521829638515
GALAXY,0.5256463,0.00017518200000000002,22.48163,0.14838579999999998,0.07318014,20.83782,0.06229239,0.05062568,119606.88198779142,2.892052184858926e-17,3.8231527688279243
GALAXY,0.16478729999999994,3.950000000000001e-05,18.74919,0.01122271,0.26589640000000003,17.51565,0.007275991,0.1839459,45378.47979772627,8.998748728415518e-16,0.6853835115413489
GALAXY,0.1828023,7.94e-06,19.06681,0.01507463,0.09797553,18.57229,0.01474108,0.06777902,49863.48872518792,6.716362454735096e-16,0.7933368953336069
GALAXY,0.06861192,2.6e-05,17.735120000000006,0.007461513,0.04179711,16.97431,0.006465817,0.02891505,19865.236220589013,2.2898662977542512e-15,0.42965478445718674
GALAXY,0.1958203,4.4299999999999986e-05,18.99715,0.01895594,0.1863557,17.72511,0.01113936,0.12892,53048.291924461046,7.161403187152281e-16,0.768290834630931
GALAXY,0.3669482,6.53e-05,21.10321,0.07080437,0.1148853,19.82591,0.03772952,0.07947710000000001,90772.05977671088,1.0293762057085424e-16,2.0264582109811777
GALAXY,0.04701788,3.15e-05,23.82445,0.7198216,0.05886986,22.44803,0.222949,0.0407259,13764.582526246846,8.396110104998581e-18,7.095543261363393
GALAXY,0.3702679,7.3e-05,20.89069,0.09279989,0.1209973,19.1746,0.02229274,0.08370539,91432.085742335,1.25193599208203e-16,1.8375266746273722
GALAXY,0.05139152,1.57e-05,17.94957,0.007202685,0.15623720000000002,17.209529999999994,0.005595426999999999,0.1080842,15011.397532064977,1.8794471817220213e-15,0.474252525496666
GALAXY,0.07776895,2.56e-05,19.01651,0.010898,0.17226429999999998,18.03916,0.007374512,0.11917160000000003,22410.507395333796,7.034838394571748e-16,0.7751712416146758
GALAXY,0.06382793,9.01e-06,17.372020000000006,0.006295608,0.07581900000000001,16.7238,0.005268919,0.05245123,18525.62117263208,3.1992643396221864e-15,0.3634960135097253
GALAXY,0.4844781,8.63e-05,21.41487,0.06259533,0.08667543,19.66599,0.02141906,0.05996166,112637.12137241391,7.725206997453573e-17,2.3392123721534537
GALAXY,0.1366911,2.57e-05,18.4018,0.01041779,0.1156634,17.27219,0.0060620430000000005,0.08001544,38201.062210460725,1.2391906422934727e-15,0.5840575633583698
GALAXY,0.5479309,0.000160711,22.73969,0.1740045,0.09855505,20.93404,0.05481873,0.06817993,123240.92272443954,2.2802482190647797e-17,4.305599721006585
GALAXY,0.4372644,0.000121233,21.391,0.08513609,0.13403679999999998,19.73498,0.032512900000000004,0.09272604,104215.83504939992,7.896927033353307e-17,2.3136392977467697
GALAXY,0.4592743,0.000141063,20.4204,0.06218892,0.03299173,18.76563,0.02053446,0.02282353,108200.0426666771,1.9306258871201278e-16,1.4797067409371492
GALAXY,0.5279608,0.000296718,22.90564,0.219052,0.1183256,21.30455,0.08582386,0.08185708,119988.77196149308,1.9570509182106065e-17,4.647545521628946
GALAXY,0.3142455,5.42e-05,20.18485,0.0294703,0.08456451,18.51503,0.01160819,0.05850133,79942.11675930818,2.3983807248207927e-16,1.327595135061245
GALAXY,0.6099163000000001,0.000225699,23.41149,0.439472,0.0814602,21.10887,0.08978265,0.05635379,132862.27653192644,1.2281802948546374e-17,5.866696914758111
GALAXY,0.4667178,0.00014900799999999998,20.30624,0.01910898,0.03611712,19.75815,0.01786369,0.02498565,109524.2142547569,2.1446781400791656e-16,1.4039241743660797
GALAXY,0.5343861999999999,0.000133685,22.50828,0.1706029,0.04905604,20.84454,0.05427445,0.03393674,121043.51325098067,2.821929276398598e-17,3.870362581328333
GALAXY,0.11843900000000003,1.21e-05,18.18197,0.008956928000000001,0.0363292,17.60124,0.007843751,0.02513237,33417.50935779407,1.517295344218689e-15,0.5278246304131184
GALAXY,0.5851839,0.000152314,22.49157,0.1126196,0.1315196,21.14221,0.05690104,0.09098469,129107.09274721242,2.86569605089564e-17,3.840693516461307
GALAXY,0.1124595,1.6e-05,17.298939999999998,0.006090598000000001,0.0342759,16.42669,0.004766898,0.02371191,31829.46664440986,3.4220167044529346e-15,0.35146626991487995
GALAXY,0.1612494,3.2200000000000003e-05,18.01318,0.008600986,0.07733195,17.09233,0.006240711,0.05349789,44486.99798156893,1.772499515742806e-15,0.488350517506669
GALAXY,0.584407,0.000192412,22.19936,0.1668662,0.0400524,20.85497,0.07604730000000001,0.02770806,128987.35950296077,3.7507155172090197e-17,3.357126083013705
GALAXY,0.3725995,9e-05,20.83024,0.04587562,0.07282464,19.08624,0.01619124,0.05037975,91894.12013303266,1.3236163562486914e-16,1.787078591936547
GALAXY,0.5859852,0.000161298,22.00657,0.1488194,0.07547406,20.10358,0.0423015,0.0522126,129230.47206800064,4.4795060264830027e-17,3.071918237449157
GALAXY,0.3720258,5.6100000000000015e-05,22.55015,0.1629771,0.04193649,21.28927,0.09897368,0.02901147,91780.55201625446,2.715176869212351e-17,3.9457144497046843
GALAXY,0.5247384,0.000226948,22.39327,0.1874548,0.03888267,20.78941,0.06576107,0.02689885,119456.79481556102,3.1372572037906924e-17,3.670706427534001
GALAXY,0.6861704000000001,0.00025080400000000003,23.42154,0.4346353,0.09462158,21.42873,0.1095957,0.06545877,143779.3699478262,1.2168642302707073e-17,5.893912068121763
GALAXY,0.4712787000000001,0.000144838,22.24696,0.15246210000000002,0.08621596,20.65204,0.05521655,0.0596438,110329.85409929005,3.589832005212778e-17,3.4315288324487274
GALAXY,0.07993542,2.14e-05,17.68554,0.006379882,0.1549304,16.73374,0.004544166,0.1071801,23009.07352116498,2.3968570057497013e-15,0.4199558663443733
GALAXY,0.5928922,0.000123707,21.74183,0.1199055,0.05131548,20.06703,0.04064886,0.03549981,130289.1720410497,5.716446261777868e-17,2.719328361815793
GALAXY,0.236983,2.7399999999999995e-05,18.83064,0.01418012,0.05253642,17.76815,0.008381625,0.03634445,62814.26296226132,8.348378389604936e-16,0.711579867576256
GALAXY,0.4949138,0.000115069,21.3251,0.1113774,0.05203299,19.70981,0.03785405,0.03599618,114436.02705479272,8.391085092244852e-17,2.2444795473409247
GALAXY,0.08013999,1.7899999999999998e-05,17.70802,0.006535712,0.05369639,16.766389999999998,0.004712073,0.03714692,23065.52191767106,2.3477406801717197e-15,0.4243260086871442
GALAXY,0.4895851,0.000170606,21.96243,0.1464792,0.06885577,20.5086,0.06238128,0.0476341,113520.23313552632,4.665370352743491e-17,3.0101050494960644
GALAXY,0.1051475,7.91e-06,19.37699,0.01249929,0.04762706,19.06512,0.01297205,0.03294818,29873.42364858507,5.047334938026788e-16,0.9151528831540942
GALAXY,0.2132597,5.99e-05,19.011470000000006,0.01500595,0.02771038,17.87045,0.009037028,0.01916991,57241.837295354046,7.067570107352322e-16,0.7733741510228284
GALAXY,0.6353994000000001,9.42e-05,21.09556,0.06024811,0.1323961,20.16488,0.03800562,0.091591,136619.28466985907,1.036654709938573e-16,2.0193316501528655
GALAXY,0.538137,0.000136148,22.39301,0.1788866,0.1889239,20.76684,0.06431122,0.1306967,121655.53353507485,3.138008569125141e-17,3.6702669439223277
GALAXY,0.5155398,0.000223425,21.24301,0.08289408,0.09106054,19.97851,0.04314662,0.06299526,117927.06032485471,9.050115570438169e-17,2.1612134033900077
GALAXY,0.4131043,0.000169063,22.17873,0.13640270000000002,0.1005036,20.41072,0.04537111,0.06952795,99721.66283508654,3.822663987761465e-17,3.325382847017084
GALAXY,0.461421,6.48e-05,21.23881,0.07522294,0.1134152,19.65207,0.03025622,0.07846013,108583.12692302505,9.085192321969507e-17,2.157037286032511
GALAXY,0.6943816999999999,0.000181399,22.89185,0.2596696,0.07159578,21.10511,0.07963268,0.04952963,144898.15161623847,1.982066061247589e-17,4.61812466371703
GALAXY,0.4712784,6.929999999999999e-05,21.9884,0.12120410000000002,0.07213955,20.78073,0.05832964,0.04990581,110329.80124958356,4.5551021977905725e-17,3.0463209154915223
GALAXY,0.5587073,0.000146258,22.69984,0.15268410000000002,0.1239055,20.93979,0.05140156,0.08571722,124964.36366303725,2.3654954945423834e-17,4.227305671410805
GALAXY,0.1954849,4.15e-05,20.30964,0.03884591,0.05311064,19.81965,0.03886534,0.0367417,52966.82439963818,2.137972551563026e-16,1.40612410150865
GALAXY,0.509895,0.000201997,22.199,0.1541205,0.07641567,20.660020000000006,0.06111969,0.052864,116980.07917318998,3.7519593566047994e-17,3.3565695642164006
GALAXY,0.4699773,0.000117431,21.80049,0.1168473,0.07403714,20.05602,0.03790363,0.05121855,110100.41599621855,5.41579385567687e-17,2.793789316566626
GALAXY,0.563638,0.000145729,22.56999,0.1877873,0.112345,20.6508,0.04974546,0.07771975,125745.66050895644,2.6660121554079515e-17,3.9819302857232803
GALAXY,0.02496384,7.12e-06,16.82154,0.005084769,0.1566204,16.4732,0.005499571,0.1083493,7390.58501800105,5.311805021999031e-15,0.2821003677306641
GALAXY,0.1710531,1.0800000000000003e-05,18.59758,0.01051509,0.08902618,17.76605,0.007833825,0.0615879,46948.70589403582,1.0347278185434647e-15,0.6391630379317192
GALAXY,0.4011615,6.69e-05,21.11834,0.07223095,0.06706668,19.319370000000006,0.02351482,0.04639642,97452.39290982315,1.0151310812741594e-16,2.0406271112416383
GALAXY,0.0827539,1.92e-05,17.097,0.004921071,0.08229259,16.12371,0.003799862,0.05692963,23785.710578514594,4.121526771895737e-15,0.32025480337631923
GALAXY,0.15832870000000002,3.2e-05,19.65817,0.01805499,0.1239637,18.49241,0.0100537,0.08575752,43748.37963512492,3.895741441121045e-16,1.0416687901270019
GALAXY,0.08584473,1.75e-05,15.95156,0.003791928,0.13579460000000002,15.06465,0.002969427,0.09394205,24634.70542140493,1.1836794973263713e-14,0.18897643518278895
GALAXY,0.1150986,1.31e-05,20.63386,0.05990995,0.1885393,20.08478,0.05781982,0.1304306,32531.639924441748,1.5860399604025448e-16,1.6325543643768186
GALAXY,0.3930015,6.17e-05,22.15232,0.17688810000000002,0.2069024,20.35959,0.06516109,0.1431341,95883.4414301629,3.916788537832439e-17,3.2851836466252875
GALAXY,0.5579198000000001,9.42e-05,24.03834,0.6441975999999999,0.1397066,22.06681,0.2007072,0.0966484,124839.15970317821,6.89480717984015e-18,7.830034079313975
GALAXY,0.07058081,1.41e-05,18.483220000000006,0.008299959,0.1973706,17.74223,0.007289197,0.13654000000000002,20414.597176575648,1.149661863469829e-15,0.6063727166714556
GALAXY,0.7159244,0.000211161,23.58795,0.3818564,0.1387375,22.13916,0.1920521,0.09597799,147783.1686374237,1.0439462178438897e-17,6.363347671974342
GALAXY,0.3936895,1.63e-05,20.62881,0.03795743,0.3237705,19.6041,0.02357784,0.2239829,96016.30818781946,1.5934341668984786e-16,1.628762089467691
GALAXY,0.1193989,3e-05,18.27608,0.008165888,0.1139816,17.1847,0.005558913,0.07885196,33671.47584645177,1.3913171074929756e-15,0.5512031011081846
GALAXY,0.1417328,2.49e-05,18.45328,0.008359501,0.1056863,17.41378,0.005818683000000001,0.07311327,39505.53980910404,1.1818058221736058e-15,0.5980694961420939
GALAXY,0.3926552,8.809999999999999e-05,21.506970000000006,0.08164731,0.08816989,19.5767,0.02221252,0.06099552,95816.52315337947,7.096923522025276e-17,2.4405609173010627
GALAXY,0.1640696,4.46e-05,18.91258,0.01163305,0.1572812,17.73334,0.006936681,0.10880639999999997,45197.91831801312,7.741517951646646e-16,0.7389442129095514
GALAXY,0.3660277,8.63e-05,20.43331,0.04642111,0.03557839,18.738670000000006,0.01919457,0.02461297,90588.588839484,1.9078056261874941e-16,1.4885302069774464
GALAXY,0.4231952000000001,6.69e-05,21.03715,0.05640931,0.1045688,19.24821,0.02078739,0.07234019,101614.31473725082,1.0939516438051807e-16,1.965738086525657
GALAXY,0.1345585,2.56e-05,18.866,0.01081436,0.09938749,17.732210000000006,0.007733925999999999,0.06875581,37647.088422203924,8.080870093782845e-16,0.723262007165335
GALAXY,0.1408306,1e-05,17.74909,0.0067895590000000006,0.08286775,17.06405,0.005926811999999999,0.05732752,39272.64056448901,2.2605916817473687e-15,0.43242784589585925
GALAXY,0.07659479,1.11e-05,17.59052,0.005379271,0.1087071,16.866789999999998,0.004487181,0.07520304,22085.5244769898,2.616074606206281e-15,0.4019755631215177
GALAXY,0.6649723000000001,0.000229632,22.53486,0.2755596,0.06517111,20.69019,0.08710922,0.04508507,140841.28788344518,2.7536841524461803e-17,3.9180290550192076
GALAXY,0.04979251,2.0600000000000006e-05,17.84478,0.005811138,0.05478033,17.106720000000006,0.004834818,0.03789678,14556.220463483256,2.0698845609856474e-15,0.4519096885000778
GALAXY,0.3554771,3.12e-05,22.14347,0.08845911,0.08488894,21.26109,0.06303038,0.05872578,88471.45684111654,3.948845345991682e-17,3.271821879207604
GALAXY,0.29432709999999995,3.3600000000000004e-05,22.13227,0.09959654,0.1618789,21.43187,0.07372802,0.1119871,75672.2448183989,3.989790805891266e-17,3.254989952139336
GALAXY,0.5129744,0.00024447,22.04971,0.1697194,0.112707,20.4053,0.06246951,0.07797018,117497.46571730326,4.30500960944851e-17,3.1335573843651567
GALAXY,0.1199981,1.77e-05,18.01912,0.007475186999999999,0.16228,17.15856,0.005521444,0.1122646,33829.87463600309,1.7628287515935991e-15,0.4896882150116136
GALAXY,0.496309,0.000254124,21.400270000000006,0.2333838,0.0892591,19.58877,0.06484729,0.06174904,114674.85761756213,7.829790199151228e-17,2.3235373194231097
GALAXY,0.1043247,3.35e-05,18.64671,0.00956739,0.08769473,17.64436,0.006309776,0.06066681,29652.340968243137,9.889495227202444e-16,0.6537890646981459
GALAXY,0.4484222,0.000134307,21.48873,0.1227723,0.1179247,20.00834,0.04069301,0.08157973,106248.5361236584,7.217156539395642e-17,2.4201464784121915
GALAXY,0.1021005,2.53e-05,17.798379999999995,0.007130354,0.16383820000000002,16.84988,0.004956755,0.1133425,29053.720130326936,2.16026050244605e-15,0.4423557249630201
GALAXY,0.06082619,8.63e-06,17.50214,0.00580813,0.03400311,16.82619,0.004819502,0.02352319,17681.608570222576,2.8379329157230776e-15,0.3859434300355482
GALAXY,0.5814614,0.000208475,22.75715,0.15775899999999998,0.05622596,21.22469,0.06892864,0.03889685,128532.39988793888,2.2438722372372496e-17,4.3403589989241596
GALAXY,0.0440918,9.79e-06,17.70433,0.008349255,0.04484585,17.10434,0.007419335999999999,0.03102415,12927.248865263111,2.3557333225318585e-15,0.4236055604964018
GALAXY,0.5211844,0.000135307,22.67172,0.15402670000000002,0.1584418,21.00863,0.05590034,0.1096093,118867.72716549948,2.4275608518191546e-17,4.172916093619502
GALAXY,0.4586589,0.000116339,22.47541,0.11665899999999997,0.09790878,20.92714,0.04854662,0.06773284,108090.04384492442,2.9086678137542915e-17,3.812217338704896
GALAXY,0.943505,3.06e-05,21.39762,0.05835514,0.05225432,21.28279,0.07196908,0.03614929,174283.069776844,7.848924023685464e-17,2.3207034734760263
GALAXY,0.8510515,2.4e-05,22.3412,0.13622820000000002,0.04951543,22.24495,0.1989758,0.03425454,164335.6429135256,3.291380753118356e-17,3.5837330533314438
GALAXY,0.1345046,9.51e-06,17.52373,0.005256057,0.02936034,17.35339,0.00557523,0.02031135,37633.07022242599,2.7820576498230077e-15,0.3897998361946664
GALAXY,0.4407582,0.000154119,22.31075,0.1310724,0.06473111,20.60225,0.05041308,0.04478069,104855.20662185873,3.384995730173272e-17,3.533829991609845
GALAXY,0.9789823,0.00037639,23.9264,0.4135244000000001,0.04106589,22.53919,0.2280325,0.02840919,177835.64821803937,7.64360305268399e-18,7.436621061877752
GALAXY,0.29185359999999994,3.45e-05,21.72061,0.06954965,0.06376538,20.55294,0.04380512,0.0441126,75135.06235141556,5.829269379559842e-17,2.692884039357183
GALAXY,0.03005011,1.85e-05,17.41541,0.005668166,0.05065645,16.63786,0.004678037,0.0350439,8873.497985258293,3.073931074061754e-15,0.37083238326595946
GALAXY,0.4815731,0.000132501,22.15452,0.13462770000000002,0.1322499,20.55887,0.04846754,0.09148985,112132.40413926433,3.908860082927978e-17,3.288513675781748
GALAXY,0.2206586,2.4100000000000006e-05,19.32005,0.02102607,0.06069772,17.94126,0.01075612,0.0419904,58996.02031675868,5.319099632503795e-16,0.8914677821202258
GALAXY,0.6579809,0.000208406,22.41854,0.2312446,0.09636031,21.12442,0.09046539,0.06666162,139856.26080080977,3.0650821943162965e-17,3.713672932595485
GALAXY,0.5294300000000001,0.000117029,22.34032,0.16205870000000006,0.04796252,20.78122,0.05479101,0.03318025,120230.64849702081,3.2940495313665846e-17,3.5822810219189485
GALAXY,0.2171837,1.16e-05,22.21559,0.0959922,0.07706784,21.57185,0.0827029,0.05331517,58174.00980871124,3.695065363452933e-17,3.3823118898010973
GALAXY,0.087688,6.96e-06,17.797,0.0063715740000000005,0.0313374,17.05516,0.0049943140000000006,0.02167907,25139.680783217325,2.16300799751004e-15,0.44207469124416254
GALAXY,0.2646878,4.67e-05,21.80223,0.06958206,0.05095258,21.01011,0.04891507,0.03524876,69132.7713336783,5.4071214596861983e-17,2.796028876022235
GALAXY,0.3744832,0.000171056,20.68056,0.0519221,0.03874627,18.84568,0.01634965,0.02680449,92266.47434543904,1.5192670719672414e-16,1.6680445758085796
GALAXY,0.6861649999999999,0.00016052299999999998,21.00011,0.06108444,0.06770633,20.22929,0.04446397,0.04683893,143778.63068656842,1.131915808032777e-16,1.9324917665996288
GALAXY,0.4839936,9.71e-05,22.15423,0.17171660000000002,0.0987613,20.66236,0.06632119,0.06832261,112553.0640720735,3.909904278397101e-17,3.2880745243177767
GALAXY,0.1129524,1.09e-05,17.88423,0.008616163,0.094659,17.33318,0.007671364,0.06548466,31960.763798106334,1.996025683546962e-15,0.4601947419909141
GALAXY,0.1676484,3.3799999999999995e-05,18.70826,0.01292911,0.07750279,17.615560000000006,0.008075268,0.05361607,46096.84608568089,9.344458190079928e-16,0.6725857353672144
GALAXY,0.1523016,3.24e-05,18.6362,0.01263791,0.03967512,17.546120000000002,0.007561614,0.02744707,42216.558263442406,9.985691050712546e-16,0.6506323489521006
GALAXY,0.3301496,6.96e-05,20.48582,0.04844495,0.07511402,18.81358,0.01797111,0.05196353,83280.9359423612,1.8177331403161377e-16,1.5249642138915356
GALAXY,0.32123290000000004,7.879999999999999e-05,20.9177,0.05864225,0.08794277,19.19126,0.01970794,0.06083841,81416.65495641527,1.2211756197334534e-16,1.8605256093472373
GALAXY,0.4981614,0.000106174,21.81749,0.1128972,0.1214761,19.97655,0.0324139,0.08403663,114991.3449943996,5.3316560535777915e-17,2.8157471439727333
GALAXY,0.4890218,0.000128771,21.69906,0.1049079,0.15915410000000002,19.98667,0.036867800000000006,0.1101021,113423.08714409308,5.946126238514873e-17,2.6662916480162706
GALAXY,0.649511,0.00028289200000000003,22.47016,0.1849705,0.08662262,21.01523,0.07394195,0.05992512,138652.1196166527,2.922766528760928e-17,3.8030116190332595
GALAXY,0.4519849,7.57e-05,21.62328,0.08245023,0.3767002,19.75616,0.02676401,0.2605995,106891.96476645359,6.375967948128781e-17,2.574848330125421
GALAXY,0.09820293,5.79e-06,18.01101,0.006957091,0.111074,17.23457,0.005489984,0.07684049,28001.245558323197,1.7760456535709163e-15,0.4878627418878533
GALAXY,0.10894589999999997,2.5e-05,17.22467,0.004809425,0.2237923,16.14862,0.003522096,0.1548185,30891.48002711775,3.6642924284636395e-15,0.3396484619408191
GALAXY,0.09022663,1.31e-05,18.41205,0.007882166,0.1336005,17.66403,0.006225939000000001,0.09242421,25833.520298560295,1.2275469885127534e-15,0.5868210069575525
GALAXY,0.4425027,9.29e-05,21.61567,0.08354603,0.2378341,19.70549,0.02576029,0.1645325,105173.46824238035,6.420814530363124e-17,2.565840478673016
GALAXY,0.6519686,0.000152284,22.40174,0.2054007,0.2661217,20.65827,0.06451151,0.1841018,139002.73557131607,3.112878179682921e-17,3.685052268837913
GALAXY,0.6528841,0.000185925,22.52792,0.2585894,0.06538711,20.79055,0.0844981,0.0452345,139133.0894921298,2.7713420102433935e-17,3.9055270694885227
GALAXY,0.1720016,3.59e-05,18.85099,0.01028476,0.08237869,17.67538,0.006622399,0.05698919,47185.44319790956,8.193361658047611e-16,0.7182797987206991
GALAXY,0.3885278,7.59e-05,20.99302,0.08218082,0.2196338,19.09592,0.02348409,0.1519416,95016.84987521202,1.1393315534501316e-16,1.926192343701704
GALAXY,0.4482971,0.000131042,20.69424,0.0888169,0.09700692,19.00471,0.02833815,0.06710894,106225.89370048756,1.5002447829735107e-16,1.6785862151133686
GALAXY,0.22798070000000006,4.58e-05,19.86618,0.02516301,0.07566126,18.53215,0.01239223,0.05234211,60717.468583518355,3.216519030209271e-16,1.146388055201327
GALAXY,0.4724365,0.00013781,21.51732,0.12575050000000002,0.1445845,20.00724,0.051801199999999985,0.1000229,110533.67943753576,7.029592098040047e-17,2.4522212541725064
GALAXY,0.6603512,0.000365302,23.58698,0.4069901,0.1854559,21.45747,0.12654949999999998,0.1282976,140191.11501825397,1.0448792992903584e-17,6.360505789756894
GALAXY,0.2807864,5.820000000000001e-05,20.00474,0.03260396,0.2380159,18.30968,0.01331111,0.16465829999999998,72712.55277857587,2.8311450810339306e-16,1.2219224731905192
GALAXY,0.08698843,1.06e-05,18.71096,0.009871291,0.1268199,17.896379999999994,0.008052318000000001,0.08773343,24948.146785621706,9.321249336893472e-16,0.6734225458823363
GALAXY,0.3657168,5.05e-05,20.938370000000006,0.0515005,0.16955520000000002,19.13646,0.02076442,0.1172975,90526.57648221814,1.198147056635324e-16,1.8783203004249769
GALAXY,0.1057197,3.15e-05,18.10636,0.008434421,0.1854363,17.06691,0.006346505,0.12828399999999998,30027.054902248983,1.626724940498587e-15,0.5097622279969615
GALAXY,0.14025120000000002,4.23e-05,19.31335,0.0160714,0.11701680000000003,18.20733,0.01008986,0.08095168,39122.948198724545,5.352024898863712e-16,0.8887214294144244
GALAXY,0.2884127,1.59e-05,22.60352,0.1242097,0.08903066,22.14675,0.110451,0.061591,74385.21221401809,2.584937965749775e-17,4.04389296729887
GALAXY,0.5771835,0.00012347,22.47034,0.2062726,0.2021641,20.49069,0.05197179,0.1398562,127868.8519051797,2.922282014782851e-17,3.803326875382407
GALAXY,0.790392,0.000282928,23.026770000000006,0.4321285,0.1298634,21.2122,0.1290023,0.08983886,157220.964705106,1.750451673283644e-17,4.9141640703540705
GALAXY,0.503855,0.000257061,22.22332,0.1514807,0.1016958,20.76082,0.0555606,0.07035269,115959.79360171927,3.668851428563345e-17,3.3943736880466964
GALAXY,0.4609629,0.000132817,21.05039,0.07379488,0.1374336,19.37289,0.0253701,0.0950759,108501.45919444728,1.0806924694583885e-16,1.9777602877964455
GALAXY,0.1631119,7.44e-06,18.45604,0.007971196,0.16022920000000002,17.73114,0.006630423000000001,0.1108458,44956.75102429116,1.17880542322758e-15,0.5988301419006602
GALAXY,0.1330739,3.37e-05,18.27649,0.00952139,0.07701791,17.343120000000006,0.007150216,0.05328063,37260.67207119369,1.3907918120121516e-15,0.5513071846815825
GALAXY,0.4316374,0.000110723,21.99571,0.09607878,0.08869336,20.26637,0.03347057,0.06135765,103180.52910809481,4.524536803503881e-17,3.0565932681025507
GALAXY,0.1125243,1.88e-05,18.01991,0.008939237,0.1028067,17.10472,0.006298605,0.07112119,31846.731892053627,1.7615465541516785e-15,0.4898664001301604
GALAXY,0.5037737,0.000127993,22.18443,0.15796970000000002,0.1183026,20.42453,0.05058341,0.08184119,115946.01065773629,3.802647993877744e-17,3.3341232673165293
GALAXY,0.6178219,0.000168727,22.19151,0.1392891,0.08129506,20.61961,0.05521547,0.05623955,134039.82217232595,3.7779319002112944e-17,3.345011785649972
GALAXY,0.354654,7.85e-05,20.94674,0.04003815,0.04639863,19.14262,0.01476262,0.03209836,88305.18484897616,1.1889459865528964e-16,1.8855743089809496
GALAXY,0.4686127000000001,0.000211694,21.17198,0.10493800000000003,0.06212385,19.24848,0.03107729,0.04297699,109859.45696593855,9.661979800396463e-17,2.091662702157685
GALAXY,0.6028996,0.000249538,22.31142,0.16254820000000006,0.1113544,20.852870000000006,0.06892223,0.0770345,131807.95729952058,3.3829075180401093e-17,3.5349205103698282
GALAXY,0.0628291,7.71e-06,17.46903,0.005382063,0.05034837,16.98123,0.005124142,0.03483077,18245.072406234147,2.925810035504133e-15,0.38010331065943304
GALAXY,0.047518800000000014,1.13e-05,15.302079999999998,0.003171409,0.09054743,14.63694,0.002751368,0.06264029,13907.671131089102,2.1529112402892873e-14,0.14012371801370502
GALAXY,0.11018,3.11e-05,18.46824,0.008915555,0.04277878,17.47007,0.006011904,0.02959416,31221.342780854662,1.1656337811538042e-15,0.6022040227295008
GALAXY,0.08042338,1.13e-05,18.06828,0.008863655,0.05000353,17.3199,0.007129286,0.03459221,23143.699276142324,1.6847913542539556e-15,0.5009007157658764
GALAXY,1.129123,8.55e-05,22.76387,0.2016866,0.06700199,22.10213,0.17807879999999998,0.04635167,191430.4367725671,2.2300270200926192e-17,4.353811801938819
GALAXY,0.6376628000000001,0.000291811,22.3507,0.1751078,0.04627457,21.06737,0.08250885,0.03201253,136947.59737380705,3.262707379352056e-17,3.599445915041864
GALAXY,0.4129177,0.000189766,21.77933,0.16430079999999994,0.04009957,20.10242,0.04971582,0.02774069,99686.45167758485,5.52237793588849e-17,2.76669733831558
GALAXY,0.4996236,0.000172278,22.68727,0.3110364,0.1966144,20.4501,0.06602366,0.1360169,115240.67777738703,2.3930409214998512e-17,4.202905761620713
GALAXY,0.4600544,1.8100000000000006e-05,21.52187,0.04709931,0.03655263,20.74446,0.04205013,0.02528694,108339.36581305605,7.000194792943801e-17,2.4573649089505065
GALAXY,0.358592,9.34e-05,20.5713,0.04014012,0.05497336,18.83309,0.01529232,0.03803032,89099.23692384096,1.6801115801681468e-16,1.586191624197934
GALAXY,0.07378884,7.46e-06,17.25319,0.004967518,0.04475704,16.811629999999994,0.004749808,0.03096271,21307.247769001755,3.569292383171482e-15,0.3441388097276071
GALAXY,0.07150801,8.61e-06,17.320729999999998,0.005424621,0.02657026,16.68854,0.004588705,0.01838118,20672.907904332118,3.354023685611773e-15,0.3550108711870447
GALAXY,0.02143702,8.53e-06,14.00087,0.001798346,0.03230625,13.211620000000002,0.001684729,0.02234931,6357.788223610079,7.136908440183811e-14,0.07696081395987259
GALAXY,0.3011242,6.4e-05,20.02239,0.02879501,0.05176395,18.46849,0.01214697,0.03581006,77140.47262244896,2.785493345046874e-16,1.2318948858619856
GALAXY,0.4627853,0.000186874,21.64271,0.08476592,0.04792723,20.2042,0.0343936,0.03315584,108826.08602210082,6.262880500803356e-17,2.5979910599902247
GALAXY,0.5318135,8.070000000000001e-05,22.0431,0.13819389999999998,0.02591277,21.1142,0.1155152,0.01792633,120622.15801780854,4.331298601518846e-17,3.1240332839903213
GALAXY,0.06720167,8.66e-06,17.2721,0.006265076,0.02752855,16.708660000000002,0.005590664,0.01904412,19471.04207738573,3.5076651282541875e-15,0.34714878714850494
GALAXY,0.5455656999999999,0.000154154,22.09493,0.12593030000000002,0.03445766,20.61237,0.05480591,0.02383765,122859.7283428399,4.1293921248552814e-17,3.199496594721345
GALAXY,0.3545759,7e-05,20.51352,0.03697586,0.0491556,18.78866,0.01348052,0.03400562,88289.39975817926,1.771944541631958e-16,1.5445417507501618
GALAXY,0.05109224,1.14e-05,18.24081,0.008155812,0.04590818,17.59875,0.009370757,0.03175906,14926.261840956182,1.4372559830108219e-15,0.5423225366634351
GALAXY,0.1686608,4.7e-05,18.32869,0.01364927,0.1040415,17.07733,0.0077832319999999984,0.07197542,46350.48929869867,1.3255073040489487e-15,0.5647206285609697
GALAXY,0.2634619,5.28e-05,19.2405,0.01987093,0.09935423,17.714760000000005,0.008785364,0.0687328,68857.43175817012,5.723453057777543e-16,0.859400599451627
GALAXY,0.6330345,0.000202094,21.28943,0.1008571,0.07996453,20.13495,0.04621012,0.0553191,136275.32000852693,8.671338205447348e-17,2.207911452993055
GALAXY,0.5484758000000001,0.000119305,21.93348,0.10653110000000003,0.04628976,20.43899,0.04145357,0.03202304,123328.59280264007,4.791440784033089e-17,2.9702407514634963
GALAXY,0.0824712,3.24e-05,18.53656,0.008167721,0.07276025,17.608,0.006038379,0.05033521,23707.917680502167,1.0945462697058114e-15,0.6214520890698957
GALAXY,0.5617831,0.000197496,21.31464,0.08957563,0.036011,20.21855,0.05262787,0.02491224,125452.2728228702,8.47231560025487e-17,2.2336938695765323
GALAXY,0.1145602,2.23e-05,18.00232,0.007389365,0.09685588,16.9784,0.004975424,0.06700445,32388.55436761373,1.7903177818621238e-15,0.48591426883964817
GALAXY,0.4252176,0.00013365,21.84211,0.1500859,0.1168597,19.90194,0.03772294,0.08084301,101990.93585781027,5.2121166296908316e-17,2.8478535513150645
GALAXY,0.1200694,5.17e-05,18.21252,0.01207141,0.0804831,17.250420000000002,0.00785441,0.05567784,33848.71590953301,1.4751973555930483e-15,0.5353029691489998
GALAXY,0.5347235,0.000208178,22.67259,0.2253377,0.02350142,20.73425,0.06002819999999999,0.01625817,121098.66140973511,2.425616427386905e-17,4.174588306607168
GALAXY,0.5202066,8.72e-05,21.17839,0.08106547,0.02004697,19.58837,0.03077845,0.0138684,118705.2256718622,9.605105185964912e-17,2.0978462328936573
GALAXY,0.7383069,0.00017973400000000002,22.91041,0.2568278,0.05940164,21.19403,0.08064587,0.04109378,150705.43158238515,1.9484718023392018e-17,4.65776584890429
GALAXY,0.1145385,2.11e-05,18.49595,0.009555873,0.07317314,17.57706,0.006938194,0.05062084,32382.785598082966,1.1362610643688117e-15,0.6099379451109864
GALAXY,0.4507337000000001,0.000104468,21.61061,0.08437865,0.06859441,20.16108,0.03308241,0.0474533,106666.30434126126,6.450808138633662e-17,2.5598684765734276
GALAXY,0.3325207000000001,7.2e-05,20.208070000000006,0.03641138,0.06623179,18.44051,0.01153641,0.04581885,83773.41709278121,2.3476325652073154e-16,1.3418675551863477
GALAXY,0.118475,3.11e-05,18.23235,0.009332247,0.08525951,17.4583,0.007341339,0.05898213,33427.03890598504,1.4484987514782421e-15,0.5402137726853993
GALAXY,0.5389925999999999,0.000102809,21.82809,0.1041792,0.06356174,20.42843,0.04381933,0.04397172,121794.76397365153,5.279856574141499e-17,2.829525761123423
GALAXY,0.5434256,0.000103199,21.99574,0.08198387,0.02907015,20.56282,0.03792603,0.02011059,122513.89692175656,4.5244117876591085e-17,3.0566354967908156
GALAXY,0.04603545,9.05e-06,17.867160000000005,0.009248224,0.07011429,17.24236,0.007692915,0.04850474,13483.732702884248,2.0276552907981296e-15,0.45659132123327345
GALAXY,0.05320629,1.28e-05,16.11024,0.00345113,0.1550903,15.17557,0.002704735,0.1072907,15527.071361188235,1.022732660588476e-14,0.20330293680979372
GALAXY,0.478721,0.000106819,21.9198,0.09791556,0.2024549,20.28839,0.03382432,0.14005739999999994,111635.19198049865,4.85219365071504e-17,2.951587430967702
GALAXY,0.6733848000000001,0.000321324,24.41685,0.8703824,0.04685809,21.9253,0.17274389999999998,0.03241621,142015.95074032492,4.8653952320211735e-18,9.321067484534668
GALAXY,0.3716033,9.48e-05,21.48859,0.054972400000000005,0.04061552,19.62539,0.01850766,0.02809763,91696.86607806974,7.218087213952609e-17,2.4199904508322647
GALAXY,0.6453045999999999,0.000117277,22.40666,0.1021853,0.05852932,20.90059,0.04032652,0.04049031,138049.67076921285,3.098804123525824e-17,3.693411118846389
GALAXY,0.2924649,4.44e-05,19.90906,0.02455762,0.1264768,18.29735,0.01028145,0.08749606,75267.96516579963,3.091961838910637e-16,1.1692507368761902
GALAXY,0.06299237,1.4499999999999997e-05,16.059839999999998,0.004162484,0.08263694,15.26445,0.003253538,0.05716785,18290.95148675044,1.071327184751161e-14,0.19863860302693542
GALAXY,0.6397321,0.000141466,22.87236,0.3876313,0.07622147,20.95808,0.1097245,0.05272966,137246.99643731944,2.0179673034283636e-17,4.576860254325736
GALAXY,0.2099639,2.58e-05,18.99352,0.01568899,0.07822708,17.77471,0.00866772,0.05411713,56455.6721263875,7.18538635972934e-16,0.7670075735819887
GALAXY,0.08767905,2.29e-05,17.94697,0.006436359,0.2170208,16.97089,0.004631021,0.150134,25137.231287154587,1.8839532654483463e-15,0.47368502177944927
GALAXY,0.5170084,0.000175002,22.87095,0.1931714,0.2019362,21.02183,0.05987203,0.1396985,118172.40374509223,2.0205896551959692e-17,4.573889330908659
GALAXY,0.3540308,4.25e-05,21.74705,0.1052928,0.02289463,20.76587,0.06316427,0.0158384,88179.18722535018,5.689028706577833e-17,2.725873215533805
GALAXY,0.4508651,2.63e-05,22.91433,0.22253960000000006,0.09691452,22.21185,0.1779904,0.06704502,106690.018672439,1.9414496199047402e-17,4.666181766271084
GALAXY,0.6511515,0.00014083700000000002,22.88472,0.27470140000000004,0.2787338,21.15738,0.07780331,0.1928267,138886.27473740885,1.9951250670684555e-17,4.602985981883963
GALAXY,0.2355101,6.14e-05,21.00579,0.03988356,0.1629895,19.68572,0.02032053,0.1127554,62472.67702886247,1.1260096830076143e-16,1.9375532730676752
GALAXY,0.09102847,7.96e-06,17.932370000000006,0.00750825,0.1569001,17.42504,0.006051743,0.1085428,26052.280088256855,1.9094580660853275e-15,0.47051086034701123
GALAXY,0.05854176,2.05e-05,17.70899,0.007406436,0.2204694,16.77287,0.005085647,0.1525197,17037.493372496294,2.3456441382349656e-15,0.4245155980969112
GALAXY,0.5142822,0.000227281,23.62926,0.3662482,0.2091271,21.64494,0.09635405,0.1446731,117716.62854984884,1.0049723780255529e-17,6.485562550543349
GALAXY,0.1180645,3.2200000000000003e-05,18.69494,0.00968254,0.1725644,17.74628,0.007377681,0.1193792,33318.353335541025,9.459803716011602e-16,0.6684726640264931
GALAXY,0.1890988,1.3800000000000003e-05,18.53893,0.008860469000000001,0.1296879,17.904339999999994,0.008636175,0.08971747,51409.75057337739,1.092159644420607e-15,0.6221307278982622
GALAXY,0.1175379,1.63e-05,18.38409,0.009842309,0.348222,17.54831,0.007515557,0.2408983,33178.8572453502,1.2595694692236946e-15,0.5793135041404983
GALAXY,0.19996,2.99e-05,19.21612,0.01556909,0.4188936,18.10889,0.01053631,0.2897886,54051.26670443504,5.853425904339002e-16,0.8498057245014609
GALAXY,0.6467715999999999,0.000242429,22.23262,0.1674965,0.16062449999999998,20.89957,0.1190214,0.1111193,138260.11339590533,3.637559662021183e-17,3.4089423148083307
GALAXY,0.1067581,1.01e-05,21.00675,0.04258328,0.09681375,20.27858,0.03099523,0.0669753,30305.613599695553,1.1250145135187504e-16,1.9384100476485877
GALAXY,0.2981315,2.23e-05,19.78952,0.02223735,0.08681565,18.680020000000006,0.01213806,0.06005866,76495.4559291198,3.451835772782146e-16,1.1066228979500778
GALAXY,0.3491824,4.42e-05,20.2754,0.03030948,0.1149685,18.6364,0.01262282,0.0795347,87195.79359817217,2.2064704989738947e-16,1.3841260815469856
GALAXY,0.3792368,0.00015937700000000002,21.32024,0.06458891,0.13007180000000002,19.53647,0.02199135,0.08998304,93202.4692140505,8.4287296705962e-17,2.2394617664120195
GALAXY,0.2823567,3.43e-05,20.68243,0.03226031,0.1366324,19.56581,0.01895983,0.09452169,73058.17422488978,1.516652639275526e-16,1.6694816591549544
GALAXY,0.3579144,8.18e-05,21.05418,0.06138897,0.106176,19.45031,0.02448932,0.07345208,88962.8679544775,1.0769266522497818e-16,1.9812152046633822
GALAXY,0.2647212,3.27e-05,19.31239,0.02020012,0.08416811,18.26518,0.01187357,0.05822711,69140.26758448797,5.356759212793964e-16,0.8883286157622396
GALAXY,0.5654680999999999,0.00014685700000000002,22.25752,0.14422820000000006,0.08127825,20.60965,0.04631084,0.05622791,126034.49905799025,3.555086115627779e-17,3.4482572046480566
GALAXY,0.02548896,5.66e-06,15.80783,0.00334482,0.17038979999999998,15.46825,0.003808029,0.1178749,7544.0431656843475,1.3512201879525185e-14,0.17687304487576674
GALAXY,0.32984450000000004,5.04e-05,20.67315,0.03813708,0.07354747,18.88822,0.01419796,0.0508798,83217.4669650387,1.5296713238101004e-16,1.662362189498898
GALAXY,0.1305258,3.5700000000000014e-05,18.50801,0.01024518,0.1203962,17.38004,0.006295955,0.08328953,36595.96946632795,1.1237096882012501e-15,0.6133348642003456
GALAXY,0.1741358,3.26e-05,18.33881,0.008571145,0.04481895,17.18492,0.005669245,0.03100554,47717.20052860392,1.3132098307050375e-15,0.5673586130776174
GALAXY,0.1860122,3.9e-05,19.02586,0.01241212,0.06009204,17.79466,0.007194245,0.0415714,50653.1316363577,6.974516807679185e-16,0.7785161966414225
GALAXY,0.2344432,8.190000000000001e-05,21.32194,0.06277692,0.0816783,20.06024,0.03227696,0.05650467,62224.887554917994,8.415542647374148e-17,2.2412156803086427
GALAXY,0.116929,2.1600000000000007e-05,17.66067,0.005541221999999999,0.03269499,16.67673,0.004156573,0.02261824,33017.45981085996,2.4523933239987038e-15,0.41517352583173495
GALAXY,0.5933973000000001,0.000117544,22.23596,0.1358427,0.1232529,20.52721,0.04594743,0.08526581,130366.2571688099,3.626386799799592e-17,3.4141897350503894
GALAXY,0.5046781,0.00010778,22.26501,0.1217683,0.05701316,20.2625,0.03228007,0.03944144,116099.26092046655,3.5306455932462844e-17,3.4601717196827533
GALAXY,0.04261913,1.7e-05,16.66675,0.00559923,0.05502195,16.03866,0.004593153,0.03806393,12504.86065294983,6.125733870971864e-15,0.2626912773368232
GALAXY,0.4962611,0.000164308,22.21532,0.1001232,0.03174371,20.51267,0.03683416,0.02196015,114666.66460176822,3.695984363578048e-17,3.3818913606552328
GALAXY,0.05011811,1.6800000000000002e-05,16.62325,0.004585074000000001,0.07851571,15.63282,0.003414922,0.0543168,14648.968060735742,6.376144125067778e-15,0.25748127575268537
GALAXY,0.5527839,0.000138596,21.98693,0.1194277,0.05899069,20.43937,0.04094625,0.04080949,124019.7557211142,4.561273618778706e-17,3.0442593759004133
GALAXY,0.3462574,6.86e-05,21.23285,0.06628717,0.1246004,19.40364,0.02101551,0.086198,86599.81114108654,9.13520137262862e-17,2.151125023198448
GALAXY,0.08861096,2.01e-05,17.75562,0.006453712,0.2148049,16.78172,0.004693044,0.1486011,25392.156326207954,2.247036490757891e-15,0.43373018979992667
GALAXY,0.5687873,0.000128624,22.66193,0.1698232,0.07366129,21.12743,0.06210585,0.05095854,126556.77397377453,2.4495489652289744e-17,4.154145007756426
GALAXY,0.1353272,2.51e-05,17.616,0.006357394000000001,0.04238928,16.52112,0.004260751,0.0293247,37846.919655116915,2.555395497229225e-15,0.40672011556918625
GALAXY,0.6988211,0.000224089,23.54372,0.3361912,0.03694669,21.85739,0.1231763,0.02555955,145498.58871823546,1.0873519188380927e-17,6.235045861865169
GALAXY,0.406363,3.2299999999999986e-05,22.41826,0.1096478,0.02947918,21.56827,0.06807826,0.02039356,98444.66373134832,3.0658727488575466e-17,3.7131941047829757
GALAXY,0.0070007540000000005,2.58e-05,19.92814,0.02435395,0.04563005,19.94734,0.03064795,0.03156666,2091.4269306745946,3.038100423256675e-16,1.1795698198390872
GALAXY,0.4331099,0.000134676,20.90879,0.07189869,0.04786639,19.06652,0.02237363,0.03311375,103452.11695281672,1.2312383244298098e-16,1.852907129109295
GALAXY,0.05587667,1.55e-05,16.51081,0.004218063,0.0386089,15.61634,0.003353431,0.02670946,16284.088820968163,7.0718676653603815e-15,0.24448805877717394
GALAXY,0.4953199,0.000150225,22.11503,0.1547292,0.1990483,20.18941,0.04409382,0.1377007,114505.5838775139,4.053648852448634e-17,3.229249881243629
GALAXY,0.02462033,9.23e-06,16.294079999999994,0.003436058,0.0961246,15.53204,0.002856435,0.06649856,7290.154920555449,8.634279939811648e-15,0.22126445496391678
GALAXY,0.1559269,3.59e-05,18.58583,0.009522351,0.05721802,17.61364,0.006496359,0.03958316,43139.180868507035,1.045986610422122e-15,0.6357138192228744
GALAXY,0.5126921,0.000186962,21.92282,0.155644,0.01490753,20.184,0.05577431,0.01031296,117450.1131521525,4.8387159164848196e-17,2.9556952406535646
GALAXY,0.02828104,1.73e-05,15.94677,0.003491451,0.03225208,15.2623,0.0029921490000000004,0.02231184,8358.599518820049,1.1889131352150822e-14,0.18856003593326837
GALAXY,0.562098,0.000153356,22.21315,0.0966043,0.05792555,20.60008,0.03717994,0.04007263,125502.12535927646,3.703378706903608e-17,3.378513450543386
GALAXY,0.5277638000000001,0.000244286,22.91124,0.2079226,0.03171635,21.21262,0.07127371,0.02194122,119956.30771509973,1.9469828461882423e-17,4.659546522962254
GALAXY,0.3116503,8.01e-05,20.18767,0.03431798,0.08312525,18.54703,0.01337613,0.05750566,79391.38709866375,2.392159455025497e-16,1.329320347081854
GALAXY,0.1538836,5.53e-05,18.70986,0.01354201,0.07965171,17.62456,0.008631885,0.05510268,42619.62807348115,9.330697829095313e-16,0.6730814974744579
GALAXY,0.1302873,1.13e-05,17.969910000000006,0.008401301,0.04716894,17.19797,0.006482023000000001,0.03263126,36533.65837849602,1.844565685572911e-15,0.47871567950282534
GALAXY,0.5728592,0.000160392,21.28009,0.1424987,0.06022242,19.71474,0.05079316,0.04166159,127194.70864320215,8.746254798781787e-17,2.1984351148839325
GALAXY,0.1050014,6.95e-06,18.23918,0.009144107,0.1111917,17.826620000000005,0.008755852,0.07692192,29834.18164175825,1.439415335046432e-15,0.5419155989399094
GALAXY,0.07371901,7.34e-06,17.49401,0.00730011,0.05195305,16.872320000000002,0.005958084000000001,0.03594088,21287.849605081446,2.8592631372290133e-15,0.38450115815639974
GALAXY,0.6224271,0.000164773,22.37047,0.2129625,0.1065473,20.58817,0.06964015,0.07370892,134720.76278529878,3.2038348798976146e-17,3.632366421349182
GALAXY,0.07379451,1.7e-05,18.16383,0.008038504,0.2249407,17.13465,0.005427896,0.1556129,21308.82278222251,1.54285859845046e-15,0.5234336663555929
GALAXY,0.1628144,2.31e-05,18.52394,0.013091899999999998,0.04763284,17.75828,0.009700344,0.03295218,44881.78223013745,1.107342899468195e-15,0.6178508553933485
GALAXY,0.4201457,0.000125674,21.9035,0.1080314,0.2576783,20.24914,0.04021858,0.1782606,101044.72150865322,4.9255884839652724e-17,2.929514502255715
GALAXY,0.06463329,1.6e-05,16.66835,0.0046113740000000005,0.100508,15.78565,0.003519627,0.06953096,18751.613175032297,6.116713304166804e-15,0.2628849067499367
GALAXY,0.03185022,1.03e-05,17.72842,0.0115279,0.1204627,17.29927,0.01122631,0.08333553,9396.470243905353,2.3040405872000697e-15,0.4283311431506557
GALAXY,0.08834361,1.65e-05,17.766289999999994,0.007533103,0.2017079,16.757920000000002,0.005117962,0.1395406,25319.048525806877,2.2250620428626073e-15,0.43586666173857197
GALAXY,0.5911396,0.000171001,22.82041,0.260369,0.301605,21.10798,0.08407971,0.2086489,130021.34685320935,2.1168696929566413e-17,4.468663496892116
GALAXY,0.4886023,0.000128221,22.20089,0.1464478,0.15920320000000002,20.70443,0.06070057,0.11013599999999997,113350.6987622208,3.745433798452307e-17,3.359492317482673
GALAXY,0.13648110000000002,3.7e-05,18.71587,0.01040512,0.09839975,17.665029999999994,0.006955478,0.06807249,38146.56951356725,9.27919123513603e-16,0.674946970386907
GALAXY,0.5560101,0.00028605,22.38997,0.1294942,0.05984142,20.92339,0.05257414,0.04139802,124535.05594651056,3.146807127721929e-17,3.6651322689738115
GALAXY,0.1891506,3.75e-05,19.02869,0.01361378,0.2673767,17.769660000000005,0.007511925999999999,0.1849699,51422.42583719251,6.9563612178045e-16,0.7795314695622141
GALAXY,0.3350495,5.97e-05,20.64743,0.03638705,0.14643979999999998,18.92541,0.01340797,0.1013064,84297.14955638304,1.5663403117899109e-16,1.6427884934730068
GALAXY,0.59192,0.00013745,22.43346,0.1720554,0.02885196,20.39237,0.04320952,0.01995965,130140.67243448063,3.023250443145899e-17,3.739277120990375
GALAXY,0.3176706,9.13e-05,20.65934,0.04716128,0.08826341,18.98678,0.01711139,0.06106022,80666.4121873711,1.5492522130764878e-16,1.651823545183002
GALAXY,0.5402060000000001,0.000186127,22.14917,0.1507405,0.06681633,20.57662,0.05726175,0.04622323,121991.97822587147,3.928168649178562e-17,3.280421520116602
GALAXY,0.4503142,0.00013733700000000002,22.01693,0.09080745,0.07878896,20.26037,0.03053703,0.05450584,106590.57073774142,4.436966249554093e-17,3.0866092423610687
GALAXY,0.4899486,0.000158542,21.47803,0.1011351,0.09934879,19.95422,0.04379717,0.06872904,113582.88761387629,7.288633707959658e-17,2.4082504620269805
GALAXY,0.5372891,0.000159533,22.91118,0.2885764,0.1835959,20.75855,0.06040267,0.1270108,121517.41761977591,1.9470904434094898e-17,4.659417776712611
GALAXY,0.1398122,1.33e-05,18.771420000000006,0.01196676,0.5227509,17.98285,0.008909875,0.3616366,39009.4653458806,8.816376437458119e-16,0.6924360213005037
GALAXY,0.4465526,8.28e-05,21.26572,0.06327099,0.05976380000000001,19.71728,0.02746414,0.04134432,105909.80017407966,8.862783187999693e-17,2.1839347177343087
GALAXY,0.1262648,1.06e-05,17.73144,0.009144816,0.1794277,17.00947,0.0073687269999999985,0.1241272,35480.264440024934,2.2976407505642906e-15,0.42892726400417336
GALAXY,0.09507769,3.12e-05,18.27454,0.01319054,0.1290523,17.28935,0.008234753000000001,0.08927779,27154.117204774022,1.3932919413418645e-15,0.5508123285422782
GALAXY,0.09927508,9.05e-06,17.99253,0.01063333,0.1524916,17.39303,0.01011078,0.105493,28291.204588861423,1.8065339399031065e-15,0.483728474000296
GALAXY,0.5867935999999999,0.000282119,21.67651,0.1922392,0.1645925,20.46916,0.1190284,0.1138644,129354.82703434587,6.070914621522851e-17,2.638746390663289
GALAXY,0.7479335,0.000344026,23.83282,0.6079428000000001,0.1494738,22.38169,0.2929434,0.1034053,151939.24694359972,8.331632879879839e-18,7.1229460059941525
GALAXY,0.2873757,5.350000000000001e-05,20.14247,0.04291132,0.1436074,18.59433,0.01862516,0.09934693,74158.63809019416,2.493848835485066e-16,1.3019360491027867
GALAXY,0.6367043000000001,0.000247035,23.42285,0.3294845,0.2186621,21.550420000000006,0.10859489999999998,0.1512694,136808.67018424996,1.2153969025333234e-17,5.89746880418864
GALAXY,0.169419,1.62e-05,17.742520000000006,0.008864069,0.1013339,16.52507,0.005042573,0.07010235,46540.257819254584,2.2743124313077886e-15,0.43112147086245406
GALAXY,0.05099639,8.33e-06,17.59293,0.005600898000000001,0.07724755,17.1911,0.005490075,0.05343949,14898.98991241488,2.610274166230697e-15,0.40242194175826074
GALAXY,0.1312593,8.15e-06,18.49588,0.01483481,0.1116881,17.81334,0.009053701,0.0772653,36787.5029817409,1.1363343241884756e-15,0.6099182833516195
GALAXY,0.02339545,6.79e-06,17.50381,0.008218030999999999,0.19920810000000005,17.034760000000002,0.008403296999999999,0.13781129999999994,6931.756132613147,2.833571170248089e-15,0.38624035917422184
GALAXY,0.34609850000000003,0.000123942,21.39907,0.08786226,0.3642727,19.63837,0.03162703,0.2520022,86567.37597107676,7.838448787115515e-17,2.322253639974767
GALAXY,0.1090789,1.2e-05,18.12667,0.009063176,0.07613826,17.512629999999998,0.007044596,0.05267209,30927.050910454607,1.5965779432945578e-15,0.5145524522256234
GALAXY,0.196789,3.81e-05,18.98486,0.01462191,0.10424,17.71294,0.007968495,0.07211273,53283.412232126015,7.24292728596878e-16,0.7639547794624303
GALAXY,0.2519753,4.25e-05,19.25884,0.01709988,0.1578019,17.75326,0.008206904000000001,0.10916660000000003,66258.50453690736,5.627585801109779e-16,0.8666897338648532
GALAXY,0.6066136,0.000243519,21.52831,0.1105195,0.06991567,20.19853,0.05362795,0.04836734,132367.0976344016,6.958796321187597e-17,2.4646636064303524
GALAXY,0.4887219,0.000185245,22.39996,0.1271678,0.04163318,20.6595,0.04395405,0.02880165,113371.34043589044,3.117985744140892e-17,3.68203279444327
GALAXY,0.31016540000000004,3e-05,22.22118,0.07517938,0.04725585,20.21794,0.02226379,0.03269138,79075.52463224091,3.676089913065212e-17,3.391030158791294
GALAXY,0.04835727,1.28e-05,16.47139,0.004521175,0.09556762,15.976870000000002,0.004089948,0.06611324,14147.014155990393,7.333345138095934e-15,0.24008976817997782
GALAXY,0.3416023,5.710000000000001e-05,20.27112,0.03675971,0.04245312,18.67425,0.01514179,0.02936887,85647.08996436195,2.2151856286880562e-16,1.3814006380929837
GALAXY,0.1042558,1.83e-05,17.83982,0.006615254,0.1211016,16.822429999999994,0.004617147,0.08377752,29633.81889060446,2.079362106077487e-15,0.4508786304733661
GALAXY,0.02526241,8.1e-06,17.221420000000002,0.006361735,0.07412761,16.77635,0.00620316,0.05128114,7477.847574487675,3.675277409925597e-15,0.33914049700074317
GALAXY,0.2935764,5.5399999999999985e-05,20.62405,0.0398007,0.07884511,18.97903,0.01583263,0.05454469,75509.37472705949,1.6004353124366714e-16,1.6251956539494092
GALAXY,0.3551138,5.23e-05,20.60364,0.03520047,0.1217928,18.87543,0.01257691,0.0842557,88398.08747743074,1.6308053412872392e-16,1.609991756206642
GALAXY,0.5905201,0.000152625,22.6086,0.1811973,0.04882941,20.68647,0.05294795,0.03377996,129926.5455370934,2.5728716714499267e-17,4.053364432063567
GALAXY,0.5712396,0.000130975,22.57528,0.1865241,0.06437673,20.71196,0.05135343,0.04453553,126941.33549545993,2.6530542171335486e-17,3.9916426310618953
GALAXY,0.1891371,2.95e-05,18.42235,0.009746687,0.04391991,17.42976,0.006194198000000001,0.03038359,51419.12250976819,1.2159567423892977e-15,0.5896111018140022
GALAXY,0.31742459999999995,8.09e-05,20.46978,0.04175176,0.1178825,18.7663,0.0158028,0.08155055,80614.48777133877,1.8447865568070264e-16,1.5137412726810515
GALAXY,0.3816544,9.31e-05,19.76762,0.03334324,0.05501936,18.03271,0.01202341,0.03806214,93676.49714937332,3.52216847156427e-16,1.0955183395600703
GALAXY,0.06162607,2.17e-05,18.27261,0.009691655,0.05713112,17.42718,0.0070652380000000015,0.03952304,17906.775639938045,1.395770853693404e-15,0.5503229852270342
GALAXY,0.5355654000000001,0.000156916,22.37097,0.1699348,0.06643691,20.75376,0.06718093,0.04596075,121236.21551858544,3.202359799086623e-17,3.6332029009261633
GALAXY,0.4482177,0.000107212,21.91228,0.09800892,0.07186855,20.29066,0.04037425,0.04971833,106211.52099637163,4.885917451403168e-17,2.9413835027625237
GALAXY,0.6504707,0.00012814399999999998,22.62715,0.1553098,0.08791444,21.59247,0.1063378,0.0608188,138789.15584040995,2.529287077796656e-17,4.088138986260979
GALAXY,0.5444741999999999,0.000145146,22.61169,0.12967,0.0365404,20.77746,0.04536112,0.02527848,122683.45528270114,2.565559700939012e-17,4.0591364656925135
GALAXY,0.03579097,8.57e-06,21.38115,0.05750174,0.0353221,21.49211,0.07987523,0.02443567,10537.965433090449,7.968895379912193e-17,2.30316818250134
GALAXY,0.6126906999999999,0.000198531,23.06049,0.2520341,0.06607671,21.63084,0.1187205,0.04571157,133276.7681472938,1.6969229573828347e-17,4.991069900800687
GALAXY,0.4914069,0.000143523,21.84646,0.1421106,0.02462237,20.55742,0.05154408,0.01703364,113833.97675477187,5.191276071222388e-17,2.8535642292271364
GALAXY,0.08837382,2.44e-05,18.45059,0.008170433000000001,0.03517583,17.52948,0.005951941,0.02433448,25327.31060897947,1.1847374726881785e-15,0.597329071874523
GALAXY,0.5630613,0.000208346,22.17703,0.1800369,0.06224891,20.49129,0.060567,0.04306351,125654.51299645862,3.828654042222505e-17,3.3227804936433096
GALAXY,0.1262554,2.4e-05,17.4716,0.006378857,0.05306148,16.69714,0.005344673,0.03670769,35477.79735395595,2.918892665123875e-15,0.38055344016899234
GALAXY,0.6864687,0.000148823,22.15696,0.1569306,0.15060810000000002,20.81785,0.08755878,0.10419,143820.20008300446,3.9000854749438054e-17,3.2922109289164365
GALAXY,0.3568496,5.710000000000001e-05,20.99978,0.05397821,0.14181029999999994,19.21443,0.01931666,0.09810369,88748.3546604374,1.1322598962069285e-16,1.9321981069495762
GALAXY,0.5008934,0.000149508,22.45736,0.1789036,0.1294756,20.42134,0.04440806,0.08957063,115456.85412783385,2.957427624659088e-17,3.7806602599844985
GALAXY,0.2703362,5.7200000000000015e-05,20.17239,0.03442019,0.123793,18.59786,0.01394427,0.08563939,70396.38553110784,2.4260632836008043e-16,1.319999152224593
GALAXY,0.08205494,9.25e-06,18.32844,0.007995595999999999,0.07479189,17.53329,0.0063798480000000005,0.05174068,23593.329134378706,1.3258125485260533e-15,0.564655616438391
GALAXY,0.09776215,9.38e-06,17.92519,0.00581316,0.03384661,17.12395,0.004873521,0.02341493,27881.940727626585,1.9221272033286243e-15,0.46895767967058155
GALAXY,0.5535894,0.000114792,22.08389,0.09014619,0.0558399,20.69443,0.04420075,0.03862979,124148.5963681296,4.1715948746952974e-17,3.183271289405884
GALAXY,0.4803714,0.00010608,22.30999,0.1340044,0.06339162,20.23092,0.03586715,0.04385403,111923.11338838295,3.3873660088325474e-17,3.5325933924954467
GALAXY,0.3825818,8.340000000000001e-05,20.965770000000006,0.06489234,0.05654742,19.20444,0.02067582,0.03911924,93857.9785960229,1.1682885630790565e-16,1.902171420598919
GALAXY,0.202494,4.14e-05,19.02233,0.01349938,0.04139688,17.75776,0.007475961,0.02863817,54662.89089001049,6.997229608997466e-16,0.7772516493087649
GALAXY,0.8661732,0.000272905,22.27576,0.1957511,0.04310937,21.19783,0.1183872,0.02982286,166034.23881428022,3.495860750574411e-17,3.4773439713397623
GALAXY,0.5100745,0.000155376,21.90387,0.1039859,0.08592322,20.27826,0.04063834,0.05944129,117010.28952177454,4.923910215124551e-17,2.9300137085599824
GALAXY,0.5923048000000001,0.000227688,22.40179,0.1865546,0.05774155,20.45473,0.08520514,0.03994533,130199.46933242377,3.1127348296458767e-17,3.6851371212790025
GALAXY,0.1755226,2.98e-05,18.4661,0.01175138,0.0766827,17.49394,0.007417106,0.05304874,48062.05332793446,1.1679335259714903e-15,0.6016108391401986
GALAXY,0.5598908,0.000149622,22.73987,0.16522379999999998,0.04076274,21.01896,0.05379653,0.02819948,125152.30931794744,2.279870216879265e-17,4.305956640149862
GALAXY,0.5480849,0.00017531,22.39964,0.1533118,0.03959423,20.69283,0.05422153,0.0273911,123265.7058010899,3.1189048462974254e-17,3.681490230017129
GALAXY,0.0808466,3.1e-05,18.60133,0.009788789,0.02933791,17.69744,0.006997029,0.02029583,23260.40676012769,1.0311601599428008e-15,0.6402677870365683
GALAXY,0.07952619,2.15e-05,17.738210000000006,0.006968042,0.06245315,16.71906,0.00458838,0.0432048,22896.11487241952,2.2833586141302043e-15,0.43026661739406746
GALAXY,0.5419008000000001,9.31e-05,20.92741,0.08267326,0.0300413,19.78414,0.04537307,0.02078243,122266.9632867209,1.2103030429734393e-16,1.8688638020606594
GALAXY,0.1160547,2.75e-05,17.943579999999994,0.007293019,0.04674235,17.14711,0.005632720999999999,0.03233614,32785.52657135909,1.88984473557445e-15,0.47294610406380505
GALAXY,0.8386705,7.42e-05,20.62487,0.06638213,0.06868713,19.95379,0.05692143,0.04751743,162923.0864918742,1.5992270433398367e-16,1.6258094826512328
GALAXY,0.4615898,0.000145015,22.11704,0.1401733,0.02443855,20.34402,0.04574654,0.01690648,108613.20859685953,4.0461513619395376e-17,3.2322403853945647
GALAXY,0.6913615,0.000209269,22.08537,0.1232045,0.04140727,20.77866,0.06119113,0.02864536,144487.89206761867,4.165912320919915e-17,3.1854416358314666
GALAXY,0.02403254,7.98e-06,14.88214,0.002241361,0.08433162,14.468370000000002,0.00217443,0.05834022,7118.224133537651,3.169582973237847e-14,0.11548448774266354
GALAXY,0.3279699,8.070000000000001e-05,21.36973,0.07066183,0.05449701,19.58784,0.05112208,0.03770078,82827.00254905572,8.05315624451202e-17,2.2910873756448082
GALAXY,0.5842729,0.00010372,21.95499,0.1651601,0.07457413,20.19947,0.05495158,0.05159004,128966.68140053727,4.697449557271072e-17,2.9998093351494166
GALAXY,0.5692394000000001,0.000114709,22.41233,0.12938010000000005,0.02977439,20.8703,0.05252042,0.02059779,126627.75416623584,3.0826635353158805e-17,3.703067702763124
GALAXY,0.02851034,8.86e-06,15.81139,0.0030506540000000003,0.1162382,14.99489,0.002564424,0.08041305,8425.391460285007,1.3467969531120338e-14,0.177163255550721
GALAXY,0.3241956,6.1e-05,20.7592,0.04218557,0.2247126,18.97979,0.01525457,0.1554551,82038.24505532718,1.4131170135161437e-16,1.7295600780499765
GALAXY,0.4621823000000001,0.000162449,22.31796,0.13671370000000002,0.1772952,20.78089,0.05459811,0.122652,108718.74999848807,3.362591611319394e-17,3.545582966298668
GALAXY,0.6081880999999999,0.000435992,24.20214,0.5859733,0.07569272,21.36138,0.09371922,0.05236387,132603.40390096518,5.9292822604435534e-18,8.443522252472311
GALAXY,0.6006736,0.00017819,21.65711,0.1066687,0.03165319,20.23645,0.04795786,0.02189753,131471.66564261424,6.180365011289758e-17,2.615276746184145
GALAXY,0.4261675,7.92e-05,20.95333,0.04906337,0.06989118,19.32283,0.01915605,0.04835039,102167.52111347599,1.1817513992573626e-16,1.8913053552921106
GALAXY,0.5551472,0.000159887,21.5857,0.08495048,0.10412730000000002,20.4676,0.04910229,0.07203480000000001,124397.42204933535,6.600519602844347e-17,2.5306707897848684
GALAXY,0.5590881999999999,0.00012542,22.43519,0.132734,0.09668082,20.64242,0.04513157,0.06688334,125024.88102506865,3.018437065304957e-17,3.7422573693064107
GALAXY,0.131233,1.44e-05,18.42388,0.01224899,0.09834706,17.66414,0.009076425,0.06803604,36780.63812692631,1.2142444446945779e-15,0.5900266829026797
GALAXY,0.08191039,2.28e-05,18.57778,0.008659875,0.09372158,17.6519,0.00622559,0.06483616,23553.52530209037,1.053770715329699e-15,0.6333614880399577
GALAXY,0.35683390000000004,6.64e-05,21.13025,0.05157064,0.2140891,19.36748,0.01861107,0.1481058,88745.18975232734,1.0040564380479585e-16,2.051850206329139
GALAXY,0.1001431,2.47e-05,18.04045,0.007472289,0.08850571,17.092470000000002,0.0054624090000000005,0.06122784,28525.71128149164,1.7285347909835339e-15,0.4945220401740825
GALAXY,0.4922407,0.000118462,22.1451,0.1270284,0.05037703,20.37548,0.03878047,0.03485059,113977.34591504207,3.9429214496508794e-17,3.274278770557311
GALAXY,0.09632473,7.15e-06,18.16859,0.0074620380000000016,0.08554339,17.65258,0.006821447,0.05917852,27492.482921745348,1.5361093237321098e-15,0.5245823233893567
GALAXY,0.08215476,1.25e-05,17.29492,0.005608255,0.1205631,16.56971,0.004611513,0.08340502,23620.812353372123,3.4347104008374773e-15,0.3508162099025623
GALAXY,0.5447844000000001,0.000120732,21.80629,0.06504973,0.1835225,20.32947,0.0295688,0.12696,122733.57443516816,5.386939836560471e-17,2.801261498873534
GALAXY,0.1007252,3.34e-05,18.86259,0.01386168,0.1139493,17.98629,0.009688728,0.07882961,28682.84971676919,8.106289790385753e-16,0.722127114575711
GALAXY,0.5517081,7.859999999999999e-05,21.97297,0.139935,0.2863059,20.07679,0.03868201,0.1980651,123847.48968235563,4.620299464051172e-17,3.0247511622700114
GALAXY,0.4676788,7.38e-05,21.92035,0.1131034,0.1971598,19.95059,0.03157983,0.1363942,109694.32653161936,4.849736303646083e-17,2.9523351165863634
GALAXY,0.5920305,0.000179076,22.85242,0.25558220000000004,0.1606011,21.36548,0.1328441,0.1111031,130157.55939644256,2.0553705295354294e-17,4.535024652926738
GALAXY,0.5429304,0.000114959,23.18981,0.286587,0.06549657,21.05392,0.06679175,0.04531022,122433.75039807113,1.5063785578551513e-17,5.297337609979017
GALAXY,0.5602640999999999,0.000188543,22.22764,0.172395,0.08949716,20.95112,0.07416356,0.06191372,125211.53694312528,3.654282559553864e-17,3.4011332905026657
GALAXY,0.508197,0.000229157,22.19584,0.1588239,0.1327034,20.68478,0.06254597,0.09180363,116693.98449126615,3.762895219106314e-17,3.3516885231950133
GALAXY,0.6128733000000001,0.00017476099999999998,22.96545,0.2220709,0.1097269,21.21809,0.07146776,0.07590853,133304.00111850322,1.852158398313697e-17,4.777334515900096
GALAXY,0.5608586999999999,0.000148108,22.1879,0.14866110000000002,0.2036436,20.62295,0.05472357,0.1408797,125305.82224851825,3.790514176203037e-17,3.339455435726836
GALAXY,0.06138163,7.12e-06,18.04119,0.006160117,0.06197829,17.373739999999998,0.0051303270000000005,0.042876300000000006,17837.985665022057,1.7273570832324406e-15,0.4946905933959803
GALAXY,0.1415391,1.7800000000000002e-05,18.25156,0.008723979,0.04216231,17.132179999999998,0.005531603,0.02916769,39455.556543496576,1.4230957616213077e-15,0.5450139924157276
GALAXY,0.5285715999999999,0.000198028,22.54918,0.2103648,0.1298823,20.64329,0.05900205,0.08985197,120089.37971249191,2.7176037003242052e-17,3.9439522867194325
GALAXY,0.2213284,1.14e-05,19.98741,0.01730156,0.04415665,19.2387,0.01345407,0.03054737,59154.091506039644,2.876697031563958e-16,1.2122094136284212
GALAXY,0.06100366,2.22e-05,18.45744,0.008766379,0.06634912,17.72961,0.007228427,0.04590001,17731.582953465484,1.1772863949065751e-15,0.5992163464451491
GALAXY,0.03601109,1.21e-05,14.80131,0.002391168,0.07217166,13.883770000000002,0.007148953,0.04992802,10601.589548102105,3.4145550997503165e-14,0.11126476430229812
GALAXY,0.4937028,0.000107704,21.98787,0.08816054,0.05282597,20.55834,0.04418518,0.03654476,114228.40898569286,4.5573263048016726e-17,3.045577478430438
GALAXY,0.02488593,6.19e-06,17.64239,0.00683884,0.0439485,17.29391,0.008686473,0.03040337,7367.810003338205,2.494032595827858e-15,0.4116931606886109
GALAXY,0.4723915,0.000127699,22.67712,0.1460634,0.1211977,20.80518,0.04175157,0.08384398,110525.7625954681,2.4155171494989214e-17,4.183306181200651
GALAXY,0.05149033,2.4100000000000006e-05,17.72714,0.006785483,0.05219603,16.9226,0.005317798,0.03610897,15039.499997378944,2.3067584767262958e-15,0.4280787327114148
GALAXY,0.1081401,2.52e-05,17.99824,0.008167261,0.1091621,17.001720000000002,0.005273,0.07551787,30675.858572199493,1.7970581283781225e-15,0.48500213710969325
GALAXY,0.5336310000000001,0.000222118,22.62934,0.2377065,0.12053980000000003,20.84024,0.07425397,0.08338888,120919.95944366166,2.5241904843238298e-17,4.092264086154382
GALAXY,0.5220326,9.25e-05,21.8506,0.11094189999999997,0.04865769,20.14908,0.03725456,0.03366116,119008.53869747708,5.171519007096222e-17,2.859009854379627
GALAXY,0.4458965,0.000113804,22.00183,0.1003044,0.06334445,20.28784,0.0404154,0.04382139,105790.75012407904,4.4991049623505287e-17,3.0652200119446897
GALAXY,0.9142079,0.000189882,23.01058,0.14832,0.04501413,22.17707,0.1200164,0.03114057,171241.8042409835,1.776749186231264e-17,4.877661437414506
GALAXY,0.0948097,3.9e-05,18.51091,0.01081011,0.05761801,17.61508,0.007741792,0.03985987,27081.342669202433,1.1207122659135978e-15,0.614154519718113
GALAXY,0.5571136,0.000118442,21.98965,0.1301728,0.04330886,20.54917,0.05281353,0.02996087,124710.8624279161,4.549860960259515e-17,3.0480750235980993
GALAXY,0.4543326,0.000145912,21.25343,0.1075442,0.08283307,19.7472,0.04572957,0.05730353,107314.48676842156,8.963675484317253e-17,2.1716090970270816
GALAXY,0.2755978,3.73e-05,20.08126,0.02804627,0.1473275,18.55157,0.0123664,0.1019205,71566.06298714885,2.638481936102329e-16,1.2657491729227537
GALAXY,0.1139941,2.8300000000000007e-05,17.98995,0.0073790140000000014,0.02644868,16.96902,0.005043522,0.01829707,32238.01656086757,1.810831852836654e-15,0.4831540810934926
GALAXY,0.5686828,0.000221753,22.44675,0.13031900000000002,0.02663078,21.01397,0.0557109,0.01842305,126540.36199146375,2.9864697848900777e-17,3.76223268646509
GALAXY,0.4666855,0.000169187,21.39809,0.08620117,0.03198722,19.54783,0.02666935,0.02212861,109518.4932899385,7.845527069680235e-17,2.3212058278586025
GALAXY,0.5132180000000001,0.000183042,22.87198,0.2263531,0.05693334,20.71458,0.04734043,0.03938622,117538.31413813673,2.0186737013358228e-17,4.576059390027204
GALAXY,0.08664487,2.65e-05,17.95007,0.007149674,0.01928065,17.07188,0.005227938,0.01333827,24854.0314555929,1.878581863571443e-15,0.474361738749376
GALAXY,0.1093715,1.27e-05,18.36769,0.009733961,0.05380007,17.66696,0.007990018,0.03721864,31005.288742607718,1.2787396311796612e-15,0.5749547314935487
GALAXY,0.4060144,7.979999999999999e-05,20.86203,0.06227762,0.03056678,19.15918,0.02154192,0.02114596,98378.35250774452,1.2854231738974278e-16,1.8134335750865704
GALAXY,0.07349033,2.03e-05,18.07659,0.00866294,0.08969450000000001,17.281129999999994,0.00644432,0.06205024,21224.314213826725,1.671945532573126e-15,0.5028212834870565
GALAXY,0.07724618,2.45e-05,18.45055,0.008777999,0.2093601,17.5277,0.006387746,0.14483429999999994,22265.865840144877,1.1847811208337077e-15,0.5973180687677321
GALAXY,0.5991664000000001,0.000326546,21.394070000000006,0.0884125,0.07079971,20.31063,0.04995374,0.04897891,131243.46735935932,7.87462942282476e-17,2.316912604814985
GALAXY,0.09739242,2.15e-05,16.91406,0.004750398,0.03088096,15.90018,0.003400549,0.02136331,27781.822998885484,4.877913842545747e-15,0.2943795602998223
GALAXY,0.1378385,2.87e-05,19.62822,0.01663927,0.05520683,18.68647,0.01057467,0.03819183,38498.57691453333,4.0047012672037967e-16,1.0274002150163832
GALAXY,0.6195455,0.000148352,22.67562,0.2372353,0.08609936,20.85332,0.06980059,0.05956313,134295.10950131787,2.418856616057728e-17,4.180417453511027
GALAXY,0.1089246,3.08e-05,22.04188,0.09664582,0.04153595,21.8357,0.1140481,0.02873438,30885.78285875501,4.3361682505185537e-17,3.122278598951876
GALAXY,0.5971659,9.63e-05,21.4967,0.07559338,0.02809149,20.73531,0.05446903,0.01943356,130939.95705918313,7.164371955575818e-17,2.4290455131447835
GALAXY,0.26142,0.00010555,21.46151,0.0897304,0.05101589,20.09763,0.04015384,0.03529255,68397.95061443545,7.400381779597222e-17,2.389998631526203
GALAXY,0.4650968,0.00017805599999999998,23.04369,0.2467248,0.049510000000000005,21.10044,0.07531356,0.03425079,109236.83401692456,1.7233842721853546e-17,4.952604549647215
GALAXY,0.07121474,1.96e-05,17.73369,0.00666188,0.02144157,16.992079999999998,0.005179261,0.01483318,20591.232649596845,2.2928842188029745e-15,0.42937193302508164
GALAXY,0.2780327,7.840000000000001e-05,19.13938,0.02723117,0.0534526,17.55651,0.011147399999999998,0.03697826,72104.94485635031,6.282118513585731e-16,0.8202979992371366
GALAXY,0.2941277,7.209999999999999e-05,19.97533,0.03330703,0.133358,18.38359,0.01609271,0.09225646,75628.99733002062,2.9088821402150054e-16,1.2054845600787585
GALAXY,0.4938381,0.000241102,21.81077,0.1754332,0.1140627,20.17546,0.06949218,0.07890808,114251.62001027851,5.364757865859466e-17,2.807046792788506
GALAXY,0.5998427,2.33e-05,21.874370000000006,0.07353580000000001,0.036053,21.24231,0.06696454,0.0249413,131345.9127513779,5.059529415672864e-17,2.890477893882736
GALAXY,0.5515474,9.7e-05,22.02538,0.1102096,0.03994749,20.0764,0.03444948,0.02763549,123821.73833402323,4.4025685332556404e-17,3.0986437775076956
GALAXY,0.6205512,0.000122072,22.38699,0.1668703,0.1917991,20.63939,0.05376016,0.1326858,134443.82881148404,3.155455974546976e-17,3.660105908462128
GALAXY,0.7985483,5.99e-05,22.35788,0.2469608,0.2134038,21.37375,0.12070999999999997,0.1476317,158206.47617254878,3.241202201389799e-17,3.611367224966923
GALAXY,0.12885239999999998,1.36e-05,18.5281,0.008866878,0.04021193,17.74696,0.006700545,0.02781843,36158.42765539934,1.1031082311327536e-15,0.6190356381741459
GALAXY,0.5097487,0.000113929,21.95883,0.1039376,0.1083831,20.22447,0.03960113,0.07497896,116955.45174673278,4.680865100297171e-17,3.005118847282838
GALAXY,0.5691837,0.00024171,22.46344,0.1872872,0.182577,21.04356,0.07976114,0.1263059,126619.01124302993,2.94091264846672e-17,3.791260728434238
GALAXY,0.346191,7.68e-05,20.66663,0.05981553,0.219994,18.96907,0.0197707,0.1521908,86586.25809794429,1.5388848537940085e-16,1.6573783150243084
GALAXY,0.5125564,0.000126304,21.63269,0.08868433,0.02457287,20.21941,0.04277311,0.0169994,117427.34543446061,6.320946655657095e-17,2.586030557013779
GALAXY,0.7139774999999999,0.000206099,23.88922,0.577597,0.03350749,21.65517,0.15671079999999998,0.02318033,147525.38771955745,7.909884194383826e-18,7.310374945516341
GALAXY,0.04262173,1.55e-05,17.78412,0.006127853000000001,0.03681248,17.026139999999998,0.005035661,0.0254667,12505.606949616598,2.1888203873064477e-15,0.43946030447909507
GALAXY,0.4467125,0.000175159,21.86897,0.1113561,0.07287631,20.18536,0.04117167,0.05041549,105938.80023819802,5.084756090704158e-17,2.8832988070150747
GALAXY,0.4601085999999999,0.00012435700000000002,22.04526,0.1092273,0.03611002,20.46881,0.04343909,0.02498074,108349.04098081929,4.322690336519006e-17,3.1271423583250613
GALAXY,0.2143094,4.22e-05,18.92491,0.01227967,0.02404783,17.59617,0.006899572,0.01663618,57491.609107904755,7.654099881331019e-16,0.7431520023234438
GALAXY,0.1953245,1.56e-05,17.97475,0.01471419,0.04590204,17.24749,0.009203648,0.03175482,52927.85284715102,1.836361272339074e-15,0.47978388003054284
GALAXY,0.6439050000000001,0.000199372,22.38795,0.2594981,0.06844579,20.8035,0.09874325,0.04735048,137848.56047819823,3.1526671765848095e-17,3.6617243856154724
GALAXY,0.6787496999999999,0.000120665,21.95109,0.14723039999999998,0.04513486,20.3966,0.05614844,0.03122409,142759.08394751322,4.7143532911064977e-17,2.994426463778517
GALAXY,0.07194421,2.21e-05,17.4465,0.006030973,0.07093631,16.58391,0.004379644,0.04907341,20794.341903234512,2.987157524146657e-15,0.3761799568352856
GALAXY,0.4664944,0.000252542,22.32207,0.16617379999999998,0.07809794,20.52436,0.05418926,0.0540278,109484.64126257286,3.349886751241464e-17,3.5523001344992626
GALAXY,0.5048513,0.000128822,21.35693,0.1147055,0.04975265,19.39652,0.03029681,0.03441865,116128.59095514106,8.148658645448653e-17,2.2776220166938046
GALAXY,0.07161166,1.13e-05,18.05956,0.008412822,0.0407463,17.24969,0.006045877,0.0281881,20701.76819067427,1.6983770992110947e-15,0.49889327789312904
GALAXY,0.7119004,0.000290741,23.42458,0.4805662,0.06326111,21.87511,0.1940137,0.04376374,147249.72622982357,1.2134618446780053e-17,5.902169156931659
GALAXY,0.0513576,8.14e-06,17.45597,0.005443747,0.07300994,16.9192,0.004941018,0.05050794,15001.749704704998,2.9612162585085807e-15,0.37782409632217495
GALAXY,0.3885367,6.4e-05,20.57757,0.0446332,0.03201703,18.824070000000006,0.01551196,0.02214923,95018.57840973379,1.6704370930754014e-16,1.5907782787103901
GALAXY,0.269034,2.68e-05,19.68685,0.02175115,0.03167766,18.22285,0.01045859,0.02191446,70105.7994829039,3.7941817015264345e-16,1.0555180205230161
GALAXY,0.6634831,0.000171808,21.54304,0.1751894,0.04826854,20.1077,0.07284687,0.03339195,140632.1447620619,6.865025032884501e-17,2.48143927804358
GALAXY,0.6130665,0.000162805,21.59475,0.1085594,0.04330226,20.48706,0.05774318,0.0299563,133332.80863277108,6.545730569053222e-17,2.5412398222067942
GALAXY,0.328122,0.000142164,21.32689,0.06038344,0.08602951,19.67661,0.02255812,0.05951482,82858.71569407721,8.37726251946205e-17,2.2463304917691373
GALAXY,0.6395525,0.000291767,21.67937,0.15072860000000002,0.07267167,20.48561,0.07427409,0.05027393,137221.03947979148,6.054943921077012e-17,2.6422241169752407
GALAXY,0.1590744,3.97e-05,18.42395,0.01055829,0.06403983,17.22615,0.006489561,0.04430246,43937.18925980782,1.2141661619857274e-15,0.5900457034222761
GALAXY,0.7158724,0.000113847,22.35319,0.1222689,0.08699859,20.9384,0.05026563,0.06018522,147776.29108172425,3.2552333422828585e-17,3.603575721580351
GALAXY,0.6279508,0.00017016400000000002,22.92913,0.2534582,0.1079567,21.27147,0.089918,0.07468393,135532.68992387838,1.9151646863803102e-17,4.698093462750644
GALAXY,0.5640470000000001,0.000198392,21.88346,0.1358851,0.08008294,20.2504,0.04738192,0.055401,125810.26555682108,5.017346853349724e-17,2.9026030834444176
GALAXY,0.3827605,8.26e-05,20.42005,0.07214192,0.2332229,18.65842,0.02349906,0.1613425,93892.92537697221,1.931248347697833e-16,1.4794682596091286
GALAXY,0.5425984,0.00015646,22.40433,0.13283589999999998,0.08463399,20.60937,0.04296307,0.0585494,122379.9910937854,3.1054613266694785e-17,3.6894501969530484
GALAXY,0.2124768,3.43e-05,19.07465,0.01406222,0.06969145,17.766189999999995,0.0076699340000000015,0.04821222,57055.354928577675,6.668038906957983e-16,0.7962063781952368
GALAXY,0.5805438,0.00016035799999999998,21.62856,0.1616602,0.19212,19.70438,0.06999823,0.13290770000000002,128390.35110103985,6.345036506929053e-17,2.581116768579659
GALAXY,0.1601559,3.15e-05,18.68148,0.01066159,0.07967599,17.5391,0.006496981999999999,0.05511948,44210.743748179244,9.577807965255016e-16,0.6643419123118854
GALAXY,0.6065603,0.00013182,22.49237,0.1625855,0.07394013,20.91729,0.05606652,0.05115144,132359.09055757808,2.863585305735891e-17,3.8421087409213146
GALAXY,0.4987737,0.00015732299999999998,22.19139,0.1098419,0.2275866,20.56158,0.04189242,0.1574433,115095.80607267965,3.7783494757513797e-17,3.34482693857497
GALAXY,0.05054566,2.42e-05,18.06545,0.006888464,0.26649520000000004,17.20116,0.005392083000000001,0.1843601,14770.708319338217,1.6891885354661618e-15,0.500248335518793
GALAXY,0.1430284,3.12e-05,18.5485,0.010005,0.32343,17.38105,0.0064340890000000005,0.2237474,39839.58714698319,1.082575327875837e-15,0.6248786007025661
GALAXY,0.3533672,8.240000000000001e-05,21.38507,0.06922124,0.1779922,19.7087,0.02935951,0.1231341,88044.9202977288,7.940175930602316e-17,2.307329678320277
GALAXY,0.1054614,6.91e-06,17.85752,0.01270757,0.06684945,17.44055,0.01220968,0.04624614,29957.715173313925,2.04573853160507e-15,0.4545688296302953
GALAXY,0.4637162,0.000116726,21.01171,0.1078068,0.1115326,19.24666,0.03342049,0.07715775,108991.63946374609,1.1198867987500407e-16,1.9428427554852505
GALAXY,0.17571729999999994,1.46e-05,20.20672,0.0248182,0.09769208,19.55018,0.01895201,0.06758293,48110.426000382504,2.3505534175431865e-16,1.3410335781122087
GALAXY,0.476197,0.000149584,21.54642,0.1270547,0.11404849999999997,20.34675,0.06856444,0.07889821,111193.78039993388,6.843686788690012e-17,2.4853047638306665
GALAXY,0.1774076,1.84e-05,19.37736,0.0207392,0.1192519,18.73368,0.01858323,0.08249789,48529.931835235344,5.045615187182201e-16,0.9153088305263629
GALAXY,0.07985607,2.33e-05,18.03266,0.006921824,0.09163933,17.13614,0.00518446,0.06339566,22987.174613676914,1.7409813755565882e-15,0.49275115652840445
GALAXY,0.3524056,8.52e-05,20.96981,0.07906646,0.1232263,19.09981,0.02300831,0.08524741,87850.17316891685,1.1639494654591336e-16,1.9057136832854642
GALAXY,0.1014494,8.23e-06,19.14907,0.01458328,0.09566517,18.70678,0.0143759,0.06618073,28878.210022693827,6.226301188046131e-16,0.8239666846594557
GALAXY,0.3698927,0.00010234,21.38949,0.08862110000000001,0.2581569,19.53049,0.0257268,0.17859170000000002,91357.61707388815,7.907917415347659e-17,2.3120309968922834
GALAXY,0.3829365,0.000146531,22.55754,0.14550739999999998,0.3506047,20.52771,0.03770408,0.2425467,93927.33696386318,2.6967589280200567e-17,3.9591654624629466
GALAXY,0.1144368,1.1e-05,17.628239999999995,0.00641521,0.2449813,16.9534,0.005359076999999999,0.1694769,32355.747655358107,2.526749132123615e-15,0.40901915981455755
GALAXY,0.5379512,2.1600000000000007e-05,21.35042,0.07640211,0.123182,20.21982,0.0450339,0.08521675,121625.28004755526,8.197664215377981e-17,2.270804008986263
GALAXY,0.5639328,0.0001486,22.86202,0.31514970000000003,0.2788,20.7164,0.0698995,0.1928726,125792.2298169757,2.0372772016718226e-17,4.555118214560988
GALAXY,0.26401040000000003,6.68e-05,19.57796,0.02776885,0.07184295,18.09441,0.01200667,0.04970062,68980.67415144196,4.194441341091461e-16,1.0038935231220627
GALAXY,0.4936072,0.00012683600000000002,22.12742,0.12991480000000002,0.05237689,20.39656,0.0412703,0.03623409,114212.00635321936,4.007653127516484e-17,3.24772802034654
GALAXY,0.5229921,0.000133531,22.83366,0.2312018,0.03540849,20.62561,0.05242189,0.02449543,119167.6577842029,2.0911930419372368e-17,4.496013972866037
GALAXY,0.003449282,4.01e-05,16.43996,0.006350826,0.04556304,15.90705,0.006237306999999999,0.031520299999999994,1032.2853423606107,7.548734053874362e-15,0.23663972517471604
GALAXY,0.6190711999999999,0.000179707,23.45503,0.3103291,0.0695613,21.66356,0.1123613,0.04812218,134224.91093672748,1.179902510545335e-17,5.9855167747935765
GALAXY,0.3031296,5.3799999999999986e-05,20.53347,0.03961007,0.03699197,18.89126,0.01671812,0.02559087,77571.44091741146,1.7396830224118613e-16,1.5587973265624253
GALAXY,0.5595161,0.000128194,22.40261,0.15582620000000005,0.03370658,20.60777,0.05271554,0.02331806,125092.8334091061,3.110384830697418e-17,3.6865289801174757
GALAXY,0.5859502,0.000182225,23.05541,0.3141225,0.07510252,20.97078,0.07212815,0.05195558,129225.08540404252,1.704881213534976e-17,4.979407307047776
GALAXY,0.07249627,1.49e-05,18.11293,0.01054189,0.02521112,17.61972,0.01812192,0.01744094,20947.949588871998,1.6169110357750981e-15,0.511306898565785
GALAXY,0.1780233,1.7899999999999998e-05,18.0476,0.006655673000000001,0.1537377,17.240489999999998,0.005040662,0.106355,48682.54092764065,1.7171891083324843e-15,0.49615303496741575
GALAXY,0.3630813,8.68e-05,20.21965,0.03891408,0.11138019999999997,18.44787,0.01512806,0.0770523,89999.98715692722,2.322726769405377e-16,1.3490425635334597
GALAXY,0.007076292,1.3699999999999998e-05,16.11829,0.005502165,0.16548110000000002,15.71497,0.008050763,0.1144791,2113.9132687544297,1.015177830864502e-14,0.20405801246069286
GALAXY,0.7752578,0.000129047,22.22825,0.12791760000000002,0.1895055,21.68218,0.12211389999999997,0.131099,155367.76765359298,3.652230047832428e-17,3.4020888553681323
GALAXY,0.6148477,0.00026086,22.99527,0.3255028,0.044394800000000005,20.93508,0.0873468,0.03071212,133598.09152518783,1.8019806585862155e-17,4.843392358873754
GALAXY,0.09365164,2.22e-05,17.6227,0.0064067690000000005,0.15139670000000002,16.64282,0.004929396,0.1047356,26766.621593238033,2.5396748907314737e-15,0.40797697385225157
GALAXY,0.5337049,0.000189586,22.35402,0.2277785,0.1458766,20.56945,0.07195543,0.1009167,120932.05463816498,3.2527458032268757e-17,3.604953376449978
GALAXY,0.4273339,0.000107056,21.4449,0.09572397,0.09786613,19.61787,0.03226655,0.06770334,102384.08309669173,7.514466024637334e-17,2.371786825002072
GALAXY,0.2906396,3.98e-05,24.22494,0.7370038000000001,0.12781389999999998,21.34991,0.1067558,0.08842108,74870.8463708521,5.806068097204655e-18,8.532644509929224
GALAXY,0.5377414,0.000184295,22.32644,0.1915331,0.2193501,20.62116,0.0581692,0.1517454,121591.1107227353,3.3364308269373917e-17,3.5594561924172643
GALAXY,0.032588099999999995,1.26e-05,15.6869,0.004075494,0.09221404,15.11364,0.002901991,0.06379324,9610.560982029885,1.510421382683695e-14,0.16729218452525071
GALAXY,0.5405904,0.000203763,22.07444,0.1483701,0.08711018,20.56116,0.05440228,0.06026242,122054.39611065896,4.208061954258644e-17,3.1694481563665975
GALAXY,0.08743356,6.52e-06,17.75122,0.0058070990000000005,0.1971744,17.039270000000002,0.004852014,0.13640429999999998,25070.03475973245,2.256161194627675e-15,0.432852223012263
GALAXY,0.1342101,1.92e-05,18.20541,0.008357363000000001,0.1298796,17.24073,0.0060578640000000005,0.08985011,37556.46256117935,1.4848894621890942e-15,0.5335531058142907
GALAXY,0.5117841,0.000190902,20.51533,0.05406553,0.1210721,18.84334,0.01955667,0.08375711,117297.69971698319,1.7689930440593018e-16,1.545829718308628
GALAXY,0.8694350000000001,0.000267414,22.50561,0.1911749,0.03617645,21.69832,0.1540126,0.0250267,166396.8406423041,2.828877394247573e-17,3.865606583743948
GALAXY,0.1157677,2.69e-05,17.68819,0.006927277,0.03671818,16.69172,0.004790714000000001,0.02540147,32709.34326830499,2.391014033994214e-15,0.42046868077473354
GALAXY,0.07728101,1.44e-05,18.20464,0.01039378,0.06324008,17.64326,0.00889443,0.0437492,22275.505215149617,1.4859429136736788e-15,0.533363942434884
GALAXY,0.625695,0.00021158,22.42716,0.3986256,0.0896946,20.03541,0.06598143,0.06205031,135201.74425609573,3.040843891236099e-17,3.7284442383441996
GALAXY,0.4809577,0.000117673,21.99343,0.1058007,0.04899178,20.2132,0.03299661,0.03389229,112025.26177500702,4.5340481221603436e-17,3.053385594252936
GALAXY,0.4375794,0.000110191,21.64818,0.09541334,0.1003657,19.93833,0.03256658,0.06943254,104273.5887381408,6.2314071059073e-17,2.604543722157462
GALAXY,0.08302934,2.09e-05,17.43725,0.006628457,0.04397884,16.49033,0.004729759,0.03042436,23861.483050243634,3.012715523299202e-15,0.37458092025955686
GALAXY,0.5137986,0.000113809,21.52038,0.1090205,0.1525268,19.59717,0.03259716,0.1055173,117635.62560353724,7.009808040090528e-17,2.455679316359879
GALAXY,0.5913428000000001,0.000173625,23.44811,0.4171117999999999,0.0557692,20.76171,0.06450389,0.03858087,130052.42728782157,1.1874467008444835e-17,5.966472623856888
GALAXY,0.2015855,3.9299999999999986e-05,18.99465,0.01412172,0.04992485,17.64525,0.008101056,0.03453778,54443.8110456288,7.177911926470517e-16,0.767406816099096
GALAXY,0.31985050000000004,3.73e-05,20.31398,0.03704226,0.1034186,18.57058,0.01211515,0.07154454,81125.88330759665,2.129443517991116e-16,1.4089372531191866
GALAXY,0.1722697,2.71e-05,18.86789,0.009515721,0.07934343,17.601570000000006,0.0056958,0.05488942,47252.31296618058,8.066815520503184e-16,0.7238917919361764
GALAXY,0.3757698,0.00011835,21.49188,0.05962732,0.036526300000000005,19.57943,0.01816068,0.02526873,92520.32535360752,7.196248057007005e-17,2.423659759747869
GALAXY,0.0732768,2.17e-05,18.12624,0.00729722,0.06728923,17.21882,0.005192384,0.04655038,21164.974077191957,1.597210384654182e-15,0.5144505694441681
GALAXY,0.28998270000000004,4.46e-05,20.058670000000006,0.02512917,0.06449832,18.5571,0.0113838,0.04461964,74727.72264020177,2.693953686434754e-16,1.2526497390776856
GALAXY,0.1315864,2.47e-05,18.17624,0.01169767,0.09568915,17.39251,0.008693374,0.06619731,36872.86637422552,1.5253240756612036e-15,0.5264336625870583
GALAXY,0.1488414,9.9e-06,17.88285,0.007258188,0.08094904,17.0319,0.00540886,0.05600017,41332.47606420555,1.9985642990088163e-15,0.45990237493778924
GALAXY,0.08135255,1.51e-05,17.38438,0.005083485,0.09309394,16.39951,0.003861658,0.06440196,23399.858674087907,3.1630504960681953e-15,0.3655709289079996
GALAXY,0.007039182,2.17e-05,22.11264,0.1175085,0.04875188,21.37839,0.08712076,0.03372633,2102.866486189343,4.0625818619077724e-17,3.2256976088600777
GALAXY,0.7684031,0.000328923,23.1538,0.5001677,0.0849385,21.38621,0.1463024,0.05876005,154517.76295178707,1.5571775191048384e-17,5.210215088866487
GALAXY,0.07989921,6.26e-06,18.31171,0.01028142,0.07910310000000001,17.45035,0.007488321,0.05472316,22999.08056374371,1.3464000689347168e-15,0.5603219712440775
GALAXY,0.4756003,0.000116064,21.69114,0.1213669,0.06418985,20.01503,0.04267033,0.04440624,111089.23381901659,5.989659374125431e-17,2.656584609363639
GALAXY,0.03325677,7.76e-06,17.907770000000006,0.009785162,0.06838523,17.65247,0.01125826,0.04730859,9804.430365858392,1.9532153343872533e-15,0.46521065414280727
GALAXY,0.15998510000000002,2.81e-05,18.92914,0.01197515,0.2085492,17.71811,0.007220018000000002,0.1442734,44167.56356591088,7.624337721319515e-16,0.7446010636726782
GALAXY,0.4971469,0.000110141,20.91998,0.09112824,0.03608336,19.25675,0.032336500000000004,0.0249623,114818.10067934681,1.218613893403726e-16,1.8624801477307529
GALAXY,0.5638472,0.000136512,22.00994,0.1974371,0.09938847,20.23139,0.06064186,0.06875648,125778.70932031966,4.4656237119370466e-17,3.076689378776349
GALAXY,0.3718645,0.000130283,22.10853,0.07533742,0.03043295,20.46243,0.03376394,0.02105337,91748.60770790577,4.077989706394354e-17,3.219598024764527
GALAXY,0.03332649,4.85e-06,16.955579999999998,0.005461447,0.06713133,16.562920000000002,0.005220604,0.04644114,9824.636789797189,4.694897609262141e-15,0.3000624509206174
GALAXY,0.06663624,1.12e-05,16.25233,0.003915602,0.1889897,15.63676,0.003420182,0.1307422,19312.827250546783,8.972761521483623e-15,0.21705093063687622
GALAXY,0.6887615,0.000163266,21.75574,0.14619,0.09350821,20.56699,0.07808312,0.06468855,144133.55765247595,5.643676675572416e-17,2.736803724954675
GALAXY,0.437982,9.22e-05,21.16688,0.06602115,0.1871612,19.36524,0.0220811,0.12947730000000002,104347.3722205808,9.707471522824813e-17,2.086755910564139
GALAXY,0.5414479,0.000150726,22.19485,0.1100243,0.09427745,20.77039,0.04951684,0.06522069999999999,122193.53298227186,3.7663278808891e-17,3.3501607969658114
GALAXY,0.07082972,1.63e-05,17.789920000000006,0.005955935,0.1068482,16.88557,0.004590353,0.07391711,20483.966539653564,2.1771588900300137e-15,0.4406356713874891
GALAXY,0.1765287,4.08e-05,18.48225,0.01100996,0.06434908,17.186339999999998,0.006049695,0.04451639,48311.90216121344,1.1506894337949955e-15,0.60610190955396
GALAXY,0.3287196,8.759999999999999e-05,20.46309,0.03957148,0.3652303,18.64858,0.01377404,0.2526646,82983.26185937734,1.8561887031314288e-16,1.5090848260882868
GALAXY,0.1213116,2.58e-05,18.28095,0.007817577,0.06511194,17.26533,0.005447913,0.04504414,34176.735714471906,1.3850904191288752e-15,0.5524406814118782
GALAXY,0.06162212,2.1600000000000007e-05,18.11206,0.006758529,0.02013077,17.278370000000002,0.005235945,0.01392637,17905.664177200888,1.618207185193945e-15,0.5111020845880563
GALAXY,0.2223441,6.64e-05,19.44378,0.01674075,0.27745390000000003,17.94805,0.008163269,0.1919413,59393.56369942044,4.746200985888831e-16,0.9437384559711175
GALAXY,0.1138647,1.7899999999999998e-05,18.3201,0.01012595,0.1035719,17.508960000000002,0.007932172,0.07165059,32203.593344908113,1.3360358913301172e-15,0.5624910961832433
GALAXY,0.6186889,0.0002173,22.3732,0.2499109,0.05785372,20.69814,0.08356404,0.04002294,134168.30041424552,3.195789203394397e-17,3.6369359458712593
GALAXY,0.3269882,7.3e-05,20.08394,0.02909913,0.04219262,18.3895,0.01165661,0.02918866,82622.18048298442,2.6319772145640135e-16,1.2673123067378584
GALAXY,0.5125117,0.00017031900000000002,22.02949,0.1298531,0.06474574,20.35034,0.04749273,0.0447908,117419.84488014445,4.3859343344994713e-17,3.1045142116916047
GALAXY,0.5529518,0.000193726,22.84937,0.1616224,0.20813070000000006,21.21418,0.06265499,0.1439838,124046.62159465849,2.0611524989149055e-17,4.528659333364711
GALAXY,0.2435866,5.21e-05,19.45008,0.01772898,0.2665136,17.880010000000006,0.008035582,0.1843729,64338.65117208481,4.718740832175729e-16,0.9464804596833033
GALAXY,0.1760664,2.95e-05,19.259,0.01490144,0.2600871,17.9507,0.007630655999999999,0.1799271,48197.132430516656,5.626756550521484e-16,0.8667535962771707
GALAXY,0.1216632,2.85e-05,18.70774,0.01005644,0.1723391,17.683889999999995,0.006471915,0.1192234,34269.49949050197,9.34893467528022e-16,0.672424691318149
GALAXY,0.3952213,5.62e-05,21.44771,0.08283406,0.3520899,19.65341,0.02792771,0.2435742,96311.74363139548,7.495042938045173e-17,2.374858029158397
GALAXY,0.5965191999999999,0.000277626,22.23521,0.1419012,0.14149560000000005,21.11467,0.09177469,0.09788603,130841.68910275548,3.6288926844578346e-17,3.4130107193126307
GALAXY,0.1145918,4.41e-05,18.2933,0.009556977,0.185106,17.21716,0.006782747,0.12805550000000002,32396.954727828463,1.3694246001413613e-15,0.5555915760383764
GALAXY,0.193247,1.77e-05,19.31278,0.01893089,0.07497341,18.3765,0.01237001,0.05186626,52422.45377213411,5.354835392885867e-16,0.8884881753642042
GALAXY,0.01916992,8.27e-06,16.23384,0.003987456,0.09366024,15.70134,0.00374056,0.06479372,5691.92262517801,9.126875475993524e-15,0.2152105970179631
GALAXY,0.17307170000000002,4.35e-05,17.71333,0.01201296,0.1004479,16.673560000000002,0.007345315,0.06948939,47452.22855418576,2.336286638491513e-15,0.4253649020361603
GALAXY,0.398614,0.000102075,21.33698,0.0543279,0.1059784,19.56509,0.01963217,0.07331538,96964.19371088893,8.299771293052518e-17,2.2567926165034273
GALAXY,0.5635785,0.000106969,21.83532,0.09436785,0.06047574,20.78612,0.05710742,0.04183684,125736.2593856957,5.244814411180672e-17,2.838962476025716
GALAXY,0.5257994,0.000140268,21.045820000000006,0.09083722,0.09463176,19.25635,0.02982072,0.06546582,119632.17550442819,1.0852508263615736e-16,1.9736023439784809
GALAXY,0.14983929999999998,2.63e-05,18.25864,0.00972278,0.0947108,17.276970000000002,0.0064311540000000006,0.06552050000000001,41587.78873851374,1.4138460576789113e-15,0.5467938890699896
GALAXY,0.5075029999999999,0.000215636,22.37223,0.1952812,0.16649129999999998,20.58204,0.05493601,0.1151779,116576.88796555974,3.1986456068772304e-17,3.63531168390673
GALAXY,0.3186211,4.35e-05,20.27541,0.02743912,0.1022018,18.6477,0.01137019,0.07070274,80866.8987890711,2.2064501767231632e-16,1.3841324556978278
GALAXY,0.5282041999999999,0.000202753,22.5254,0.2122848,0.102971,20.40775,0.05082193,0.07123486,120028.87220281879,2.777781781532378e-17,3.9009973229499852
GALAXY,0.5661508000000001,0.000144231,22.39176,0.1491557,0.027854000000000004,20.71307,0.04804352,0.01926927,126142.08822093005,3.1416234154751577e-17,3.6681547764232363
GALAXY,0.5840944,0.000187302,22.5129,0.1618821,0.06571387,20.88287,0.05619303,0.04546055,128939.15180471656,2.809946978615628e-17,3.8786058868065267
GALAXY,0.08647212,1.09e-05,17.45457,0.006694854,0.04111819,16.86141,0.006063287,0.02844537,24806.694958482916,2.9650370546893433e-15,0.3775805826331983
GALAXY,0.24977929999999995,5.1e-05,20.65216,0.1048998,0.06525913,19.67587,0.0582177,0.04514597,65757.71330891538,1.5595314065610363e-16,1.646370790257527
GALAXY,0.5700243,0.00015848700000000002,21.21707,0.08531231,0.040166900000000005,19.95275,0.04475944,0.02778727,126750.8947570602,9.268941159422359e-17,2.135549548519264
GALAXY,0.1157639,2.34e-05,17.99577,0.008034173,0.07820813,17.0289,0.005516811,0.05410403,32708.334409370902,1.8011510068747815e-15,0.4844507719583978
GALAXY,0.4212704,9.62e-05,21.62213,0.1100295,0.1180847,20.02893,0.040181199999999986,0.08169043,101255.03416415637,6.382724881957908e-17,2.573485065448286
GALAXY,0.3410557,4.64e-05,20.3761,0.03414775,0.14543699999999998,18.68202,0.012118,0.1006127,85534.88059699813,2.0110280360429157e-16,1.449825227200661
GALAXY,0.5715336,0.00013110299999999998,22.81599,0.23200860000000004,0.2060161,20.91574,0.0688885,0.142521,126987.3652241002,2.1255049719682598e-17,4.45957684938686
GALAXY,0.6178956999999999,0.000135486,21.96412,0.1392519,0.07604906,20.67168,0.06429305,0.05261039,134050.76346140148,4.6581141308698476e-17,3.0124486471372176
GALAXY,0.0349797,1.4e-05,16.12396,0.003111275,0.1590932,15.21251,0.002591523,0.1100599,10303.348655255628,1.0098901241638912e-14,0.20459153100433777
GALAXY,0.1176897,2.3800000000000006e-05,17.43131,0.005843135,0.04615884,16.39565,0.003842737,0.03193247,33219.07723036973,3.0292430851784002e-15,0.3735576651615806
GALAXY,0.02913004,1.53e-05,17.93139,0.009534131,0.04582658,17.330920000000006,0.008143477,0.03170262,8605.822881953605,1.9111823465015877e-15,0.4702985635626372
GALAXY,0.1526521,1.28e-05,18.61889,0.01087773,0.1089568,17.80082,0.008213368,0.0753758,42305.92158045672,1.0146169778465749e-15,0.6454664185076521
GALAXY,0.5357712,0.000148512,22.18621,0.1259856,0.09347416,20.59972,0.05415057,0.06466499,121269.81947571966,3.796418885942853e-17,3.336857436292276
GALAXY,0.125247,2e-05,18.52233,0.008690746999999999,0.05305365,17.67171,0.00644297,0.03670227,35212.98883882598,1.1089861573387405e-15,0.617392930531968
GALAXY,0.1032356,8.16e-06,17.50035,0.007143246,0.12881389999999998,16.81264,0.00650434,0.08911287,29359.401090663065,2.8426155353961695e-15,0.38562541812944306
GALAXY,0.3811367,8.31e-05,21.47121,0.1098618,0.09199467,19.66941,0.04124214,0.06364149,93575.1031275455,7.334561005766302e-17,2.400698672284519
GALAXY,0.04517651,8.35e-06,17.41483,0.01367753,0.04864808,16.94567,0.009505466,0.03365452,13237.94960581136,3.075573605928128e-15,0.3707333472111527
GALAXY,0.4869578,0.000126621,21.7257,0.1176187,0.09980429,19.83811,0.03642623,0.06904415,113066.5802003677,5.802005353683814e-17,2.699203648495257
GALAXY,0.4617478,0.000182722,21.7264,0.1042807,0.05469113,20.2644,0.04445862,0.03783507,108641.3601856169,5.798265868190721e-17,2.7000739092089323
GALAXY,0.5387341999999999,0.000114709,21.78666,0.09216113,0.04258148,20.34765,0.03771802,0.02945767,121752.72973595255,5.485220939123995e-17,2.776052353946349
GALAXY,0.08491035,6.74e-06,16.99643,0.004486523,0.03213546,16.47927,0.004084502,0.02223116,24378.344628260533,4.521537376413646e-15,0.30576069176598947
GALAXY,0.1781294,4.19e-05,19.79227,0.02523266,0.03399011,18.58949,0.0138729,0.0235142,48708.828493943554,3.4431038755620545e-16,1.1080252371026988
GALAXY,0.2462052,7.75e-05,19.92982,0.03990059,0.06855163,18.38678,0.01520972,0.0474237,64939.93903333303,3.0334030926220306e-16,1.1804827690744117
GALAXY,0.16364179999999998,2.47e-05,18.254620000000006,0.009928413,0.03146124,17.29737,0.006739146999999999,0.02176474,45090.22194983129,1.419090606183688e-15,0.5457825577625781
GALAXY,0.7160635999999999,0.000222821,24.46045,1.048437,0.05187369,21.81169,0.17244849999999998,0.03588598,147801.57728814136,4.673886105733044e-18,9.510112452225568
GALAXY,0.5457761999999999,0.00016407900000000005,22.0759,0.08458962,0.06206354,20.72307,0.03893567,0.04293527,122893.6972371023,4.202407135451445e-17,3.171579866749933
GALAXY,0.2225033,4.47e-05,18.63082,0.01374869,0.02983312,17.4912,0.008508426,0.02063841,59431.07320028296,1.0035294574015049e-15,0.6490223495179828
GALAXY,0.1216517,1.5399999999999998e-05,18.08674,0.007769226999999998,0.06152271,17.34635,0.006084563,0.04256113,34266.465973026425,1.6563881895006765e-15,0.5051770962714304
GALAXY,0.6726958000000001,0.000360954,23.08912,0.3000345,0.02547611,21.65483,0.13902379999999998,0.01762425,141920.17552281177,1.652761262210744e-17,5.057310893201827
GALAXY,0.5519199,0.000139209,22.53139,0.2195273,0.04632441,20.45212,0.05247611,0.03204701,123881.4221040782,2.7624989727809194e-17,3.911773067730283
GALAXY,0.6943228,0.000279141,22.51807,0.2228068,0.0975889,20.65699,0.06411976,0.06751154,144890.16447070273,2.7965985310880453e-17,3.887851356563598
GALAXY,0.4487027,2.87e-05,20.88723,0.06103126,0.1219562,19.22754,0.02181568,0.08436876,106299.29296078064,1.2559319976785273e-16,1.8346011114482235
GALAXY,0.4810289000000001,0.000137192,21.31451,0.1333032,0.09720973,19.57863,0.03999407,0.06724924,112037.66181670805,8.473330088823686e-17,2.2335601485539582
GALAXY,0.2480421,5.6100000000000015e-05,19.20769,0.01533169,0.028596100000000006,17.69882,0.007525653,0.01978265,65360.652178681965,5.899050651500326e-16,0.8465130395108005
GALAXY,0.6826612,0.000201793,22.75037,0.1758867,0.07353549,21.21174,0.07302104,0.05087151,143297.98026912787,2.2579281872736984e-17,4.326828207268453
GALAXY,0.1770868,3.4899999999999995e-05,18.43444,0.01043823,0.05109271,17.283739999999998,0.006532623,0.0353457,48450.37559443319,1.2024918046425484e-15,0.5929030060930286
GALAXY,0.2827711,0.000106457,21.50088,0.08890307,0.08081733,20.03028,0.03487104,0.05590905,73149.27832096159,7.136842707130577e-17,2.4337258346326474
GALAXY,0.07093622,1.24e-05,16.115489999999998,0.00363257,0.1780023,15.25134,0.002840602,0.1231412,20513.64169842744,1.0177992469313378e-14,0.20379505990385016
GALAXY,0.1525446,2.4e-05,18.18199,0.01013891,0.06171284,17.22662,0.006461414,0.04269266,42278.517134555805,1.5172673948629662e-15,0.5278294918800119
GALAXY,0.6710031999999999,0.000114754,21.48819,0.05243507,0.0298889,20.42351,0.033197000000000004,0.020677,141684.56740724604,7.22074694546614e-17,2.4195447131725056
GALAXY,0.780872,0.000156559,22.73046,0.32094709999999993,0.07225709,20.84614,0.08913378,0.04998712,156058.9842426562,2.2997155680321858e-17,4.287337299403483
GALAXY,0.576717,0.000209735,23.17766,0.2461699,0.1204829,21.33272,0.07766734,0.08334948,127796.2909120522,1.5233304565851463e-17,5.267780281293006
GALAXY,0.05845257,1.59e-05,17.88886,0.01118136,0.3280898,17.30344,0.009946254,0.226971,17012.314034337644,1.9875319794828936e-15,0.4611770131889302
GALAXY,0.09289157,2.3e-05,17.68283,0.006284063,0.1490954,16.75498,0.004615813,0.1031435,26559.84697133494,2.402847038664887e-15,0.4194320878587073
GALAXY,0.4739174,0.000154075,22.12624,0.1528845,0.05954348,20.33771,0.03984817,0.0411919,110793.97950827434,4.012011093479057e-17,3.2459636516281476
GALAXY,0.5412513000000001,0.00016495599999999998,22.25992,0.1441055,0.17491729999999994,20.47127,0.04431105,0.121007,122161.64532599182,3.54723634195223e-17,3.4520704662514916
GALAXY,0.13160629999999998,2.9600000000000005e-05,18.76442,0.01068586,0.1030927,17.74428,0.006894975,0.07131908,36878.058691628125,8.873401346000899e-16,0.6902074652336674
GALAXY,0.5789313,0.000125229,21.40645,0.131798,0.09470855,19.75519,0.04157194,0.06551893,128140.35729961836,7.785349706309028e-17,2.3301595143205196
GALAXY,0.2016545,3.69e-05,18.58599,0.01194388,0.1103582,17.18852,0.006165566,0.07634528,54460.4579468563,1.045832479495887e-15,0.6357606620738402
GALAXY,0.1532405,2.77e-05,18.39606,0.01270105,0.04440803,17.66852,0.01137753,0.03072127,42455.861446756346,1.2457592632779025e-15,0.5825157231912063
GALAXY,0.4970176,0.000161067,22.15764,0.13389520000000002,0.1050613,20.1694,0.03715625,0.07268094,114796.00545524414,3.897643603899486e-17,3.293242051386708
GALAXY,0.6518776,0.00010706,22.55092,0.21769610000000006,0.03400816,20.73233,0.06701545,0.02352669,138989.77088232536,2.7132519587212e-17,3.947113840664772
GALAXY,0.07227033,1.62e-05,17.50535,0.0054176630000000005,0.2205894,16.65885,0.004247888,0.1526027,20885.093907182836,2.829554903380966e-15,0.38651437652712056
GALAXY,0.3637425,3.3600000000000004e-05,20.06227,0.04028151,0.1656375,19.02521,0.02366006,0.1145872,90132.25221527822,2.685036075822614e-16,1.2547281809692612
GALAXY,0.622826,0.000133939,22.1565,0.1270393,0.1911404,20.71856,0.0539403,0.13223,134779.57294787362,3.9017381963043804e-17,3.2915135879663096
GALAXY,0.4591697,0.000136752,22.13119,0.13476010000000002,0.08956169,20.34091,0.04603547,0.06195836,108181.35171816863,3.993761492202147e-17,3.2533714581286977
GALAXY,0.7286389,0.00018169,24.15556,1.2214040000000002,0.4040474,20.73571,0.1275145,0.27951809999999994,149452.44205814722,6.1891944183665486e-18,8.264330033552568
GALAXY,0.3600669,7.4e-05,21.15807,0.05656685,0.06143184,19.39178,0.0201498,0.04249826,89395.69018020091,9.786561400728657e-17,2.078306769852066
GALAXY,0.1062906,7.25e-06,21.66785,0.06298037,0.1314804,22.03942,0.1181779,0.09095753,30180.24204179103,6.119530803444595e-17,2.6282438223160254
GALAXY,0.5096036,0.000245848,23.85644,0.4784037,0.1832573,21.705170000000006,0.11800330000000002,0.1267765,116931.0221256527,8.152337019488869e-18,7.200848142925247
GALAXY,0.1184143,8.04e-06,19.56105,0.01436424,0.3178921,18.87641,0.01231593,0.2199163,33410.97081191367,4.260279822067194e-16,0.9961062206886256
GALAXY,0.14948470000000005,5.51e-06,19.51226,0.01848907,0.3239695,19.03353,0.02441159,0.2241206,41497.09675437205,4.456091759365556e-16,0.9739746473008177
GALAXY,0.24311910000000006,4.9e-05,19.67134,0.02824535,0.15815079999999998,18.16871,0.01439251,0.109408,64231.11240589002,3.848771475454547e-16,1.0480057181930538
GALAXY,0.02415411,1.24e-05,18.29308,0.01193261,0.2108552,17.76846,0.0109206,0.14586870000000002,7153.79229749669,1.369702111323086e-15,0.5555352898269549
GALAXY,0.02914087,1.3800000000000003e-05,16.37199,0.005574861,0.297695,15.86216,0.006350719,0.205944,8608.975116094054,8.036410736676495e-15,0.2293473108411497
GALAXY,0.100683,2.25e-05,21.01518,0.07612268,3.122922,19.57276,0.03287188,2.160423,28671.461115331054,1.1163133672217423e-16,1.9459498885863395
GALAXY,0.2645809,4.25e-05,19.84828,0.02464941,0.06315356,18.36176,0.01100031,0.04368934,69108.77689763144,3.2699877461619157e-16,1.1369769290004108
GALAXY,0.3530659,8.28e-05,20.54991,0.03420918,0.08116278,18.83626,0.01372171,0.05614803,87983.92342722621,1.713539520104923e-16,1.5706436118432543
GALAXY,0.4058919,7.979999999999999e-05,20.99131,0.07067853,0.03872731,19.24146,0.02347692,0.02679138,98355.04390423087,1.141127378232432e-16,1.924676094943275
GALAXY,0.1137239,1.34e-05,17.63863,0.005962795,0.05730793,16.81952,0.004714819,0.03964536,32166.13196145064,2.5026846228502888e-15,0.41098091269285036
GALAXY,0.1902521,4.2e-05,18.76034,0.01202372,0.05155717,17.5532,0.007558188,0.03566701,51691.78322517921,8.906808711136582e-16,0.6889118454717807
GALAXY,0.4881839,0.000104496,21.79714,0.08082444,0.04927422,20.09251,0.03045498,0.03408768,113278.46450120454,5.4325298987352674e-17,2.789482571283411
GALAXY,0.1809886,4.01e-05,18.88527,0.01229911,0.1627269,17.65636,0.007218746,0.1125737,49416.049747597855,7.938713430849027e-16,0.7297089152194054
GALAXY,0.1163973,6.09e-06,18.88802,0.009752851,0.1365774,18.63985,0.0103901,0.09448362,32876.43747338561,7.918631354440656e-16,0.7306336199076311
GALAXY,0.112265,2.17e-05,17.64559,0.005979533,0.1356859,16.644270000000002,0.004280847,0.09386686,31777.636935126528,2.486692733048549e-15,0.4123003013987449
GALAXY,0.1181212,9.96e-06,18.42112,0.007755924,0.2023755,17.74418,0.006433824,0.1400024,33333.368350793564,1.2173350461460817e-15,0.5892772194699191
GALAXY,0.6574411,0.000202323,22.76932,0.6251399999999999,0.05082046,20.06163,0.08601747,0.03515736,139779.873370154,2.2188611450472196e-17,4.364752800298086
GALAXY,0.4190093,8.109999999999999e-05,20.94283,0.07534713,0.05200451,19.29448,0.02656435,0.03597648,100831.93762619853,1.193235389020656e-16,1.882182158166238
GALAXY,0.08809134,1.32e-05,21.3114,0.04641773,0.02808536,20.906,0.05090259,0.01942932,25250.045152334413,8.497636024415273e-17,2.2303635156697825
GALAXY,0.6647841,6.35e-05,20.03106,0.03591107,0.04014014,19.1834,0.02580626,0.02776876,140814.87711750995,2.763338737736003e-16,1.2368232832937813
GALAXY,0.5881075,0.000186075,22.77183,0.1849097,0.03440006,21.09546,0.07454765,0.0237978,129556.69068214974,2.2137375166570848e-17,4.369800925089721
GALAXY,0.21247710000000006,3.61e-05,19.09836,0.0135108,0.04179245,17.78345,0.007578033,0.02891183,57055.426418733616,6.524002596340581e-16,0.804947678650007
GALAXY,0.3975303,2.3e-05,20.90018,0.04934834,0.04102108,19.31286,0.02124484,0.02837819,96756.07060105696,1.2410409879289652e-16,1.845574802993602
GALAXY,0.6202639,0.000135613,22.43847,0.1831337,0.04897845,20.41335,0.05219575,0.03388307,134401.3617798572,3.009332152016782e-17,3.7479143047369723
GALAXY,0.4047775,8.77e-05,20.87012,0.06003219,0.07943904,19.02891,0.01861965,0.05495556,98142.84765889341,1.2758808680681944e-16,1.8202022726481843
GALAXY,0.6731845000000001,0.000178472,21.63649,0.138669,0.04244299,20.27087,0.05841934,0.02936186,141988.11573167704,6.298862458100732e-17,2.590559981136035
GALAXY,0.09309778,1.41e-05,17.16412,0.005036519000000001,0.05746809,16.21525,0.003642988,0.03975616,26615.96248297758,3.87445057571896e-15,0.33030842585869874
GALAXY,0.08585196,1.36e-05,17.18394,0.004950814,0.04740692,16.26827,0.003732828,0.03279589,24636.688076388353,3.804364541627914e-15,0.3333370996147691
GALAXY,0.5709454,0.000139075,21.50979,0.10182460000000003,0.07302317,20.64945,0.07330319,0.05051709,126895.25852848102,7.078514486508092e-17,2.4437324301518903
GALAXY,0.2545889,3.07e-05,19.39974,0.01535424,0.05095188,17.96108,0.00830973,0.03524828,66852.87958861265,4.942675800600961e-16,0.9247911228759687
GALAXY,0.16395379999999998,2.3e-05,18.48201,0.01075399,0.04864933,17.61538,0.008253042,0.03365538,45168.77136982044,1.1509438197020717e-15,0.6060349243971201
GALAXY,0.1635012,3.3100000000000005e-05,17.95522,0.009066335,0.05988631,16.7289,0.005709035,0.04142908,45054.81540269949,1.869692238564647e-15,0.4754880999121433
GALAXY,0.06301264,1.99e-05,16.78513,0.004515538,0.06369966,15.95845,0.003693637,0.04406713,18296.64683118462,5.49295606297828e-15,0.2774097061257206
GALAXY,0.7610909,3.41e-05,17.51591,0.005015236,0.1260325,17.13581,0.004828333,0.08718867,153603.62024932128,2.80216771587336e-15,0.3883985968460048
GALAXY,0.4923646,7.45e-05,21.36819,0.06857423,0.08201579,19.67506,0.02469489,0.05673815,113998.63807936631,8.064586884914846e-17,2.2894631211899683
GALAXY,0.5058391999999999,0.000131565,21.98141,0.130242,0.02136084,20.10483,0.03935148,0.01477733,116295.76942828002,4.5845226762304993e-17,3.0365305320823683
GALAXY,0.3569538,7.56e-05,21.09754,0.06475523,0.1114494,19.21153,0.01868976,0.07710017,88769.35849662806,1.034765940027294e-16,2.0211737643172683
GALAXY,0.03098927,3e-05,18.23174,0.008225648,0.03306358,17.52971,0.0068385830000000005,0.02287323,9146.465863124382,1.44931279129144e-15,0.540062039640507
GALAXY,0.4822094,0.000100457,21.81391,0.07497463,0.08472371,20.3509,0.0325181,0.05861147,112243.10346216151,5.3492651482598545e-17,2.8111087844033014
GALAXY,0.5539765,0.000181202,22.15914,0.11717260000000003,0.1194487,20.53414,0.0417319,0.08263409,124210.47002129928,3.8922625282347254e-17,3.295517728303704
GALAXY,0.4680564,0.000160025,21.91954,0.09948056,0.08338102,20.38925,0.04044551,0.0576826,109761.11496444397,4.8533557390833524e-17,2.951234045500939
GALAXY,0.6772326,0.00015952799999999998,21.50082,0.09523781,0.09180009,20.36208,0.05204779,0.06350688,142549.4089773277,7.137237114531436e-17,2.433658589231755
GALAXY,0.5252008,0.000112865,21.84808,0.1248294,0.05346672,19.84511,0.03278426,0.03698803,119533.25535816043,5.183536073015679e-17,2.8556938896554946
GALAXY,0.3038778,7.55e-05,20.93516,0.05325342,0.09727133,19.25672,0.01895394,0.06729186,77731.97441999672,1.2016946431536903e-16,1.8755457066434502
GALAXY,0.06241774,1.03e-05,16.2351,0.0036003890000000007,0.1265078,15.328879999999998,0.0028947490000000003,0.08751752,18129.44466018846,9.116289854165929e-15,0.21533550951434843
GALAXY,0.5425074000000001,0.000177942,22.0192,0.1798295,0.09799906,20.43824,0.07033060000000001,0.0677953,122365.25219271258,4.4276993652375937e-17,3.089837589396431
GALAXY,0.6008069,0.00019586,22.10436,0.1915739,0.09470288,20.32844,0.059203,0.06551502,131491.82858080484,4.093682206026187e-17,3.213421183250001
GALAXY,0.03162177,1.18e-05,16.37387,0.003450328,0.0637041,15.66303,0.00297008,0.0440702,9330.154074645045,8.022507378576628e-15,0.2295459592997251
GALAXY,0.3489542,7.28e-05,20.72366,0.04339206,0.03814327,19.02225,0.01644534,0.02638734,87149.37023597787,1.460138745061294e-16,1.7014831488155882
GALAXY,0.405178,0.000160198,20.50246,0.04686518,0.04709464,18.70235,0.0162331,0.03257985,98219.14013238964,1.7900869446390372e-16,1.5366949082970334
GALAXY,0.2869272,4.870000000000001e-05,19.55453,0.02064533,0.06168544,17.93315,0.008532827,0.0426737,74060.56078548396,4.2859403775535106e-16,0.9931198267495488
GALAXY,0.07122713,1.88e-05,17.21504,0.005109857,0.2578713,16.19104,0.003675197,0.1783941,20594.683760587162,3.696937642164976e-15,0.33814553115815105
GALAXY,0.522795,8.740000000000001e-05,22.08362,0.1147341,0.08732364,20.50864,0.04153202,0.06041009,119134.98630660033,4.172632392529135e-17,3.1828755073491117
GALAXY,0.5922095,0.000164481,22.37267,0.27335970000000004,0.09335832,19.98047,0.05096436,0.06458485,130184.91010015697,3.1973496024512434e-17,3.636048372616189
GALAXY,0.3828501,8.01e-05,20.99313,0.06094740000000001,0.07963641,19.21916,0.02005794,0.055092099999999984,93910.44489317593,1.139216129351824e-16,1.9262899210522455
GALAXY,0.4701428,0.000123684,21.92595,0.15051389999999998,0.06274266,20.01254,0.0379062,0.04340508,110129.61336681404,4.824786776814544e-17,2.959958705748778
GALAXY,0.5378590999999999,0.000129816,21.77925,0.1135901,0.2138432,20.04277,0.0391179,0.14793570000000006,121610.2811119648,5.522784854723424e-17,2.7665954112963744
GALAXY,0.07631931,2.2e-05,19.52347,0.02913537,0.12305739999999997,18.90006,0.02033725,0.08513052,22009.218450470078,4.410320238107406e-16,0.9790156906433886
GALAXY,0.1515474,2.79e-05,18.24482,0.009658637,0.12593030000000002,17.069329999999994,0.005510969,0.08711798,42024.14961567142,1.4319574892815232e-15,0.5433249544660225
GALAXY,0.14431629999999998,9.55e-06,19.60663,0.02015525,0.2756052,18.76039,0.01620709,0.1906624,40171.17451110052,4.085132292121485e-16,1.0172358379459683
GALAXY,0.2884221,2.88e-05,22.90725,0.1696011,0.2627074,22.26028,0.1348193,0.1817397,74387.26477241602,1.9541510268971517e-17,4.65099264020369
GALAXY,0.04864051,7.91e-06,16.65435,0.004328694,0.3027486,15.79396,0.0033967470000000003,0.2094401,14227.818291566464,6.196095818342797e-15,0.26119547705098045
GALAXY,0.4833443,0.000101742,22.08732,0.11682449999999997,0.2017077,20.29564,0.04052589,0.1395404,112440.33977333666,4.158436989103622e-17,3.188303473281713
GALAXY,0.3512235,7.780000000000001e-05,20.94343,0.06056963,0.200221,19.21831,0.02251149,0.138512,87610.46835252712,1.192576164943186e-16,1.8827022961722009
GALAXY,0.05019446,7.85e-06,19.33411,0.01710515,0.14854170000000005,19.02259,0.020603,0.1027605,14670.711892395642,5.250662759060174e-16,0.8972586467927098
GALAXY,0.2896364,5.56e-05,19.9291,0.03889101,0.16290320000000005,18.476,0.01941854,0.11269569999999997,74652.22768442582,3.0354153443528654e-16,1.1800914186266391
GALAXY,0.5918111,0.000154113,23.02314,0.2081292,0.1107111,21.70294,0.08698317,0.07658944,130124.02784694669,1.7563138463063103e-17,4.905956038896002
GALAXY,0.0620019,9.73e-06,18.9852,0.01621956,0.13351300000000002,18.65289,0.01867323,0.09236367,18012.506627713774,7.240659506996457e-16,0.764074405647776
GALAXY,0.2889556,6.42e-05,20.37169,0.05223536,0.1363396,18.80009,0.02158662,0.09431908,74503.72166255988,2.0192129608354695e-16,1.4468837939278945
GALAXY,0.1593645,2.0600000000000006e-05,18.70681,0.0110987,0.2427991,17.436329999999998,0.00635188,0.1679673,44010.59952424238,9.356946044860579e-16,0.6721367663758221
GALAXY,0.5844414000000001,0.00028680700000000003,22.30043,0.144049,0.1088888,20.99949,0.06746479,0.07532878,128992.66342804079,3.417323752501585e-17,3.517075184103495
GALAXY,0.6030223000000001,0.000215923,22.28677,0.1984118,0.0781198,20.55296,0.07019292,0.05404292,131826.46861863622,3.460589814564794e-17,3.495019895145452
GALAXY,0.6038619000000001,0.00023859,22.93283,0.2400208,0.1188075,21.0652,0.06834092,0.0821905,131953.0646999584,1.9086492465351407e-17,4.706105429038728
GALAXY,0.6379398000000001,0.00019166,22.03638,0.16534300000000002,0.08914513,20.51934,0.06618536,0.06167019,136987.71741599822,4.3581896522173124e-17,3.1143803622994843
GALAXY,0.3426117,6.59e-05,20.64931,0.04277825,0.11714489999999997,18.90373,0.01582648,0.08104032,85854.1169924314,1.5636304714178175e-16,1.6442113896072383
GALAXY,0.5636015999999999,0.0002553,22.36125,0.1505661,0.1223548,20.75234,0.05150432,0.08464450000000001,125739.9093116706,3.2311574803422723e-17,3.616976209999355
GALAXY,0.12403519999999997,1.7199999999999998e-05,17.808310000000006,0.006794306999999999,0.07968454,16.918229999999998,0.00546666,0.05512539,34894.37902737203,2.1405931198034503e-15,0.4443832207644854
GALAXY,0.4397009,0.000117913,21.70593,0.07439122,0.06034848,20.01371,0.0286242,0.0417488,104661.99681969831,5.90862088470342e-17,2.67474049130584
GALAXY,0.3461709,2.82e-05,22.20356,0.1013349,0.04966265,21.75399,0.09498072,0.03435639,86582.15523687271,3.7362344901047274e-17,3.3636256241191784
GALAXY,0.7639943,6.979999999999999e-05,20.73437,0.05735371,0.06970984,19.94119,0.04538558,0.04822495,153967.51168183767,1.445806341215425e-16,1.7098958264533477
GALAXY,0.15216970000000002,2.34e-05,18.55388,0.008889946999999999,0.07811455,17.47017,0.006037718,0.05403928,42182.920077656796,1.0772242591944999e-15,0.626428707866473
GALAXY,0.4965758,0.00012862,21.454,0.08067022,0.06638952,19.79069,0.03208283,0.04592796,114720.48373323056,7.451747408284257e-17,2.381747139390513
GALAXY,0.7410175999999999,8.83e-05,23.1493,0.2969627,0.03859502,22.91887,0.3832271,0.02669986,151054.24093117338,1.563644873052999e-17,5.199429001638818
GALAXY,0.4601168,0.000120872,21.1172,0.08186235,0.06343559,19.35241,0.02766794,0.04388445,108350.50469770165,1.0161975071554705e-16,2.0395560847997944
GALAXY,0.31089959999999994,6.91e-05,21.0365,0.05978832,0.1117702,19.24673,0.01943395,0.07732213,79231.7693109666,1.0946067582393366e-16,1.9651497582860578
GALAXY,0.6049722,0.00017691400000000002,22.72087,0.17785420000000002,0.2033147,21.40825,0.08214892,0.1406521,132120.28607735003,2.3201182765066348e-17,4.268444631231562
GALAXY,0.2737941,4.36e-05,19.97741,0.02750045,0.06797713,18.44237,0.01171791,0.04702627,71165.89460916532,2.9033147814741643e-16,1.2066398172902466
GALAXY,0.13844579999999998,1.66e-05,18.57924,0.009645617,0.05498432,17.64226,0.006744771,0.0380379,38655.894042980864,1.0523546519436807e-15,0.6337874748975588
GALAXY,0.392099,8.32e-05,20.53811,0.03812079,0.03472302,18.90908,0.01428504,0.02402122,95708.98714360717,1.732264180508854e-16,1.5621317242785826
GALAXY,0.2433976,5.920000000000001e-05,19.282020000000006,0.01969598,0.06373638,17.83532,0.009814238,0.04409253,64295.18256385528,5.508712729468811e-16,0.8759910162630223
GALAXY,0.5219916,0.000127252,21.98502,0.1648326,0.1464795,20.36353,0.06658219,0.1013339,119001.73543546988,4.569304759367206e-17,3.041582860677022
GALAXY,0.06637921,6.66e-06,17.51739,0.006620711,0.1131633,17.37985,0.008368094,0.07828581,19240.875532477265,2.7983505981494918e-15,0.3886634060406111
GALAXY,0.03189977,1.05e-05,16.475270000000002,0.003326125,0.05290047,15.66811,0.002917786,0.036596300000000005,9410.851928467586,7.307185377696114e-15,0.24051914551879355
GALAXY,0.04790758,1.31e-05,16.04222,0.003404863,0.192823,15.30791,0.002890479,0.13339410000000002,14018.675239480355,1.0888551892128546e-14,0.19703330958247586
GALAXY,0.4888752000000001,9.97e-05,21.3638,0.07501223,0.05042253,19.78207,0.02996714,0.03488207,113397.79410831936,8.09726075826504e-17,2.284839258478386
GALAXY,0.09191512,1.52e-05,17.85004,0.006214936999999999,0.2419243,16.89904,0.004535237,0.1673621,26293.958315378728,2.059880968904346e-15,0.4530056850498339
GALAXY,0.1680355,6.72e-06,18.77077,0.01195418,0.1087137,18.33615,0.01095723,0.07520762,46193.86275010173,8.82165613651414e-16,0.6922287812473964
GALAXY,0.4287524,9.25e-05,21.42604,0.07503323,0.09643971,19.48195,0.02147748,0.06671654,102647.05067392929,7.646137879588148e-17,2.351276223819176
GALAXY,0.14421779999999998,1.39e-05,18.46051,0.009913976,0.1194198,17.57377,0.007413006999999998,0.08261404,40145.831051615634,1.173962231798152e-15,0.6000641100114573
GALAXY,0.05397249,1.44e-05,16.61584,0.003933717,0.03497494,16.079539999999998,0.003568754000000001,0.0241955,15744.495867386324,6.419809264981375e-15,0.2566041360781493
GALAXY,0.2266294,4e-05,18.6068,0.0115097,0.05150429,17.464920000000006,0.006879108,0.03563043,60400.85710977553,1.0259781816325416e-15,0.641882672695576
GALAXY,0.1319276,1.27e-05,17.91204,0.007930636,0.06334116,17.394470000000002,0.007434515,0.04381912,36961.8766924143,1.945548784603983e-15,0.4661263479596167
GALAXY,0.5200056,0.000155094,22.21168,0.1313061,0.04885666,20.39204,0.04424684,0.03379881,118671.79808089486,3.7083961813940544e-17,3.3762271059885594
GALAXY,0.5610263000000001,0.000151501,22.97593,0.1982784,0.05224842,21.2524,0.06809176,0.03614522,125332.3865519234,1.8343665620221335e-17,4.800446702797159
GALAXY,0.114429,3.17e-05,18.43672,0.01015225,0.05555302,17.56982,0.007190361,0.03843132,32353.673824964037,1.199969272365081e-15,0.5935258686203104
GALAXY,0.09856682,1.42e-05,18.12736,0.00960709,0.07732116,17.34212,0.00730385,0.05349042,28099.695948547855,1.5955636188232573e-15,0.5147159807166236
GALAXY,0.2073607,3.61e-05,18.99408,0.01329369,0.03856997,17.67835,0.006953599,0.02668252,55832.62930605737,7.181681243493849e-16,0.7672054023128468
GALAXY,0.3827987,7.829999999999999e-05,20.90924,0.05223763,0.04613345,19.11846,0.01748464,0.03191491,93900.39486077883,1.230728124585067e-16,1.8532911517690165
GALAXY,0.315844,6.38e-05,22.83731,0.1775819,0.03398884,21.50137,0.07274008,0.02351332,80280.50696416324,2.0841747266523768e-17,4.50357761987243
GALAXY,0.09855504,1.06e-05,16.323529999999998,0.006899412,0.05898536,16.39248,0.01110757,0.0408058,28096.50947756375,8.403227575003422e-15,0.2242857348829619
GALAXY,0.6101199,0.00019078,22.23541,0.1256503,0.04458871,20.88387,0.06121299,0.03084627,132892.73992664632,3.6282242792861373e-17,3.4133250836936195
GALAXY,0.1799616,2.97e-05,18.75063,0.01045497,0.055854199999999986,17.721870000000006,0.006994971,0.03863968,49162.28380699846,8.986821697934238e-16,0.6858381705877313
GALAXY,0.126623,2.63e-05,18.04848,0.008460614,0.04626933,17.0419,0.005956526,0.03200891,35574.25719431379,1.715797873350504e-15,0.4963541442013841
GALAXY,0.8887126000000001,0.000374646,23.86165,0.4256651,0.04803564,21.5128,0.103358,0.03323083,168512.83728134655,8.113311028026221e-18,7.218145835094507
GALAXY,0.790153,0.000362788,23.06773,0.2785772,0.06490881,21.44027,0.1127121,0.04490361,157191.94786502622,1.68564503305975e-17,5.0077386151432295
GALAXY,0.06336622,1.36e-05,17.60356,0.006109713,0.03925816,16.83154,0.004875145,0.02715861,18395.97404241739,2.58484273486997e-15,0.40439674592462876
GALAXY,0.2891141,6.92e-05,19.56767,0.02171658,0.06600033,18.03136,0.009555202,0.04565873,74538.30648143572,4.2343828810643637e-16,0.9991476063509471
GALAXY,0.4850525,0.00028224,22.13473,0.1196032,0.03017882,20.47531,0.04510214,0.02087757,112736.71345243814,3.980761195637052e-17,3.2586795281932877
GALAXY,0.5956781999999999,0.000167613,22.56233,0.307184,0.1390574,20.74909,0.08436833,0.09619924,130713.7851283569,2.6848876993454303e-17,3.967908532112556
GALAXY,0.33834840000000005,8.290000000000001e-05,20.97843,0.06977839,0.1085694,19.09894,0.021051,0.0751078,84978.04947528875,1.1547450924194422e-16,1.9132937475496627
GALAXY,0.5666059,0.000124711,22.34325,0.1292723,0.08596747,20.64277,0.04225703,0.059471900000000015,126213.76111489334,3.285172095216598e-17,3.587117909458893
GALAXY,0.6110137,0.000223244,23.54056,0.4998531,0.03430598,21.58671,0.1452425,0.02373272,133026.38768781268,1.090521231174638e-17,6.225979011308496
GALAXY,0.5934824000000001,0.000166622,22.42668,0.1285965,0.0644073,21.20078,0.06838666,0.04455667,130379.24008924213,3.042188534393424e-17,3.727620163655813
GALAXY,0.5980181999999999,0.00016214700000000002,22.39651,0.1662171,0.04019648,20.44047,0.04687792,0.02780774,131069.35272617007,3.1279091118187836e-17,3.6761874853999266
GALAXY,0.5836473000000001,0.000134781,22.63663,0.2217664,0.1123619,20.80131,0.0628998,0.07773145,128870.17138787494,2.507298986975936e-17,4.1060255954843115
GALAXY,0.05445395,1.3e-05,16.65146,0.00437824,0.08924833,15.77585,0.003401129,0.06174158,15881.030403122815,6.212610483637201e-15,0.26084808473223864
GALAXY,0.29535209999999995,0.000137548,19.57732,0.02445603,0.04248402,18.08791,0.009603328,0.02939025,75894.39695519133,4.196914532820813e-16,1.003597688286595
GALAXY,0.6585466999999999,0.00024060900000000005,22.33568,0.17924279999999998,0.03498056,20.84689,0.07298278,0.02419939,139936.2759210588,3.308157098196639e-17,3.574634579898437
GALAXY,0.6433142,0.000337512,24.12643,0.6301220000000001,0.06231521,22.01294,0.157237,0.04310938,137763.56897813533,6.357496433367216e-18,8.15420550106214
GALAXY,0.3621948,6.61e-05,20.75845,0.05265477,0.03637555,18.99303,0.01769586,0.02516444,89822.49236109896,1.4140934973938889e-16,1.728962812312081
GALAXY,0.1438333,2.8300000000000007e-05,17.357470000000006,0.007645101999999998,0.06894033,16.24993,0.004524575,0.0476926,40046.87503128448,3.24242638811141e-15,0.3610685419947756
GALAXY,0.5211329,0.000160749,22.39177,0.1896962,0.08170587,20.75742,0.06789684,0.05652374,118859.17300408667,3.141594480187455e-17,3.668171668939134
GALAXY,0.4590835,8.14e-05,21.73346,0.1280054,0.1067683,20.13695,0.04236659,0.07386182,108165.94692724133,5.760684959979505e-17,2.7088668111311036
GALAXY,0.4773265,0.000109247,22.01613,0.09966011,0.07278148,20.27381,0.03339655,0.05034989,111391.47634971536,4.440236731846541e-17,3.0854723029372053
GALAXY,0.5846943,0.000155883,22.12318,0.1244828,0.1702599,20.75593,0.06140124,0.117785,129031.64995169107,4.0233343507656394e-17,3.2413927192223975
GALAXY,0.1189093,1.3699999999999998e-05,18.347620000000006,0.009377665,0.09852006,17.6543,0.007566606,0.06815572,33541.972759184406,1.3025971547180392e-15,0.5696651507002852
GALAXY,0.042320300000000005,9.78e-06,18.19315,0.01295803,0.218399,17.82046,0.01852138,0.1510874,12419.07189869638,1.5017516756472131e-15,0.5305491856673935
GALAXY,0.4862584,0.000162675,22.3427,0.1608734,0.03365441,20.38727,0.04573644,0.02328196,112945.57841483192,3.286836682219608e-17,3.586209463646548
GALAXY,0.08624104,2.44e-05,18.08231,0.006886653,0.1974083,17.1103,0.005057720999999999,0.1365662,24743.36131286951,1.663160359206788e-15,0.5041475398820018
GALAXY,0.17746099999999998,3e-05,17.7453,0.007194106,0.04901629,16.529989999999998,0.004496179,0.03390924,48543.171890427686,2.2684965609134227e-15,0.4316737621118268
GALAXY,0.6376604,0.000291593,22.93133,0.2471551,0.05826014,21.21071,0.07544428,0.04030409,136947.24970658662,1.911287965259459e-17,4.7028556891262525
GALAXY,0.5291369,0.000143937,22.27652,0.1408261,0.1479385,20.49986,0.04235585,0.1023432,120182.42844642795,3.493414553703044e-17,3.47856123016287
GALAXY,0.6346649000000001,0.000156249,23.750870000000006,0.4984435,0.07234807,21.32476,0.08780252,0.05005006,136512.55654404528,8.984835396995554e-18,6.859139764127355
GALAXY,0.6306638000000001,0.000198776,21.78814,0.10858800000000003,0.1256501,20.60151,0.06096257,0.08692417,135929.55596730197,5.477748961644709e-17,2.7779450595173976
GALAXY,0.1518177,3.64e-05,18.96241,0.01252934,0.1629017,17.98631,0.0077503580000000015,0.11269460000000002,42093.126082287694,7.394249918235709e-16,0.7560972391797631
GALAXY,0.06484858,9.76e-06,17.37896,0.009005114,0.09741837,16.87408,0.005972636999999999,0.06739358,18811.993114751178,3.178879935764465e-15,0.36465960086182875
GALAXY,0.07760608,7.14e-06,18.00437,0.006036268000000001,0.03140925,17.41851,0.005228604,0.02172877,22365.452687597954,1.786940636683012e-15,0.4863732176134046
GALAXY,0.5424278,0.00012873,22.2661,0.1493174,0.04094679,20.47319,0.04461129,0.0283268,122352.35840840606,3.5271028610727985e-17,3.461909035761901
GALAXY,0.07272762,1.13e-05,17.05331,0.00575245,0.119084,16.425629999999998,0.005675628,0.08238174,21012.29467611954,4.290759030616368e-15,0.31387566964586805
GALAXY,0.619378,0.000149446,22.91868,0.2720869,0.2336782,20.8691,0.08036431,0.1616575,134270.32318872726,1.933686767077012e-17,4.6755386593367785
GALAXY,0.5289623,0.000107661,22.42943,0.13479760000000002,0.1630714,20.83206,0.05735397,0.1128121,120153.69579209242,3.034492896664651e-17,3.7323438935834106
GALAXY,0.5083845,9.96e-05,21.47857,0.1028139,0.08829875,19.89222,0.03768754,0.06108467,116725.60436109906,7.285009546233962e-17,2.4088494182721845
GALAXY,0.1816732,3.47e-05,20.5017,0.03537869,0.2068245,19.51977,0.02290094,0.14308020000000002,49585.04765567534,1.7913404188591978e-16,1.536157170044992
GALAXY,0.1143195,2.68e-05,18.39612,0.008709361,0.4604377000000001,17.290670000000002,0.005560603000000001,0.31852870000000005,32324.55857381847,1.245690421979058e-15,0.5825318189178236
GALAXY,0.4815170999999999,0.000134616,21.77281,0.13972079999999998,0.1946162,19.9611,0.04159889,0.1346346,112122.65764505354,5.555640372009858e-17,2.7584025922424997
GALAXY,0.5481029000000001,0.000199183,23.08059,0.2826739,0.1750287,21.16718,0.08109591,0.121084,123268.60223109345,1.6657971902171298e-17,5.037483681348626
GALAXY,0.5950784,0.000262749,22.17914,0.1850318,0.1631192,20.57612,0.07853738,0.1128451,130622.4870694516,3.8212207307881825e-17,3.3260107784074022
GALAXY,0.08842978,1.7100000000000002e-05,17.4222,0.00552507,0.07073925,16.543329999999994,0.004295984,0.04893708,25342.61430906326,3.0547672450499276e-15,0.37199375777062205
GALAXY,0.5069591,0.000240432,22.14248,0.1148074,0.07983837,20.81244,0.05956364,0.05523181,116485.05035367573,3.9524476388316776e-17,3.2703305568285725
GALAXY,0.4854209,0.000116895,21.94429,0.1143078,0.1273316,20.436770000000006,0.04683852,0.08808742,112800.55280108172,4.7439720889625e-17,2.9850640371594954
GALAXY,0.507468,0.000162891,22.22596,0.09463934,0.04785509,20.53939,0.03771022,0.03310593,116570.9799824471,3.659941343728081e-17,3.3985029581351545
GALAXY,0.6657438,0.000265685,21.97528,0.2230071,0.05401029,20.53283,0.105455,0.03736407,140949.49468447483,4.6104798172516894e-17,3.0279705874540492
GALAXY,0.5292748,8.66e-05,21.12089,0.04814101,0.07383994,19.53014,0.01972879,0.05108213,120205.11747058172,1.0127497046541123e-16,2.0430248647881633
GALAXY,0.4930359,0.00011999,21.89714,0.114847,0.04996638,20.1339,0.04149004,0.03456651,114113.94661567619,4.954526152771637e-17,2.920946834681285
GALAXY,0.5309955,7.879999999999999e-05,21.55361,0.06060862,0.07500225,19.9104,0.02415188,0.05188621,120487.91867265242,6.79851601916992e-17,2.4935475384546164
GALAXY,0.1945273,4.9700000000000015e-05,22.92644,0.1882493,0.02223296,21.91461,0.1129038,0.01538066,52734.05630872842,1.9199155459826027e-17,4.692277111250401
GALAXY,0.5922968000000001,0.000239586,21.98984,0.1951305,0.08667918,20.32703,0.06587368,0.05996425,130198.24721393535,4.549064820328653e-17,3.048341736446636
GALAXY,0.643536,0.000142745,21.31898,0.4902348,0.1179608,19.96424,0.1509787,0.08160476,137795.48363004727,8.438516913675049e-17,2.2381626924207723
GALAXY,0.05121331,5.47e-06,19.39767,0.02766878,0.05005332,20.69114,0.1097056,0.03462666,14960.705636202487,4.952108200749715e-16,0.9239099670874692
GALAXY,0.4838022,0.000172381,21.64672,0.09968769,0.04419681,20.36585,0.04506277,0.03057515,112519.84429228038,6.239792175930748e-17,2.6027931331356995
GALAXY,0.1487427,2.37e-05,18.05223,0.00838374,0.05163182,16.915029999999998,0.00538803,0.03571866,41307.20829239236,1.7098819397782703e-15,0.49721205801046126
GALAXY,0.6329596,0.00016419400000000002,23.19651,0.3078361,0.09232424,21.06201,0.07001557,0.06386948,136264.41057894728,1.4971114269666453e-17,5.3137075961155205
GALAXY,0.3398685,0.000102648,21.17565,0.08654974,0.04002935,19.47218,0.03273512,0.02769211,85290.9173919993,9.629375560778114e-17,2.095200805001248
GALAXY,0.4475037,0.00012326,21.09817,0.09264901,0.01812659,19.60663,0.0402509,0.01253989,106082.21476244001,1.0341656897618516e-16,2.0217602438866553
GALAXY,0.136497,2.21e-05,19.40833,0.01679554,0.07257823,18.41463,0.0107952,0.05020928,38150.69583121337,4.903725205106602e-16,0.9284566951224921
GALAXY,0.06911056,1.53e-05,21.28336,0.08076819,0.3430672,20.91001,0.09099766,0.2373323,20004.475552242115,8.719952620206194e-17,2.201748211724546
GALAXY,0.5812218000000001,0.000174025,22.04677,0.1206797,0.03080445,20.83192,0.07226304,0.02131038,128495.32345096726,4.316682684245168e-17,3.1293176690080733
GALAXY,0.6018589,0.000252549,22.69852,0.3126825,0.1377991,20.61808,0.07980065,0.09532877,131650.84340631348,2.3683731299142223e-17,4.224736747301928
GALAXY,0.5477512,0.000214938,22.9225,0.2115275,0.2430014,21.07852,0.07860485,0.1681072,123211.9980901507,1.9268953345215714e-17,4.683770989040793
GALAXY,0.109874,2.09e-05,18.35144,0.01184302,0.104539,17.5248,0.01042707,0.07231957,31139.593292243557,1.2980222148292447e-15,0.5706681733856105
GALAXY,0.4920694000000001,0.000188572,22.15236,0.14254170000000002,0.1463682,20.4288,0.0502883,0.1012568,113947.9029538698,3.9166442406680944e-17,3.285244162501805
GALAXY,0.358166,8.72e-05,21.34494,0.06754734,0.08875618,19.58368,0.02321476,0.06140111,89013.51584299697,8.239144604777361e-17,2.265080557441814
GALAXY,0.2496887,3.91e-05,19.2921,0.01910254,0.1266683,17.832639999999994,0.008990963000000001,0.08762854,65737.02504041781,5.457806386743124e-16,0.8800668293427988
GALAXY,0.9264325,8.609999999999999e-05,23.39728,0.236,0.14573350000000002,22.61255,0.1761828,0.1008178,172522.9141258965,1.2443602376866857e-17,5.8284309039811895
GALAXY,0.1023948,1.58e-05,18.24761,0.009014721,0.1118286,17.69019,0.008202734,0.07736252,29133.010844786637,1.4282825334142028e-15,0.5440234901070262
GALAXY,0.1707972,4.45e-05,18.64329,0.01047127,0.04038664,17.43756,0.006095909,0.02793929,46884.792344608875,9.920695622099785e-16,0.6527601781538553
GALAXY,0.1193154,2.67e-05,17.91413,0.007010533,0.0475519,16.92993,0.004760184000000001,0.03289618,33649.39433892777,1.9418072810818146e-15,0.46657520148391407
GALAXY,0.4776204000000001,0.000125891,21.12479,0.09151439,0.05323553,19.5736,0.03610261,0.03682809,111442.87437034445,1.0091184003389028e-16,2.0466974679352954
GALAXY,0.4178357,0.000105151,21.0204,0.06294363,0.06264091,19.34048,0.02321955,0.04333469,100611.88888590399,1.1109592395059125e-16,1.950633382327725
GALAXY,0.6251488000000001,0.000126611,22.57459,0.1760606,0.036681300000000014,21.14489,0.07557718,0.02537595,135121.48049772295,2.654740804734534e-17,3.9903744611963474
GALAXY,0.03592727,1.33e-05,17.86769,0.006784457,0.04915283,17.13097,0.005288897,0.0340037,10577.363681597591,2.026665736386877e-15,0.45670277691364414
GALAXY,0.2699946,1.05e-05,18.6678,0.008137653,0.04703331,18.38044,0.008319554,0.03253743,70320.19980611505,9.69924936809091e-16,0.6601697984510717
GALAXY,0.03730448,1.1e-05,15.57795,0.002688523,0.06115714,14.76735,0.002310911,0.04230823,10975.142361841534,1.669852554194114e-14,0.1591056683648282
GALAXY,0.14872149999999998,1.89e-05,18.89209,0.0136173,0.09331844,17.919970000000006,0.008096385,0.06455726,41301.78060826649,7.889003072498533e-16,0.7320043337842405
GALAXY,0.58021,0.000111096,22.28164,0.186662,0.03855121,20.38699,0.05157534,0.02666955,128338.63930511365,3.476979460601676e-17,3.486772822829911
GALAXY,0.4777462000000001,0.000123911,21.51032,0.1024082,0.05533175,19.92311,0.03662639,0.03827825,111464.86916511416,7.075059966764567e-17,2.4443289545446585
GALAXY,0.1120945,2.5e-05,18.20506,0.00841283,0.08171035,17.22227,0.005570691,0.05652684,31732.193629385063,1.4853682111578246e-15,0.5334671141446418
GALAXY,0.3842216,0.000106614,20.67269,0.05380899,0.09493227,18.87789,0.01781277,0.06567371,94178.38440974946,1.530319545621574e-16,1.662010075599246
GALAXY,0.3584598,0.000103827,20.56599,0.06646785,0.07905655,18.76777,0.02054928,0.05469095,89072.6398033722,1.6883486122812394e-16,1.5823175764785382
GALAXY,0.4689713,0.0001339,21.02919,0.08439923,0.08798560000000001,19.0919,0.02380805,0.06086802,109922.81560550087,1.1020013465933339e-16,1.9585454411656777
GALAXY,0.160566,1.3699999999999998e-05,19.19925,0.01161225,0.04691748,18.58071,0.01020845,0.032457299999999994,44314.388084882106,5.945085778471468e-16,0.8432292292417988
GALAXY,0.161751,1.44e-05,18.60191,0.008548697,0.0592514,17.85472,0.006824081,0.04098985,44613.605908017555,1.0306094615564002e-15,0.6404388253208904
GALAXY,0.7084351,0.000208656,22.66957,0.2366038,0.1334641,21.08334,0.08548689999999999,0.09232987,146788.35187216668,2.432372726809547e-17,4.168786485754816
GALAXY,0.2943907,5.95e-05,19.43523,0.02930934,0.05170082,17.78521,0.01138961,0.03576639,75686.036793175,4.783724114518293e-16,0.9400298667483301
GALAXY,0.1259687,2.68e-05,18.49741,0.008817796,0.0912146,17.46041,0.00584355,0.06310184,35402.538995682924,1.134734149958681e-15,0.6103481777403392
GALAXY,0.7075621,0.000293044,22.83029,0.3781727,0.01580991,20.75182,0.09295966,0.01093723,146671.8272115515,2.0976939478480524e-17,4.489041829944657
GALAXY,0.5672341999999999,0.00011192,22.48359,0.1689891,0.02029677,20.5895,0.04642922,0.01404121,126312.64796790785,2.886836084538056e-17,3.826605155431568
GALAXY,0.09474376,2.56e-05,18.38121,0.009965614,0.1115351,17.50158,0.007016131,0.07715949,27063.432982156406,1.2629150107146775e-15,0.5785456762979159
GALAXY,0.09006109,3.26e-05,17.70358,0.007854938,0.2574765,16.694329999999994,0.005389046,0.1781211,25788.33380577885,2.357361167634383e-15,0.42345927758268265
GALAXY,0.6372728,1.65e-05,21.77044,0.07009744,0.07405714,22.10526,0.12582069999999998,0.05123238,136891.08865453317,5.56778075080432e-17,2.755393644091555
GALAXY,0.1150596,2.81e-05,18.31945,0.009406216,0.08442111,17.35226,0.006386082,0.05840214,32521.278081521268,1.336835978246131e-15,0.5623227475112224
GALAXY,0.02329615,2.08e-05,15.88221,0.004853148,0.08439933,15.39346,0.005437783000000001,0.05838706,6902.6813638934855,1.2617523585070325e-14,0.18303647876204926
GALAXY,0.06624591,1.3800000000000003e-05,17.64604,0.006749329,0.238591,16.94366,0.005740833000000001,0.1650561,19203.552477116235,2.4856622987117095e-15,0.4123857523400576
GALAXY,0.5684944000000001,0.000181055,22.66024,0.1717122,0.1885044,20.74803,0.05089038,0.1304065,126510.76821277308,2.4533647735760182e-17,4.1509132034730785
GALAXY,0.6999876,0.000186881,23.26746,0.2472914,0.05936553,22.04558,0.1192848,0.0410688,145655.84762061862,1.402407175559015e-17,5.490193512609005
GALAXY,0.4752866,0.000151543,21.87792,0.1027208,0.06308209,20.1436,0.0350599,0.0436399,111034.241558755,5.043013435541839e-17,2.8952072142897967
GALAXY,0.5351128,0.000177419,22.63318,0.2019311,0.05568083,20.78562,0.06157339,0.03851974,121162.28427431182,2.5152787700050876e-17,4.099507188428904
GALAXY,0.1695517,2.69e-05,17.57066,0.007043275,0.02803999,16.303929999999998,0.004156561,0.01939793,46573.45448978625,2.6643674859980443e-15,0.3983159085548918
GALAXY,0.3546033,9.54e-05,20.87781,0.03869247,0.03427218,19.0232,0.01356131,0.02370933,88294.93784204105,1.2668760477198045e-16,1.8266597204367112
GALAXY,0.5198991,0.00013076399999999998,22.28519,0.118434,0.1826625,20.73753,0.04315967,0.1263651,118654.08323671276,3.465629447790299e-17,3.4924777845944464
GALAXY,0.08859131,1.29e-05,17.87675,0.008495571,0.08102261,17.3181,0.0071934680000000015,0.05605106,25386.78367921031,2.0098244499294506e-15,0.4586122513536125
GALAXY,0.01531032,6.71e-06,16.910220000000002,0.005211261,0.05758186,16.52679,0.005287867,0.03983487,4554.785960867222,4.895196449608867e-15,0.2938594438163585
GALAXY,0.1635695,1.6899999999999994e-05,18.73078,0.011279,0.2785263,17.851470000000006,0.00788018,0.1926832,45072.01572198449,9.152634616940456e-16,0.6795973117429335
GALAXY,0.5755155,0.000113039,21.73755,0.1012463,0.04199148,19.95825,0.03185064,0.02904951,127609.22228766287,5.739025113703826e-17,2.713973809378855
GALAXY,0.5333323,0.000191632,22.49313,0.152032,0.08428413,20.9074,0.05777639,0.05830737,120871.06055847032,2.8615815378757e-17,3.84345368717993
GALAXY,0.4868518,0.000100451,21.74081,0.1022833,0.283894,20.15309,0.03660355,0.1963966,113048.24777264404,5.721819127575255e-17,2.7180513188407156
GALAXY,0.133716,2.6600000000000006e-05,17.26512,0.005684557,0.06441125,16.18577,0.003941682,0.0445594,37427.87748602404,3.530287908441679e-15,0.34603470055984903
GALAXY,0.0402069,1.4499999999999997e-05,15.83989,0.00295561,0.5756295,14.8072,0.002349773,0.3982178,11811.592064848921,1.3119042083466872e-14,0.17950380226643015
GALAXY,0.5653703,0.000142549,21.41527,0.088907,0.09505331,20.19089,0.04197433,0.06575744,126019.0793283306,7.722361450219288e-17,2.339643310686141
GALAXY,0.5477776,0.000143684,22.68765,0.1774439,0.2497407,21.54257,0.09944092,0.1727694,123216.24783554794,2.3922035206369713e-17,4.203641319638564
GALAXY,0.1508757,6.05e-06,19.59489,0.016104499999999997,0.2882761,18.95774,0.01375412,0.1994281,41852.65216301437,4.1295442600857166e-16,1.011751023212962
GALAXY,0.05842329,1.06e-05,17.9987,0.008715096,0.2492526,17.4258,0.007805176,0.1724318,17004.047446545304,1.7962969198588584e-15,0.48510488979233213
GALAXY,0.444242,0.000120032,21.65626,0.1044931,0.16531310000000002,19.9396,0.04074723,0.1143629,105490.12983653028,6.185205383312191e-17,2.6142532239882423
GALAXY,0.2051768,1.29e-05,22.28864,0.09641874,0.3168673,22.03388,0.1341749,0.2192073,55308.516488721936,3.454634654138561e-17,3.498030986671079
GALAXY,0.1428739,2.48e-05,17.97822,0.007945453,0.14553329999999998,16.88327,0.005638893000000001,0.1006793,39799.7772375272,1.83050165217458e-15,0.48055118472918573
GALAXY,0.5652501999999999,0.000167529,21.80183,0.14601860000000005,0.1405652,20.672220000000006,0.09383194,0.09724235,126000.1412219629,5.4091138838447774e-17,2.795513875904202
GALAXY,0.08340138,1.89e-05,18.92811,0.01672526,0.1390097,18.25833,0.01511089,0.09616625,23963.79434794799,7.631574096013729e-16,0.744247958918089
GALAXY,0.05915861,1.33e-05,16.38729,0.003549938,0.09836216,15.77359,0.003195333,0.06804648,17211.572380786038,7.923957274868245e-15,0.23096897779133285
GALAXY,0.194307,8.06e-06,19.49364,0.01269511,0.08033334,19.1925,0.01269914,0.05557423,52680.47130508596,4.533171244308881e-16,0.9656586882176766
GALAXY,0.4721682,0.000114567,21.35496,0.07007589,0.1429145,19.58817,0.02251592,0.0988676,110486.47124677223,8.163457295178697e-17,2.2755566528134232
GALAXY,0.1229847,3.13e-05,18.50973,0.01081881,0.1377354,17.50048,0.007037542,0.09528474,34617.83578887978,1.121930940722333e-15,0.6138208726220343
GALAXY,0.25389520000000004,3.84e-05,19.7777,0.02374036,0.1062226,18.34469,0.01158926,0.0734843,66695.29540698018,3.4896199027503526e-16,1.1006155698907718
GALAXY,0.08377281,1.8100000000000006e-05,18.3146,0.00722491,0.08281042,17.42791,0.005582996999999999,0.05728787,24065.897252931096,1.3428210023652744e-15,0.5610681969602197
GALAXY,0.397626,0.000246917,22.30678,0.1420506,0.07131781,20.67742,0.04876216,0.04933733,96774.46034806372,3.397395640770566e-17,3.527375160196496
GALAXY,0.7202155,0.000200362,22.78988,0.2774627,0.08449992,21.21036,0.1132344,0.05845665,148349.28876073138,2.1772391010052405e-17,4.406275546532191
GALAXY,0.5717651999999999,0.000135564,22.98603,0.1876917,0.04023526,21.22093,0.06582392,0.02783457,127023.61417881564,1.8173815935553327e-17,4.822826652281047
GALAXY,0.1157146,9.92e-06,18.03431,0.009904763,0.05751506,17.18506,0.007036476999999999,0.03978865,32695.245412734675,1.7383376048194566e-15,0.4931257173002635
GALAXY,0.4772498,0.000305307,22.73207,0.214413,0.05133053,21.12973,0.0791417,0.03551022,111378.05991493631,2.2963079279257904e-17,4.290517248899874
GALAXY,0.08901106,1.3e-05,17.23805,0.008700856,0.06433586,16.72279,0.006586341,0.04450725,25501.525866607873,3.619412860573999e-15,0.3417477408235808
GALAXY,0.4230181,7.48e-05,21.04064,0.06413042,0.05278533,19.328,0.02223055,0.03651664,101581.29153542168,1.0904408815610944e-16,1.9688999696331517
GALAXY,0.6199474,0.00026033400000000003,21.6887,0.1151187,0.02500106,20.38123,0.06299211,0.01729562,134354.5620364599,6.003135210310182e-17,2.6536011839432625
GALAXY,0.07240793,5.91e-06,18.24284,0.007885393000000001,0.3580044000000001,17.656489999999994,0.006951872,0.2476658,20923.375520649894,1.434571257395996e-15,0.5428297636951124
GALAXY,0.1909599,3.08e-05,18.50242,0.01149604,0.06242976,17.10357,0.006533565,0.04318862,51864.6896133573,1.1295101169021044e-15,0.6117579928436276
GALAXY,0.5199261,0.00015977,21.78929,0.118708,0.1918945,20.11049,0.05227888,0.1327517,118658.57453440256,5.4719500610261436e-17,2.779416633774998
GALAXY,0.5492418,0.00014769700000000002,22.81682,0.2004402,0.05077149,21.10104,0.08660319,0.03512348,123451.74106380602,2.1238807330656964e-17,4.461281755357405
GALAXY,0.2738888,8.420000000000001e-05,21.11571,0.07226571,0.1445656,20.00954,0.05245871,0.1000098,71186.92551977003,1.0175930337193995e-16,2.0381570819035595
GALAXY,0.482092,0.000107101,21.30677,0.2003176,0.08592201,19.60769,0.08618972,0.05944045,112222.6852278368,8.533950612749258e-17,2.2256130147126787
GALAXY,0.2932413,0.000103932,20.38605,0.05188062,0.09881638,18.74492,0.0196348,0.06836072,75436.6263291519,1.9926825844975902e-16,1.4564837792252578
GALAXY,0.6920938,2.2e-05,21.27001,0.04364314,0.0596811,20.72105,0.04321087,0.04128711,144587.4987779186,8.827833332867286e-17,2.188253603324208
GALAXY,0.4503878,0.000103297,21.58432,0.08148663,0.05910777,20.12893,0.03223079,0.04089048,106603.86067968654,6.608914375145211e-17,2.529063025302298
GALAXY,0.555366,0.000225254,23.1411,0.2133556,0.08453092,21.38535,0.0697721,0.0584781,124432.33421653982,1.5754989758699317e-17,5.179831737462464
GALAXY,0.07663239999999999,6.79e-06,17.8729,0.006309845,0.2300745,17.04361,0.004828664,0.1591645,22095.940445219323,2.0169639000255004e-15,0.457799856575803
GALAXY,0.5257603,0.000133862,22.18499,0.1319862,0.1706703,20.57103,0.04915235,0.1180689,119625.71626165019,3.800687173385312e-17,3.3349832136811117
GALAXY,0.2979074,7.609999999999999e-05,19.71956,0.02466394,0.1619656,18.12453,0.01022477,0.1120471,76447.06519124896,3.6815790094916433e-16,1.0715381855977375
GALAXY,0.6670108,0.000116547,21.32928,0.08825274,0.04755564,20.50758,0.07172265,0.03289877,141126.98704222712,8.358842173024238e-17,2.248804244345434
GALAXY,0.03432234,6.48e-06,17.061,0.006291382,0.08889152,16.80274,0.006945963,0.06149475,10113.097963858998,4.260476019720975e-15,0.3149891919061597
GALAXY,0.5011836,0.00023876,22.10997,0.15848310000000002,0.13313039999999998,20.61681,0.06621725,0.092099,115506.21361993713,4.0725846985428805e-17,3.2217337915914563
GALAXY,0.6548451,0.000172095,23.77085,0.4134446,0.16588870000000006,21.23779,0.06857189999999999,0.114761,139411.83943173752,8.82100615681533e-18,6.922542843679385
GALAXY,0.02206467,1.0800000000000003e-05,17.23028,0.004984547,0.0587836,16.54918,0.004039023,0.04066623,6541.862102558012,3.645407856325448e-15,0.34052707836763807
GALAXY,0.0161948,1.6e-05,16.66829,0.005009917,0.06313676,16.24621,0.004928534,0.04367772,4815.770455536597,6.1170513355757525e-15,0.2628776430718803
GALAXY,0.7595366,0.000272603,23.22853,0.3393483,0.04707861,22.14503,0.2104137,0.03256876,153408.31564978458,1.453604052944823e-17,5.392642775248136
GALAXY,0.08444622,2.17e-05,17.64639,0.006128392,0.06317794,16.87004,0.004694835,0.04370621,24250.908322912248,2.4848611449956468e-15,0.41245222642710444
GALAXY,0.9283116,0.000422951,24.01281,0.600407,0.04852133,22.02043,0.163491,0.03356683,172718.2925041128,7.058852794526804e-18,7.738515419290351
GALAXY,0.1251055,2.49e-05,17.73699,0.006572849,0.04280545,16.711470000000002,0.004662009,0.02961261,35175.80710797464,2.2859257783953177e-15,0.43002494826718646
GALAXY,0.6145866999999999,0.000276063,22.16728,0.1695721,0.05622364,20.41837,0.05808648,0.03889526,133559.2541071727,3.863190506995856e-17,3.307894517550996
GALAXY,0.6179885,0.000171753,22.25796,0.2016411,0.04102959,20.43596,0.06261595,0.02838408,134064.5202717456,3.553645691177312e-17,3.448955987137923
GALAXY,0.03458869,1.7100000000000002e-05,16.62177,0.004521111,0.02335842,15.8702,0.003525263,0.01615924,10190.199550308114,6.384841567327453e-15,0.2573058452691395
GALAXY,0.5846496999999999,0.00018165,21.31291,0.08603906,0.03160959,20.33875,0.05779336,0.02186736,129024.77535180784,8.485826054602483e-17,2.231915006784256
GALAXY,0.3441485,5.3e-05,20.6533,0.03995678,0.09357263,18.97537,0.01626958,0.06473311,86168.84358668649,1.5578947909986448e-16,1.6472353443938836
GALAXY,0.2081435,5.820000000000001e-05,18.823220000000006,0.01816916,0.03771628,17.46621,0.00895008,0.02609195,56020.17649412212,8.405627211731632e-16,0.7091525228783344
GALAXY,0.027575400000000003,1.19e-05,17.57101,0.01715271,0.04939985,17.062720000000002,0.01572537,0.03417459,8152.9576086886755,2.663508733820195e-15,0.3983801146682889
GALAXY,0.30255770000000004,6.96e-05,19.78488,0.02488938,0.0690973,18.13176,0.009713902,0.04780119,77448.63992282198,3.466619097497574e-16,1.104260791857348
GALAXY,0.1526111,2.63e-05,18.0595,0.008063585,0.07920662,16.89911,0.005070446,0.05479477,42295.47003883806,1.698470957591455e-15,0.4988794931528772
GALAXY,0.3916948,8.149999999999999e-05,21.23415,0.07541343,0.02667617,19.46529,0.02581628,0.01845445,95630.79471526497,9.124269937458972e-17,2.1524132273529473
GALAXY,0.4397021,0.000198512,22.1888,0.1106957,0.03962267,20.73629,0.04650879,0.02741078,104662.21624295357,3.787373404806399e-17,3.340839811049703
GALAXY,0.1547019,3.41e-05,17.99774,0.006677616,0.04533555,17.09766,0.004943358,0.03136292,42827.84029986589,1.797885894815287e-15,0.4848904740967685
GALAXY,0.1569636,2.92e-05,18.22082,0.01119297,0.04704552,17.35258,0.008447603,0.03254587,43402.33220599121,1.4639630830637031e-15,0.5373529683575806
GALAXY,0.09046693,1.12e-05,17.91563,0.008766066999999999,0.04722355,17.021,0.006396331999999999,0.03266903,25899.099283246447,1.9391264274769616e-15,0.4668976115586969
GALAXY,0.1883451,3.82e-05,18.29457,0.009879893,0.05057139,17.05943,0.005684628000000001,0.03498505,51225.239130809,1.3678237025509434e-15,0.5559166124866874
GALAXY,0.4247884,0.000231484,19.88406,0.02128295,0.113241,18.89285,0.01416413,0.07833958,101911.08320706745,3.163982882156754e-16,1.1558664343688667
GALAXY,0.1164395,2.9100000000000006e-05,18.07739,0.009717582,0.07369864,17.014979999999998,0.005822882,0.05098438,32887.633135928154,1.6707140513282323e-15,0.5030065638215464
GALAXY,0.4839044,0.000110889,21.68225,0.1233888,0.1606624,19.82173,0.03048297,0.1111455,112537.58326900714,6.038903992861989e-17,2.64573079471301
GALAXY,0.03918336,7.15e-06,17.267870000000002,0.007392738,0.0922383,17.07638,0.01047641,0.06381003,11516.904660085314,3.521357555666205e-15,0.34647320405517806
GALAXY,0.6052383000000001,0.000268078,23.19571,0.492572,0.1008288,20.71387,0.07810691,0.06975289,132160.33085926095,1.4982149459335086e-17,5.311750314458356
GALAXY,0.549071,6.51e-05,21.33685,0.07173748,0.09523915,20.24177,0.03830302,0.06588601,123424.29151367961,8.300765120891077e-17,2.256657512664657
GALAXY,0.6339391,0.000198672,22.82534,0.31536420000000004,0.1138511,20.81719,0.07751499,0.07876164,136407.0025440104,2.1072794171415892e-17,4.478820447702548
GALAXY,0.4606024,0.000212762,21.8793,0.1594039,0.03738996,20.62096,0.08178443,0.0258662,108437.16005008589,5.036607701241353e-17,2.897047742296524
GALAXY,0.1647414,3.15e-05,18.55038,0.01037279,0.06936137,17.44259,0.006393143,0.04798387,45366.93645222235,1.0807024230497001e-15,0.6254198373552701
GALAXY,0.3620964,0.000112153,20.97451,0.04993589,0.09113957,19.17851,0.01706172,0.06304993,89802.77934604797,1.1589217811272774e-16,1.9098429342542593
GALAXY,0.6188473000000001,0.000162656,22.28374,0.1976822,0.06825358,20.62009,0.06314407,0.04721751,134191.75916922936,3.4702608856315537e-17,3.4901464621385023
GALAXY,0.1829158,9.64e-06,19.0637,0.01016547,0.1642749,18.68479,0.01003304,0.1136446,49891.45874322448,6.735628489637933e-16,0.7922014852084329
GALAXY,0.83547,0.000222824,22.81444,0.249041,0.05213688,21.35202,0.1074005,0.03606805,162554.7007796255,2.1285415157010455e-17,4.456394733117371
GALAXY,0.3459156,6.56e-05,20.96784,0.04639651,0.04420569,19.24148,0.01690126,0.03058129,86530.03436718501,1.1660632956233684e-16,1.903985568532903
GALAXY,0.5397214,0.00014196399999999998,22.07428,0.1134882,0.08295535,20.60656,0.04828531,0.05738813,121913.24984738877,4.208682122879699e-17,3.169214631399595
GALAXY,0.08738114,7.2999999999999996e-06,17.93136,0.008234108,0.10475230000000002,17.41354,0.007801564,0.07246714,25055.683848402165,1.911235155150927e-15,0.4702920661927502
GALAXY,0.1073885,1.95e-05,16.98153,0.004800387,0.08183170000000001,15.998,0.003568757,0.05661079,30474.56999970049,4.584016004059303e-15,0.3036698341597562
GALAXY,0.1107181,2.61e-05,18.39045,0.009730231,0.1783201,17.26855,0.0063899180000000005,0.12336110000000003,31365.03296914081,1.2522127608291668e-15,0.5810127358642402
GALAXY,0.5407298,0.00016803,22.50723,0.1938869,0.1865247,20.40506,0.04952104,0.12903689999999998,122077.02454423526,2.824659643995427e-17,3.8684915474986226
GALAXY,0.6599691999999999,0.000260301,23.52245,0.3607227,0.04760139,21.58115,0.1051142,0.03293042,140137.21208579963,1.10886359443222e-17,6.174270498689118
GALAXY,0.09616587,3.53e-05,18.569000000000006,0.008375226999999999,0.03262608,17.55601,0.00586746,0.02257057,27449.403932533885,1.062326769085546e-15,0.6308057628801887
GALAXY,0.4968157999999999,0.000119247,22.45861,0.1075344,0.02220262,20.64689,0.03676943,0.01535967,114761.51444965073,2.9540247195235533e-17,3.7828372094898928
GALAXY,0.1878833,0.000121158,18.57152,0.01224419,0.2206212,17.376929999999998,0.007147099000000001,0.1526247,51112.10940545532,1.05986396172157e-15,0.6315382397276056
GALAXY,0.6305875,0.000144548,21.86919,0.1500493,0.12643,20.45082,0.05119101,0.08746369999999999,135918.41176663284,5.0837258837271045e-17,2.883590939610828
GALAXY,0.6355928000000001,0.000232308,23.82845,0.6996458999999999,0.1363872,21.38163,0.1138471,0.09435207,136647.37184335175,8.365234601952374e-18,7.108625780822037
GALAXY,0.07697517,2.31e-05,18.58173,0.008989839,0.13398529999999995,17.66157,0.006342726,0.09269044,22190.850251193868,1.049943973705014e-15,0.6345146478346199
GALAXY,0.6370916,0.000143337,22.81752,0.1929474,0.121556,21.18736,0.06823544,0.08409189,136864.82507072788,2.122511857874067e-17,4.46272013450545
GALAXY,0.1483776,3.2200000000000003e-05,18.40318,0.01158636,0.17087449999999998,17.28753,0.006570021999999999,0.1182102,41213.71650625968,1.2376165981027148e-15,0.5844288577851
GALAXY,0.738189,0.000245605,23.15781,0.2675807,0.2949982,22.02495,0.1533977,0.2040784,150690.23559943872,1.5514369304985566e-17,5.219845543083865
GALAXY,0.6343191999999999,0.000176883,22.50703,0.23349770000000006,0.03429974,20.77437,0.08351351,0.023728400000000004,136462.29213026274,2.825180013456858e-17,3.8681352626676246
GALAXY,0.2200949,1.39e-05,19.89612,0.02339545,0.5397711,18.81117,0.01404041,0.3734111,58862.89476891081,3.129032868830629e-16,1.1623037855570106
GALAXY,0.4981441,0.000108528,21.42103,0.08825111,0.08149555,19.99666,0.0362028,0.05637824,114988.39244209643,7.681501597398479e-17,2.345857635470327
GALAXY,0.7977787,3.98e-05,21.88211,0.1380128,0.1384031,21.6384,0.167768,0.09574661,158113.87894508496,5.0235892822091535e-17,2.9007991018088637
GALAXY,0.2694188,4.57e-05,20.38927,0.03580301,0.08103649,18.82341,0.01487888,0.05606067,70191.713202005,1.9867815814886523e-16,1.4586451498672486
GALAXY,0.5274243000000001,0.000107862,22.1225,0.1109498,0.06575236,20.65381,0.04612521,0.04548718,119900.34276003823,4.025854966976655e-17,3.240377830910025
GALAXY,0.3841654000000001,0.00014623200000000002,20.92671,0.08252154,0.203503,19.10692,0.02418553,0.14078239999999995,94167.41353480302,1.2110836057786522e-16,1.868261448643371
GALAXY,0.1192308,1.3800000000000003e-05,22.89091,0.1881511,0.2885357,22.07513,0.133548,0.19960770000000005,33627.0198801183,1.9837828215898638e-17,4.616125974848904
GALAXY,0.4016192,0.000151629,20.93255,0.06170787,0.29928340000000003,19.18728,0.02424942,0.2070428,97539.95076843146,1.2045868704270066e-16,1.8732927498132093
GALAXY,0.4109094,0.000122374,21.41652,0.08511338,0.15099279999999998,19.62222,0.02570016,0.1044561,99306.99779777248,7.713475868973513e-17,2.3409905053552587
GALAXY,0.4573798,8.379999999999999e-05,21.58707,0.07600943,0.104511,19.87748,0.02502986,0.0723002,107861.15718979911,6.592196209838688e-17,2.5322679147966407
GALAXY,0.07133044,8.45e-06,18.74729,0.009895789,0.04481886,17.83558,0.007291509,0.03100548,20623.45796376114,9.014510007589212e-16,0.6847840753620936
GALAXY,0.3108913,6.28e-05,20.43216,0.04307179,0.09022739,18.76217,0.0171724,0.06241889,79230.00374015557,1.909827423737256e-16,1.487742098167982
GALAXY,0.8228629000000001,0.000259867,23.81615,0.6894616,0.0868032,22.29893,0.3010926,0.06005005,161090.48878260594,8.460540820634284e-18,7.068473795059483
GALAXY,0.07052528,9.18e-06,17.59955,0.005858234,0.04403703,16.93465,0.004792842,0.03046461,20399.11887880279,2.594407106106182e-15,0.40365064638678855
GALAXY,0.03525549,3.46e-05,18.06161,0.01027339,0.03175954,17.30019,0.007968896,0.0219711,10383.128329772964,1.6951733852721234e-15,0.49936448541430795
GALAXY,0.4062933,6.409999999999999e-05,20.90563,0.04490636,0.05154114,19.17118,0.01563505,0.03565592,98431.40746901801,1.234827023491493e-16,1.850212677070405
GALAXY,0.5617538000000001,0.000118415,21.421470000000006,0.16419260000000002,0.05041649,19.91378,0.06376423,0.0348779,125447.63333412341,7.6783892613376e-17,2.3463330188718836
GALAXY,0.7325325,0.000173431,21.82193,0.1269888,0.04475307,20.7057,0.07984065,0.03095996,149958.74200702956,5.309897346883708e-17,2.8215103796867007
GALAXY,0.5087014,1.5e-05,21.52707,0.05511059,0.03227055,20.89887,0.06101071,0.02232462,116779.03026620294,6.966748378729456e-17,2.463256583977914
GALAXY,0.1099338,2.19e-05,17.48539,0.006241498000000001,0.1307636,16.46523,0.004291837,0.09046169,31155.571312965363,2.8820540758582077e-15,0.3829778460710407
GALAXY,0.1400946,1.07e-05,17.54755,0.005534257,0.1510466,16.91111,0.004771223,0.1044933,39082.47293668191,2.721686663381316e-15,0.3940992898427887
GALAXY,0.5609462,0.000163362,22.83529,0.188922,0.105044,21.0093,0.05568175,0.07266896,125319.69149699819,2.088055919633468e-17,4.499390140104325
GALAXY,0.2673236,5.479999999999999e-05,20.00585,0.03395217,0.1348127,18.47563,0.01350302,0.09326278,69723.45806342478,2.8282521451870854e-16,1.2225472477258141
GALAXY,0.1834841,3.15e-05,18.55237,0.009948351,0.1267212,17.30663,0.005930108000000001,0.08766513,50031.45219538022,1.0787234633852093e-15,0.6259932528553495
GALAXY,0.5823141,0.000154335,22.16593,0.13347879999999998,0.09959677,20.52221,0.04534283,0.06890059,128664.26468639853,3.867996969976235e-17,3.305838645359566
GALAXY,0.08068749,1.65e-05,16.671110000000002,0.003761647,0.1008753,15.67772,0.002998055,0.06978504,23216.536651540595,6.101184035477679e-15,0.26321925299330756
GALAXY,0.2876455,0.000117383,19.79267,0.03440686,0.1608984,18.22511,0.0130468,0.1113088,74217.61295029099,3.441835622851945e-16,1.1082293616941865
GALAXY,0.05012269,1.9e-05,17.78774,0.006336359000000001,0.04136489,16.92078,0.004752414,0.02861604,14650.272454773922,2.181534699177116e-15,0.4401935272728804
GALAXY,0.4347671,0.000113214,21.21758,0.06900668,0.03418419,19.54792,0.02590904,0.02364846,103757.207295342,9.26458830657808e-17,2.1360511704480416
GALAXY,0.1489884,2.04e-05,17.89434,0.0071130909999999985,0.042128,16.72914,0.004692333,0.02914396,41370.10378230996,1.9775256494076814e-15,0.462342324629944
GALAXY,0.6368050999999999,0.00029151,22.671,0.1675693,0.04949128,21.34422,0.07319598,0.03423784,136823.2876904654,2.4291712093537868e-17,4.171532699787303
GALAXY,0.2936026,5.68e-05,20.36338,0.03244784,0.04265661,18.7627,0.01337736,0.02950964,75515.0614110369,2.0347268930331415e-16,1.4413573009130236
GALAXY,0.28585920000000004,5.76e-05,19.65464,0.02325481,0.0427661,18.07133,0.009691995,0.02958539,73826.80646572933,3.9084280836196227e-16,1.039976802862322
GALAXY,0.1286593,1.59e-05,18.01171,0.006469355,0.04426765,17.14622,0.00480422,0.03062415,36107.886196484804,1.7749009636660058e-15,0.4880200356060089
GALAXY,0.5501172,0.000160553,22.71807,0.1388672,0.04842347,21.15965,0.05249825,0.03349913,123592.34145234404,2.3261093404779727e-17,4.262944242317698
GALAXY,0.5686283000000001,1.75e-05,21.91616,0.09069864,0.02933306,21.28595,0.07496889,0.02029247,126531.80183225761,4.868488239023945e-17,2.9466438827879897
GALAXY,0.1152534,1.42e-05,17.86338,0.00779853,0.03900718,17.08182,0.00595213,0.02698499,32572.764120719115,2.0347268930331414e-15,0.45579719929978463
GALAXY,0.3866859,0.000100629,21.46533,0.08405292,0.06858832,19.57868,0.02780867,0.04744909,94658.73111296508,7.374390396403148e-17,2.3942067577251995
GALAXY,0.3056511,4.78e-05,20.29104,0.02692169,0.05760086,18.65828,0.01235022,0.03984801,78111.89474134527,2.1749141820672791e-16,1.3941312181852203
GALAXY,0.545234,0.000102671,21.64373,0.07817604,0.05976112,20.24706,0.03546456,0.04134247,122806.18402396543,6.256999571035108e-17,2.5992116941296457
GALAXY,0.06118316,1.64e-05,15.99341,0.0033616590000000003,0.06397367,15.32015,0.003004278,0.04425669,17782.119463399296,1.1389223753188532e-14,0.1926538322068502
GALAXY,0.08732756,1.98e-05,18.33048,0.009276236,0.06258464,17.63297,0.007893668000000001,0.04329576,25041.014531865,1.323323805611865e-15,0.5651863340748248
GALAXY,0.2905514,4.52e-05,19.42074,0.02282975,0.09697916,17.78245,0.009344404,0.06708973,74851.63592283521,4.847994575321338e-16,0.933778031455024
GALAXY,0.1531804,2.3800000000000006e-05,18.66924,0.01376337,0.0774615,17.74607,0.008695043000000001,0.0535875,42440.55087948506,9.686393887140234e-16,0.660607731616895
GALAXY,0.6850569000000001,0.000238432,22.17614,0.2379329,0.0352875,20.51216,0.08635207,0.02441173,143626.83335768952,3.831793754303242e-17,3.321418897394301
GALAXY,0.08178706,7.03e-06,18.32868,0.009266667,0.0668171,17.7258,0.008064425,0.04622376,23519.559823601427,1.325519512478608e-15,0.5647180279323554
GALAXY,0.2056199,3.98e-05,18.8338,0.01372987,0.02205328,17.59519,0.007796795,0.01525636,55414.960979977805,8.324116029676465e-16,0.712616136459712
GALAXY,0.02713182,9.97e-06,15.69757,0.002900206,0.09012641,14.94231,0.002492307,0.06234903,8023.610575941179,1.4956505162067953e-14,0.16811623382179094
GALAXY,0.1168511,3.620000000000001e-05,18.17624,0.008981946999999999,0.16720970000000002,17.13031,0.006213085,0.1156749,32996.80358118492,1.5253240756612036e-15,0.5264336625870583
GALAXY,0.5750113,0.000152829,22.34955,0.158589,0.04736765,20.8956,0.0630216,0.03276872,127530.6417116457,3.266165034416423e-17,3.597540172705189
GALAXY,0.08036945,1.92e-05,17.79022,0.00673235,0.21956020000000004,16.8169,0.004748526,0.1518908,23128.823704793373,2.17655740189987e-15,0.4406965516605547
GALAXY,0.03483671,5.93e-06,17.88211,0.01048042,0.1529039,17.55285,0.01261916,0.1057782,10261.9760073891,1.9999269151631667e-15,0.4597456749154173
GALAXY,0.3775179,8.71e-05,21.44276,0.07722475,0.27352150000000003,19.63457,0.02566172,0.1892209,92864.6174161518,7.52929173969237e-17,2.3694505652482043
GALAXY,0.5572391,0.000121589,22.36355,0.1218828,0.09405904,20.70572,0.04661069,0.0650696,124730.84227915292,3.224319911334539e-17,3.6208093015567973
GALAXY,0.5376635000000001,0.000129493,21.92092,0.1242728,0.1687246,20.226370000000006,0.04238873,0.1167229,121578.4212974878,4.847190911698401e-17,2.9531101906308304
GALAXY,0.06509033,1.25e-05,18.0637,0.00826409,0.2092329,17.11155,0.005807643,0.1447463,18879.777615533658,1.6919133810810835e-15,0.49984534540037884
GALAXY,0.05474821,8.11e-06,18.30966,0.0092558,0.2436041,17.7422,0.008603926,0.1685242,15964.444004319703,1.3489446349984327e-15,0.5597932433612508
GALAXY,0.06663732,2.8000000000000006e-05,18.40409,0.009239198,0.2044277,17.5444,0.006821569,0.1414221,19313.12953916368,1.2365797355011384e-15,0.5846738259969946
GALAXY,0.4738188,0.000161196,21.91335,0.1255005,0.07199727,20.21471,0.04022647,0.04980738,110776.66256487559,4.8811047202664323e-17,2.942833236076095
GALAXY,0.07003067,1.73e-05,17.60397,0.008228250999999999,0.2054185,16.841379999999994,0.0060462680000000005,0.1421075,20261.212236010506,2.5838668206086367e-15,0.4044731080827894
GALAXY,0.07860427,1.87e-05,17.45514,0.005534805,0.07970084,16.48479,0.004135507,0.05513667,22641.458879407608,2.9634808501926107e-15,0.37767970854463506
GALAXY,0.07489843,2.22e-05,18.375770000000006,0.01001285,0.1114611,17.422279999999994,0.0067487580000000005,0.07710825,21615.288868730586,1.2692586307078533e-15,0.5770981103781344
GALAXY,0.531212,0.000155018,22.36185,0.1421363,0.23752070000000006,20.80438,0.05626097,0.1643157,120523.46038048725,3.2293723700205354e-17,3.617975755545666
GALAXY,0.1510255,1.6100000000000002e-05,20.0267,0.03133706,0.07246506,19.36183,0.02529905,0.050131,41890.90997351138,2.774457810858779e-16,1.2343424139138826
GALAXY,0.3959727,8.1e-05,20.88417,0.06812931,0.14510870000000006,19.15939,0.02224781,0.1003855,96456.47011781619,1.25947666413453e-16,1.8320176451584087
GALAXY,0.2359327,4.35e-05,20.13665,0.02826559,0.1710116,18.63551,0.01219254,0.118305,62570.74286553548,2.507252801247148e-16,1.2984512603909528
GALAXY,0.13386710000000002,7.13e-06,19.57189,0.01500379,0.1657907,19.00056,0.01350064,0.1146933,37467.20733496156,4.217956778525222e-16,1.0010912196227544
GALAXY,0.1716726,1.46e-05,19.09435,0.0179578,0.1644394,18.48587,0.0165668,0.11375839999999998,47103.3562030452,6.548142549590213e-16,0.8034625749811998
GALAXY,0.5704334,0.000182192,21.92381,0.1442605,0.16940850000000002,20.26763,0.06217723,0.117196,126815.03219222349,4.834305871547268e-17,2.957043084359682
GALAXY,0.4869342,0.000132301,22.78091,0.17516379999999998,0.1387683,21.14051,0.07002818,0.09599927,113062.49883937945,2.1953012526176874e-17,4.388111479812623
GALAXY,0.08292037,1.06e-05,18.84072,0.01428311,0.09900931,18.29485,0.01412849,0.06849418,23831.508497814393,8.271230527231959e-16,0.7148907080731689
GALAXY,0.130422,3.85e-05,18.74643,0.01196468,0.3173843,17.53115,0.006980647,0.219565,36568.85243673872,9.021653132881421e-16,0.6845129239997985
GALAXY,0.7919861,0.000209506,21.05796,0.4597122,0.1600765,19.09619,0.119735,0.1107402,157414.3005369228,1.0731838418770234e-16,1.9846670171172496
GALAXY,0.5650464,0.000214327,22.4488,0.1859064,0.3825748,20.77172,0.06613817,0.2646635,125967.99866438557,2.9808362922560724e-17,3.765786136505094
GALAXY,0.1240442,2.27e-05,21.08679,0.0423445,0.1364131,19.96842,0.02189324,0.09436997,34896.746893758456,1.0450621654762562e-16,2.0111925531372723
GALAXY,0.4312789000000001,7.340000000000001e-05,21.25542,0.05334727,0.03199654,19.45668,0.01918776,0.02213506,103114.33596105484,8.947261389326081e-17,2.173600134474215
GALAXY,0.2471051,2.89e-05,19.16863,0.0172957,0.06222647,17.8743,0.009278659,0.04304798,65146.15810017471,6.115136071229759e-16,0.8314222684483383
GALAXY,0.1245484,3.09e-05,18.04136,0.009393096,0.06427792,17.22255,0.00653291,0.04446717,35029.36270193926,1.7270866421116945e-15,0.49472932319632107
GALAXY,0.423851,0.000112358,21.47561,0.082081,0.08726457,19.97702,0.0347405,0.06036922,101736.53938906743,7.304897479351621e-17,2.4055680794156418
GALAXY,0.6223052,0.000118825,21.90919,0.1114628,0.05168989,21.15575,0.09403106,0.03575883,134702.78548817383,4.8998425548846217e-17,2.9372008977584625
GALAXY,0.4890194000000001,0.000197699,21.95438,0.09785625,0.05062783,20.71052,0.05345786,0.0350241,113422.67310505788,4.70008947046126e-17,2.9989667609176585
GALAXY,0.1750045,2.4100000000000006e-05,17.73827,0.006342881,0.04397698,16.5359,0.004211787,0.03042307,47933.281277876165,2.2832324345565432e-15,0.43027850626430814
GALAXY,0.5778694999999999,0.000151564,22.62571,0.1910137,0.15764389999999998,20.90557,0.06681459,0.1090573,127975.48245734055,2.5326438690056913e-17,4.085428858051901
GALAXY,0.4871601,0.000150509,21.81977,0.15143779999999998,0.07460383,20.09142,0.0493561,0.05161058,113101.56110342278,5.320471549504183e-17,2.8187051714481517
GALAXY,0.4969238,0.000125364,22.14549,0.11632,0.05033658,20.7916,0.04870611,0.03482262,114779.97448274946,3.941505393696262e-17,3.2748668891972703
GALAXY,0.1674038,1.4800000000000002e-05,18.16761,0.01181865,0.09491862,17.16395,0.007399105,0.06566426,46035.52169729772,1.537496462455469e-15,0.524345629298362
GALAXY,0.3716847,6.38e-05,20.89145,0.04903784,0.07829059,19.19063,0.01826753,0.05416107,91712.9924701432,1.2510599612199754e-16,1.8381699085368721
GALAXY,0.06938104,1.94e-05,17.53663,0.006313163,0.05952622,16.54791,0.004496377,0.04117996,20079.973112229858,2.749198670431004e-15,0.39212240017017724
GALAXY,0.6314698000000001,0.000199206,22.3462,0.1768229,0.0481483,20.77672,0.07247181,0.03330877,136047.21774712385,3.276258232220569e-17,3.5919944112270064
GALAXY,0.1278642,2.4100000000000006e-05,18.73613,0.01353464,0.08530566,17.835420000000006,0.00918331,0.05901406,35899.66585048989,9.107645649395685e-16,0.6812737448484064
GALAXY,0.4340542000000001,6.159999999999999e-05,21.25199,0.07775075,0.07969739,19.42191,0.02931047,0.05513429,103626.03556213676,8.975571795863119e-17,2.1701694837720718
GALAXY,0.4253199,0.000110431,20.81736,0.05688328,0.1009117,19.04936,0.02196222,0.06981024,102009.9628077131,1.339411813948211e-16,1.7765099828045805
GALAXY,0.2306342,4.26e-05,20.20762,0.02676661,0.05315629,18.8579,0.01366984,0.03677328,61337.764501115904,2.3486057791498613e-16,1.3415895052172078
GALAXY,0.4194132,0.000165417,22.05937,0.1405283,0.1140362,20.37406,0.0481639,0.07888968,100907.59806005796,4.26687701416772e-17,3.147528362763947
GALAXY,0.3510228,0.00010505,20.23755,0.0378124,0.18828670000000006,18.55225,0.01519579,0.1302559,87569.73764075588,2.2847470497521003e-16,1.3602090256594561
GALAXY,0.1195726,3.69e-05,18.56446,0.009871374,0.16032439999999998,17.50884,0.006322384,0.1109117,33717.40420893985,1.066778182953688e-15,0.6294882851934043
GALAXY,0.7855062,6.68e-05,23.15059,0.2207166,0.1263638,22.82745,0.2467165,0.08741791,156626.20231450765,1.5617881567914822e-17,5.202518728249677
GALAXY,0.4969891,0.00013595,21.5376,0.09382527,0.1707789,19.87481,0.03214961,0.118144,114791.13482496366,6.899508042178757e-17,2.4752305255144895
GALAXY,0.1008382,7.94e-06,17.84534,0.006158566999999999,0.1246091,17.37892,0.0057200390000000005,0.08620398,28713.34269970011,2.068817233147111e-15,0.45202624630630595
GALAXY,0.1219269,2.36e-05,18.19625,0.0068219430000000005,0.0911321,17.25163,0.004923375,0.06304476,34339.04888155037,1.4974699814475052e-15,0.5313071400480749
GALAXY,0.6586770000000001,0.00027382,22.71807,0.2442751,0.08107086,20.67953,0.06234583,0.05608444,139954.69539847982,2.3261093404779727e-17,4.262944242317698
GALAXY,0.34609509999999993,7.52e-05,19.81062,0.02570231,0.06359768,18.07067,0.01023404,0.04399658,86566.68188633071,3.3854010549552777e-16,1.117428264412297
GALAXY,0.4923452999999999,0.000188923,22.09469,0.157402,0.16605050000000002,20.56967,0.06030364,0.114873,113995.32158688847,4.130305020316474e-17,3.1991429928305943
GALAXY,0.2954046,8.14e-05,19.33954,0.02435579,0.1529958,17.6535,0.009252743,0.1058418,75905.76835272579,5.224468622493947e-16,0.8995051460501834
GALAXY,0.1006219,2.2e-05,18.26467,0.0075210530000000015,0.04115693,17.293429999999994,0.005391666999999999,0.02847217,28654.971009945133,1.4060155544039946e-15,0.5483144008471168
GALAXY,0.3107696,6.01e-05,22.14534,0.09379029,0.05676452,20.58922,0.03864737,0.03926944,79204.11383002318,3.942049970407211e-17,3.2746406772200354
GALAXY,0.636596,0.000211531,22.424570000000006,0.26961090000000004,0.05629879,20.64726,0.08987133,0.03894724,136792.96314700283,3.048106416769539e-17,3.72399982823805
GALAXY,0.09762561,8.75e-06,17.56036,0.0057449530000000006,0.03589078,17.16411,0.005876283,0.02482908,27844.972256305482,2.689763681314476e-15,0.3964310404371072
GALAXY,0.6043594,0.000117661,21.25815,0.06092092,0.02716306,19.92574,0.03133614,0.01879128,132028.01968338632,8.924792450249375e-17,2.1763345279696766
GALAXY,0.2417746,3.48e-05,19.36518,0.01622833,0.05189461,17.94128,0.008048293,0.03590045,63921.51565692314,5.102536560662714e-16,0.910189146075739
GALAXY,0.2564077,4.29e-05,18.94959,0.01460353,0.07351405,17.381439999999998,0.006574499,0.05085668,67265.44903465516,7.482076170995058e-16,0.751646522055586
GALAXY,0.6333649,0.000297999,22.20947,0.2018073,0.04761874,20.663220000000006,0.07601317,0.03294242,136323.43244804177,3.715952254548125e-17,3.372792723753052
GALAXY,0.4716853,0.000121588,20.97423,0.07955769,0.02994184,19.22708,0.02963294,0.02071362,110401.46587556429,1.1592206934627283e-16,1.909596685882076
GALAXY,0.06970931,5.14e-06,18.09253,0.00792665,0.06923673,17.52915,0.0070380109999999985,0.04789765,20171.572186310743,1.647578534855974e-15,0.5065258946308068
GALAXY,0.3400266,7.13e-05,20.41495,0.034288900000000004,0.07391754,18.73138,0.01433253,0.05113581,85323.42567067048,1.9403412888536482e-16,1.4759976032687545
GALAXY,0.553246,0.000161557,22.24954,0.1440634,0.05248052,20.45097,0.04586574,0.03630579,124093.68407946962,3.5813117301909726e-17,3.435608371250061
GALAXY,0.1061867,1.6899999999999994e-05,17.1263,0.005019453,0.2359801,16.07574,0.003615594,0.16325,30152.370069696797,4.011789387678557e-15,0.32460533421574744
GALAXY,0.12490439999999997,1.2e-05,18.19418,0.006240941,0.0417698,17.99232,0.006627381999999999,0.02889615,35122.95444521718,1.500327691854901e-15,0.5308009020983976
GALAXY,0.5094228,0.000149828,22.2205,0.14098229999999998,0.07180336,20.81972,0.06022608,0.04967323,116900.57605907625,3.678392980874134e-17,3.389968418615672
GALAXY,0.08111876,9.67e-06,17.224429999999998,0.006646655,0.1040991,16.708879999999994,0.005936743,0.07201526,23335.429935018885,3.665102503124821e-15,0.33961092467994786
GALAXY,0.6555105,0.000237652,22.87769,0.2442911,0.02841612,21.14647,0.08151293,0.01965814,139506.27915507526,2.008085153231736e-17,4.588108211514389
GALAXY,0.55169,0.000100428,21.95976,0.1327771,0.08910453,20.15375,0.04014817,0.061642099999999984,123844.58949384598,4.676857367422134e-17,3.0064061577143852
GALAXY,0.6285691999999999,0.000218891,22.43512,0.1543086,0.1247648,21.12914,0.06723625,0.08631171,135623.26222630974,3.0186316774077605e-17,3.7421367351263704
GALAXY,0.1151301,1.03e-05,17.64382,0.007249078000000002,0.07397627,17.231360000000002,0.007995407,0.05117644,32540.00878328823,2.490749920930722e-15,0.41196436611945386
GALAXY,0.04252697,6.49e-06,16.87293,0.005184875,0.04855368,16.6231,0.0063983,0.03358921,12478.40600406117,5.066244265882427e-15,0.2888561724764158
GALAXY,0.5162,0.000145126,21.19881,0.07936710000000001,0.04446246,19.725,0.03235917,0.03075892,118037.40549165716,9.426145197215032e-17,2.117666918579823
GALAXY,0.05980218,1.56e-05,18.54178,0.009108393,0.09135728,17.79881,0.0072708,0.06320054,17393.07150922853,1.0892965426211262e-15,0.622947794065593
GALAXY,0.1713115,7.11e-06,18.06436,0.007026292,0.03322562,17.45792,0.0058133690000000005,0.02298533,47013.22523528071,1.690885209140702e-15,0.4999972921008695
GALAXY,0.5656986999999999,0.000185587,22.10908,0.15375160000000002,0.09773269,20.514470000000006,0.0561057,0.06761102,126070.84980628603,4.075924447508693e-17,3.220413601872524
GALAXY,0.05606622,2.55e-05,18.15955,0.009211186,0.08886667,17.31896,0.006671167,0.06147755,16337.743157542587,1.5489525901092466e-15,0.5224029879523806
GALAXY,0.5134643,0.000179675,23.12001,0.2628224,0.16961210000000002,20.88015,0.05845344,0.1173368,117579.60338619724,1.606401589548449e-17,5.129767152140249
GALAXY,0.438176,9.38e-05,20.82424,0.07410499,0.1132827,18.91018,0.021709400000000004,0.07836841,104382.91360157276,1.3309511787435264e-16,1.7821475269608924
GALAXY,0.3288066,4.870000000000001e-05,20.77881,0.03701487,0.18689,19.05892,0.01383783,0.12928969999999998,83001.38632456299,1.387823142360591e-16,1.7452500225037626
GALAXY,0.3580651,6.47e-05,20.76549,0.03980755,0.05934759,19.00525,0.01448563,0.04105639,88993.20614475141,1.404954064988675e-16,1.7345772748189943
GALAXY,0.5691616999999999,0.000174508,21.63518,0.09207005,0.05341191,20.10063,0.03911905,0.03695011,126615.55786609359,6.306466966207895e-17,2.5889976264336627
GALAXY,0.6244812,0.000189558,22.57414,0.1460604,0.2250204,21.29229,0.07500439,0.1556681,135023.30739628518,2.655841330772212e-17,3.9895476109670076
GALAXY,0.09801807,4.820000000000001e-05,18.4246,0.0109462,0.1042021,17.34571,0.0071939169999999985,0.07208651,27951.216878192805,1.213439492090642e-15,0.5902223518168879
GALAXY,0.12044,2.67e-05,17.556079999999998,0.00714559,0.1212119,16.5561,0.004703022,0.08385382,33946.62457256008,2.700387725186351e-15,0.395650439306526
GALAXY,0.4401544,0.000116632,22.04531,0.1015689,0.1451558,20.28448,0.03397508,0.1004181,104744.89840806474,4.32249127385599e-17,3.127214364267847
GALAXY,0.6333343000000001,0.000230602,23.55303,0.4785707,0.1315718,21.01892,0.08334903,0.09102073,136318.97729468936,1.0780679255728718e-17,6.261835469336625
GALAXY,0.6404656999999999,0.000188144,22.67549,0.2049223,0.1302754,21.24559,0.07766581,0.09012394,137352.9645334506,2.419146253802851e-17,4.180167191062691
GALAXY,0.14960520000000002,3.18e-05,18.80517,0.01161293,0.10730439999999998,17.63579,0.006791016,0.0742327,41527.91966783296,8.546535978089327e-16,0.7032822431956829
GALAXY,0.3736919,0.000111154,21.21896,0.07000758,0.191842,19.32883,0.02125802,0.1327154,92110.15712098914,9.25282024530807e-17,2.1374090912157095
GALAXY,0.06173557,7.35e-06,17.59669,0.009299421,0.1753976,17.20327,0.009760028,0.1213392,17937.585232340803,2.6012501915692772e-15,0.40311935668098464
GALAXY,0.6168953,0.000155772,22.63051,0.13453410000000002,0.2283443,20.73611,0.03804463,0.15796749999999998,133902.3677231082,2.521471856934348e-17,4.094469612265024
GALAXY,0.2134784,1.7899999999999998e-05,20.20584,0.03151911,0.2189942,19.2335,0.02196664,0.15149920000000006,57293.9006973141,2.3524593367614454e-16,1.3404902276863726
GALAXY,0.1307443,2.26e-05,18.25142,0.007676524,0.1701463,17.241329999999998,0.005636604,0.1177064,36653.04095250319,1.4232792742013993e-15,0.5449788551977858
GALAXY,0.0948303,6.28e-06,19.091520000000006,0.01986142,0.13135479999999994,19.02627,0.02677935,0.09087061,27086.93748779044,6.56523271883943e-16,0.8024161338468818
GALAXY,0.188578,1.44e-05,20.17544,0.02265065,0.09461244,19.5998,0.01992443,0.06545245,51282.2715730872,2.419257662170155e-16,1.3218544952316533
GALAXY,0.1952801,5.53e-05,22.39716,0.1443545,0.09770855,21.83445,0.14477520000000002,0.06759432,52917.06395989299,3.126037080249039e-17,3.677288065598765
GALAXY,0.1270048,7.499999999999999e-06,17.8975,0.00801536,0.1672235,17.340410000000002,0.007568305,0.1156845,35674.40195655804,1.9717784926744268e-15,0.46301563058806405
GALAXY,0.5225161,0.00016680700000000002,21.73081,0.1151622,0.30959640000000005,20.33263,0.05502006,0.2141774,119088.74261553836,5.774762468114074e-17,2.7055630074135175
GALAXY,0.08446179,6.93e-06,17.79993,0.006623315,0.08137163,17.419620000000002,0.006823893,0.05629252,24255.184409590973,2.157178708907376e-15,0.4426715918091155
GALAXY,0.1308846,2.4100000000000006e-05,18.22837,0.009514653,0.07284467,17.18747,0.005953037,0.0503936,36689.679619116694,1.4538182797387422e-15,0.5392245445282787
GALAXY,0.1577232,2.81e-05,17.819329999999994,0.007896435,0.07034332,16.697879999999998,0.004997722,0.04866318,43594.95278512734,2.1189764263471415e-15,0.4466441522258786
GALAXY,0.5332769,0.000116632,22.29726,0.1326228,0.05566605,20.57863,0.04575924,0.03850952,120861.98937227711,3.427315816838357e-17,3.511944566612119
GALAXY,0.6945151999999999,1.65e-05,24.55658,0.4727361,0.103893,22.9167,0.2212798,0.07187272,144916.25288749667,4.277855643641622e-18,9.940578340399504
GALAXY,0.2248395,3.66e-05,19.14751,0.01543927,0.172016,17.70006,0.007635144,0.1189999,59980.72701662353,6.235253649111928e-16,0.8233749541740027
GALAXY,0.4841856,0.000113281,22.19168,0.09717913,0.06216143,20.55324,0.03866242,0.04300299,112586.38045291994,3.7773404138607493e-17,3.345273669826328
GALAXY,0.4698177,0.000150066,22.04144,0.1052435,0.05278617,20.34746,0.03725646,0.03651723,110072.25409766291,4.337925860396458e-17,3.121646003574734
GALAXY,0.3361867,8.65e-05,20.21198,0.04635148,0.07519809,18.54788,0.01676899,0.05202169,84532.16704790462,2.3391933745738074e-16,1.3442859274468713
GALAXY,0.664895,0.00016642099999999998,24.20164,0.4443802,0.04653421,22.01224,0.1123042,0.03219215,140830.44080411262,5.93201342465809e-18,8.441578283441519
GALAXY,0.3967603,0.000110383,20.73582,0.07821637,0.05657556,19.06786,0.02793664,0.03913871,96608.03168691459,1.4438767565471495e-16,1.7110379901363852
GALAXY,0.3673805,1.32e-05,21.40481,0.0618967,0.08516493,21.09876,0.05857858,0.05891671,90858.15591562379,7.797118330496673e-17,2.3284003306097247
GALAXY,0.1273371,1.52e-05,18.01066,0.008026869,0.09275745,17.18296,0.006324886,0.06416918,35761.528868573885,1.7766182753361687e-15,0.4877841140412974
GALAXY,0.5603588,0.000132519,21.98487,0.1125313,0.03290006,20.68456,0.06039728,0.02276011,125226.55787111536,4.5699360757573874e-17,3.0413727628330256
GALAXY,0.4781656,0.000134496,21.68855,0.1122173,0.04247638,19.90013,0.03823303,0.02938496,111538.17322269284,6.003964631382047e-17,2.6534178859983517
GALAXY,0.5745077,0.000149286,22.57051,0.2413009,0.04030252,20.7171,0.08602223,0.0278811,127452.10815836799,2.6647356073977014e-17,3.982883948169945
GALAXY,0.1789437,3.98e-05,18.01774,0.008811134,0.08847995,16.77626,0.005331351,0.06121002,48910.4768362693,1.7650707790195555e-15,0.4893771104132549
GALAXY,0.3797046,7.49e-05,20.81063,0.05011214,0.13159300000000002,19.08047,0.01750228,0.09103545,93294.29770637273,1.3477400219755727e-16,1.7710126051263537
GALAXY,0.555793,0.000247885,22.598370000000006,0.228415,0.09335528,20.84478,0.06823023,0.06458275,124500.4413127388,2.5972282928460398e-17,4.034313581430775
GALAXY,0.6474973,0.000176573,23.99279,0.8747950999999999,0.1113256,20.71172,0.07747161,0.07701456,138364.0826297318,7.190219113557623e-18,7.667497662889631
GALAXY,0.053112900000000005,1.4800000000000002e-05,17.07633,0.004951386,0.09878338,16.08537,0.003665545,0.06833788,15500.558150165065,4.2007431241803096e-15,0.3172207972534288
GALAXY,0.16871,3.4e-05,18.84405,0.01158089,0.06339448,17.60086,0.006932163000000001,0.04385601,46362.808370174884,8.245901167675256e-16,0.7159878494971258
GALAXY,0.03850967,2.09e-05,15.56676,0.003200474,0.1368206,14.70578,0.002541066,0.09465183,11322.7719212985,1.6871516663314746e-14,0.1582878762783512
GALAXY,0.33360100000000004,6.07e-05,20.61786,0.04057403,0.1200539,18.88649,0.01515345,0.08305272,83997.34451822552,1.609585774870717e-16,1.6205694674943814
GALAXY,0.3964534,9.36e-05,21.32983,0.08689594,0.04104785,19.48298,0.02608054,0.02839671,96548.99018906354,8.354608917348069e-17,2.2493739034295728
GALAXY,0.11562269999999998,3.83e-05,18.62535,0.01079793,0.04788436,17.61864,0.007158314,0.03312618,32670.8443678687,1.0085980524019312e-15,0.6473895014459009
GALAXY,0.1008177,2.89e-05,18.07375,0.00824685,0.03393188,17.04283,0.0054580290000000005,0.02347392,28707.811063791283,1.6763246265871743e-15,0.5021640893087219
GALAXY,0.5173059,0.000195697,22.20424,0.1561068,0.0379992,20.73829,0.05237155,0.02628767,118222.05219577785,3.7338952073185763e-17,3.3646791137155168
GALAXY,0.001611216,1.29e-05,21.78159,0.07496653,0.04362704,22.07951,0.12803299999999998,0.03018098,482.64127235467606,5.5108948576781523e-17,2.7695783286111366
GALAXY,0.564222,0.000158104,23.35679,0.2957671,0.05381979,21.39561,0.08794293,0.03723228,125837.89881254532,1.2916419012103268e-17,5.720758996987878
GALAXY,0.5044695,0.000129544,21.52311,0.09455306,0.04743393,19.78573,0.0339541,0.03281457,116063.92822512196,6.992204558652052e-17,2.458768566053553
GALAXY,0.1174049,3.1e-05,18.2772,0.009073723,0.04652653,17.267789999999998,0.005835786,0.03218684,33143.612906974995,1.3898826230351788e-15,0.5514874734563495
GALAXY,0.03806043,7.000000000000001e-06,17.79794,0.007792534,0.05771657,17.355829999999994,0.007130168,0.03992806,11193.242136168437,2.161136136180394e-15,0.44226610061407234
GALAXY,0.1127555,3.33e-05,18.32051,0.008747392,0.08462918,17.32312,0.005886356999999999,0.05854607,31908.32265523252,1.335531467419741e-15,0.5625973112665359
GALAXY,0.633896,0.000193819,22.55211,0.4312401,0.02360118,20.10879,0.07235825,0.01632719,136400.73163990834,2.7102797809049794e-17,3.949277512059684
GALAXY,0.1518345,2.17e-05,17.84446,0.006792839,0.03086056,16.7366,0.004683303,0.0213492,42097.41250359907,2.070494709818899e-15,0.4518430975340244
GALAXY,0.7069433,0.000242701,21.20198,0.2455105,0.06271002,19.7349,0.09623962,0.0433825,146589.16077215978,9.398664027024841e-17,2.120760628838418
GALAXY,0.1620146,3.87e-05,18.33209,0.01195285,0.07014973,17.2587,0.007223426999999998,0.04852926,44680.11226837187,1.32136294952321e-15,0.5656055369209966
GALAXY,0.1734714,4.38e-05,18.56511,0.01344472,0.051578,17.45182,0.008118699,0.03568142,47551.79513142555,1.06613972372581e-15,0.6296767419423694
GALAXY,0.8452832,0.000406928,23.4782,0.4821754,0.08758246,22.29349,0.2749115,0.06058914,163680.000310434,1.1549897370239278e-17,6.049725260948253
GALAXY,0.1006386,7.23e-06,18.38199,0.008591281999999999,0.03191844,17.72278,0.007315513,0.02208102,28659.478233784055,1.262008050122351e-15,0.5787535291277682
GALAXY,0.5802106,0.000102132,21.84731,0.1453796,0.09438255,20.39146,0.062017599999999985,0.06529341,128338.73227440593,5.187213521007979e-17,2.8546814455316922
GALAXY,0.158563,3.02e-05,18.06457,0.008765496,0.07566031,16.99247,0.005596571,0.05234145,43807.720808794875,1.6905581945724012e-15,0.5000456484641458
GALAXY,0.4221306,6.37e-05,21.00924,0.05137379,0.07132514,19.24802,0.01738899,0.0493424,101415.69870050193,1.1224373899217536e-16,1.9406340728674676
GALAXY,0.04886072,1.11e-05,16.65031,0.004556432,0.06208591,15.988220000000002,0.003836678,0.04295075,14290.624401326168,6.219194299347366e-15,0.2607099775762341
GALAXY,0.08315501,2.1e-05,18.09393,0.006917746,0.08164895,17.14562,0.005025813,0.05648437,23896.046957955066,1.6454554376880754e-15,0.5068525692397189
GALAXY,0.5685328000000001,0.000138764,21.33346,0.08719651,0.053235000000000005,20.36768,0.05218546,0.03682773,126516.80059761128,8.326723147892291e-17,2.253137274241273
GALAXY,0.4928213,0.00017711799999999998,22.3524,0.175852,0.05618342,20.66706,0.05821291,0.03886743,114077.09491542699,3.257602766953776e-17,3.6022649487513125
GALAXY,0.568589,0.00014398299999999998,22.51325,0.17149029999999998,0.04218084,20.70045,0.05186503,0.02918051,126525.62875324485,2.809041304717336e-17,3.8792310945977353
GALAXY,0.33115959999999994,6.94e-05,19.98775,0.03514931,0.05937468,18.2912,0.01210448,0.04107513,83490.88150906535,2.875796330399863e-16,1.2123992311305702
GALAXY,0.1470325,3.09e-05,18.4807,0.01254785,0.03334498,17.6593,0.009681512,0.0230679,40868.9473018761,1.1523333343431636e-15,0.605669427546701
GALAXY,0.6503857,0.000120138,22.0544,0.1612816,0.05625586,20.35835,0.04939509,0.03891755,138777.02482521906,4.2864535828830224e-17,3.1403326334118558
GALAXY,0.1166411,2.68e-05,18.42319,0.008499675,0.0666552,17.41294,0.005803892,0.04611176,32941.11050739989,1.2150163586689655e-15,0.5898392277298862
GALAXY,0.5075616,0.00016414900000000002,22.54208,0.2065313,0.09652621,20.73701,0.06596395,0.06677639,116586.77907139431,2.7354332727239676e-17,3.9310779199050887
GALAXY,0.4975737,0.000159081,21.39269,0.09960609,0.1002326,19.52708,0.03084631,0.06934048,114891.00980027505,7.884644652675727e-17,2.315440643384728
GALAXY,0.04888671,8.02e-06,17.9427,0.008016862,0.09403086,17.51024,0.007702075999999999,0.06505011,14298.036058242227,1.891377094453927e-15,0.4727544791326811
GALAXY,0.04058899,1.28e-05,17.965410000000006,0.02386357,0.1672235,17.517789999999998,0.02523958,0.1156844,11921.519453497003,1.8522266356077313e-15,0.477724651495672
GALAXY,0.5291772,0.00017877,22.54812,0.1272311,0.1351835,21.12503,0.05667774,0.09351934,120189.0594852286,2.720258181731319e-17,3.94202752396475
GALAXY,0.1194347,3.4200000000000005e-05,18.8483,0.01092015,0.02288902,17.788320000000006,0.007214969,0.01583452,33680.9425097327,8.213686547695553e-16,0.7173905512380719
GALAXY,0.4287435000000001,0.000134123,21.80279,0.08709829,0.04361105,20.08052,0.03052254,0.03016992,102645.40212483877,5.4043332987572113e-17,2.7967500355818626
GALAXY,0.6103805999999999,0.000185778,22.55381,0.19456170000000006,0.07874797,20.69998,0.06151614,0.05447748,132931.73622858792,2.7060394595510115e-17,3.952370528789826
GALAXY,0.5646043000000001,0.000105701,22.32982,0.1494935,0.08602623,20.45699,0.0429837,0.05951255,125898.24585573276,3.326060351173329e-17,3.5650009693712246
GALAXY,0.5782706,0.00014638799999999998,22.97243,0.2487338,0.05813511,20.50909,0.04289745,0.0402176,128037.78888599374,1.8402894025252028e-17,4.792715529148408
GALAXY,0.0307705,1.18e-05,16.330679999999994,0.003362197,0.07449902,15.60104,0.002817729,0.05153808,9082.90368465705,8.348070829644439e-15,0.22502545695011952
GALAXY,0.396708,9.55e-05,20.48481,0.0425632,0.06914914,18.6405,0.01408044,0.04783706,96597.97170792075,1.8194248630856545e-16,1.5242550841273246
GALAXY,0.5993928000000001,0.000117784,21.85952,0.1119165,0.184851,20.43251,0.04825496,0.12787910000000002,131277.7713014458,5.1292058060983115e-17,2.8707782835102047
GALAXY,0.5203656,0.000113216,21.91205,0.1233298,0.1240473,20.302570000000006,0.04289151,0.08581537,118731.66278324589,4.886952583182762e-17,2.9410719711142677
GALAXY,0.1872007,2.52e-05,18.52575,0.01101861,0.1861455,17.21848,0.006062109,0.12877460000000002,50944.78102109555,1.1054984174299093e-15,0.6183660708980966
GALAXY,0.3591651,7.49e-05,19.98015,0.04514243,0.11415150000000003,18.33154,0.01711192,0.07896947,89214.49034914993,2.8959971171560234e-16,1.2081633364780646
GALAXY,0.5565831,0.000128233,22.11856,0.07979212,0.2061218,20.5083,0.02959052,0.1425941,124626.373166245,4.040490827609615e-17,3.2345037000389105
GALAXY,0.3857768,0.000104259,20.84406,0.06880735,0.1267264,18.98652,0.02123329,0.08766873,94481.6894540964,1.3068752258144773e-16,1.7984884466038595
GALAXY,0.130697,8.57e-06,20.0832,0.03028126,1.406901,19.24397,0.02002864,0.9732873,36640.68751091762,2.6337716900643646e-16,1.2668805023427518
GALAXY,0.2312163,4.56e-05,19.59135,0.02173183,0.2259397,18.03947,0.01012389,0.156304,61473.58736516203,4.1430304496412817e-16,1.010102979803762
GALAXY,0.359361,0.000112216,21.57609,0.0747827,0.145501,20.05007,0.03582155,0.1006569,89253.86909514437,6.659201022303805e-17,2.51949587863704
GALAXY,0.1200902,1.05e-05,17.42614,0.006532348,0.3177199,16.62596,0.005481398,0.21979720000000005,33854.21210503492,3.043701968683212e-15,0.3726693297343691
GALAXY,0.3959515,6.99e-05,21.04684,0.05289902,0.07531377,19.34891,0.01916169,0.05210172,96452.38855952748,1.0842317611103947e-16,1.9745296167608084
GALAXY,0.5434965,0.00012753799999999998,22.38905,0.1224671,0.1065393,20.86284,0.04661464,0.0737034,122525.36803428062,3.149474708906794e-17,3.6635797705524813
GALAXY,0.04269303,9.98e-06,19.47638,0.01943437,0.1992686,19.0694,0.02669129,0.1378531,12526.071914716542,4.60581113293705e-16,0.9580135512360446
GALAXY,0.2148072,1.02e-05,18.78416,0.01279502,0.1027792,18.01999,0.009852928,0.07110216,57609.95420111643,8.713529888185888e-16,0.6965104750047316
GALAXY,0.147316,1.39e-05,17.95281,0.007691022,0.07968237,16.82275,0.00500411,0.0551239,40941.6553947318,1.8738469889517565e-15,0.47496067407423065
GALAXY,0.09051628,2.42e-05,18.12841,0.00893985,0.1756591,17.210810000000002,0.00619034,0.1215202,25912.565029668564,1.5940213178905628e-15,0.5149649281424563
GALAXY,0.5361796,0.000115696,22.52669,0.1809455,0.20692510000000006,20.96325,0.07201356,0.1431498,121336.48076154693,2.7744833646772476e-17,3.9033154650447828
GALAXY,0.50846,0.000120843,22.41264,0.165454,0.2510586,20.55246,0.06017673,0.1736812,116738.3346544628,3.081783497163563e-17,3.7035963914665224
GALAXY,0.05848774,1.59e-05,17.39084,0.0068588830000000005,0.1222819,16.84388,0.006045338000000001,0.08459409,17022.243202255857,3.1442866023731735e-15,0.3666600997710295
GALAXY,0.6324418,0.000157804,22.5168,0.1858077,0.04775221,20.561870000000006,0.05179311,0.03303476,136188.96518257016,2.799871663320976e-17,3.8855781857892153
GALAXY,0.4201526,6.94e-05,21.31912,0.0606374,0.06544111,19.58681,0.02278053,0.04527186,101046.01262062228,8.437428881242451e-17,2.238306996753982
GALAXY,0.1584158,4.44e-05,18.81243,0.01056325,0.03075316,17.64255,0.006612953,0.02127489,43770.44126770895,8.489578436620991e-16,0.7056374994168635
GALAXY,0.7014644,0.000320446,22.58009,0.2220789,0.16473320000000002,20.96504,0.08146056,0.1139617,145854.63393397196,2.6413267226655475e-17,4.000494266152628
GALAXY,0.0889345,7.73e-06,17.90718,0.006606135999999999,0.1232434,17.33693,0.005623144,0.08525918,25480.60140578479,1.9542770197313104e-15,0.46508427123317597
GALAXY,0.03814509,1.11e-05,16.36215,0.003363568,0.0681075,15.5173,0.0028202540000000003,0.04711645,11217.656839911166,8.109575570407491e-15,0.22831037757683986
GALAXY,0.08032174,2.45e-05,18.0537,0.01044437,0.11536789999999998,17.409329999999994,0.0113343,0.079811,23115.663088329802,1.70756846284785e-15,0.4975487646494815
GALAXY,0.2963917,6.330000000000001e-05,19.98715,0.03136129,0.09560238,18.38284,0.01354787,0.06613728,76119.44309338059,2.877385993382093e-16,1.2120642791204763
GALAXY,0.1628869,4.61e-05,17.93121,0.009505089,0.1074921,16.939329999999998,0.006713544,0.07436255,44900.05423326237,1.9114992202861334e-15,0.470259580689743
GALAXY,0.1039583,2.89e-05,18.44805,0.01068319,0.08322969,17.48358,0.007486814,0.05757792,29553.827408881873,1.187512323387424e-15,0.5966307766403409
GALAXY,0.2079894,3.97e-05,18.99811,0.01500045,0.0532554,17.4997,0.007602364,0.03684184,55983.26962965989,7.155073925462155e-16,0.7686305682872984
GALAXY,0.359375,8.209999999999999e-05,21.02705,0.05005356,0.06945963,19.22703,0.01841299,0.04805185,89256.68295190742,1.104175547381692e-16,1.9566162328396672
GALAXY,0.4214837,0.000149444,22.11434,0.1537839,0.09054427,20.64617,0.07783572,0.0626381,101294.88863312575,4.056225819722512e-17,3.228223928329933
GALAXY,0.4220059,0.000160014,21.70219,0.1171921,0.04656394,19.9932,0.03684784,0.03221272,101392.4178555897,5.929009213191807e-17,2.6701376606966902
GALAXY,0.4678239000000001,0.000139669,21.66361,0.1145806,0.1280301,19.96133,0.03641703,0.08857062,109719.99478093986,6.143475422815527e-17,2.623116941020005
GALAXY,0.046973,1.51e-05,17.3536,0.005484856999999999,0.1000838,16.478579999999994,0.004265724,0.06923748,13751.758832824444,3.2540043202615524e-15,0.3604256184076586
GALAXY,0.5206534,0.000202303,22.36862,0.14505929999999995,0.1450606,20.90767,0.06144095,0.1003523,118779.5030184538,3.2092985892200975e-17,3.6292731210884748
GALAXY,0.13414179999999998,2.29e-05,18.38603,0.009415148,0.6552778,17.06462,0.005372735,0.4533181,37538.692272954635,1.2573208723995996e-15,0.5798312958362442
GALAXY,0.14928699999999998,2.08e-05,17.738429999999994,0.006144199,0.09810336,16.75688,0.004344107,0.06786745,41446.51777510978,2.2828959897813988e-15,0.4303102115243374
GALAXY,0.108027,2.65e-05,17.92707,0.008035806,0.1001545,16.95818,0.00581208,0.06928642,30645.579382869935,1.91880183536312e-15,0.4693638659034264
GALAXY,0.1267565,2.79e-05,17.91679,0.007850293000000001,0.04367289,16.872339999999998,0.0051763090000000005,0.0302127,35609.278537577506,1.9370557721446063e-15,0.4671470947731335
GALAXY,0.31491490000000005,8.609999999999999e-05,19.24887,0.02398614,0.04803024,17.633960000000005,0.009381421,0.0332271,80083.90042769857,5.679500278853984e-16,0.8627195750810939
GALAXY,0.04919017,6.05e-06,17.40309,0.005889724,0.06032398,17.01207,0.005668963000000001,0.04173185,14384.559894635528,3.1090100448707396e-15,0.3687343970670988
GALAXY,0.3477553,8.93e-05,21.07258,0.06033093,0.04660154,19.2826,0.02119701,0.03223873,86905.27054983159,1.0588297256334832e-16,1.9980743851066094
GALAXY,0.5249897,0.000168569,21.43614,0.1181026,0.04956072,20.044320000000006,0.05518888,0.03428588,119498.353908242,7.575339919427745e-17,2.362238004330369
GALAXY,0.4736381,0.000157804,21.78116,0.08866762,0.04073491,20.20624,0.03470164,0.02818022,110744.9213139544,5.5130778502787346e-17,2.769029944588573
GALAXY,0.3258525,5.51e-05,18.93129,0.02263239,0.07009427,17.58236,0.01159763,0.04849089,82384.93439792571,7.609254769765667e-16,0.7453386669102369
GALAXY,0.4608872000000001,2.68e-05,22.12118,0.09618744,0.03354447,21.33959,0.07671829,0.02320591,108487.95953447575,4.030752436737893e-17,3.2384086606207823
GALAXY,0.306347,1.2e-05,21.44613,0.04394194,0.03823388,20.67523,0.03378416,0.02645002,78260.77340465352,7.505957917699275e-17,2.373130670850237
GALAXY,0.1469436,3.47e-05,18.44084,0.009049637,0.118315,17.33083,0.005808543,0.08184975,40846.14276937134,1.1954244252150904e-15,0.594653052107287
GALAXY,0.129742,3.3e-05,17.99045,0.008296998,0.04891463,16.9745,0.0054340180000000005,0.03383891,36391.13053152341,1.8099981259380362e-15,0.4832653442411205
GALAXY,0.198491,3.11e-05,18.4256,0.01092498,0.04203665,17.611720000000005,0.008153575,0.02908076,53695.89286127303,1.2123223875409761e-15,0.5904942218502401
GALAXY,0.4496183,0.000102146,21.7717,0.07866867,0.03418132,20.0396,0.02853763,0.02364648,106464.85511309597,5.561323072971198e-17,2.756992929179636
GALAXY,0.5063146,0.000118344,20.78253,0.08391064,0.03186223,19.12263,0.03060252,0.02204214,116376.15013126894,1.3830762546598428e-16,1.7482424134331669
GALAXY,0.09776665,2.4e-05,17.56779,0.005759991,0.03753919,16.5712,0.004283795,0.02596944,27883.15901858142,2.6714197056145234e-15,0.39778980859948415
GALAXY,0.3668445,0.000116308,20.83496,0.05000331,0.05078194,18.98903,0.01693267,0.03513071,90751.40055760284,1.3178747137759286e-16,1.7909672828094791
GALAXY,0.5582010000000001,0.000214235,22.47333,0.1861337,0.02542074,20.77439,0.06530764,0.01758595,124883.88076890881,2.914245437400376e-17,3.8085674578463258
GALAXY,0.1318941,2.42e-05,18.13765,0.008519846,0.09786851,17.08265,0.0054871830000000005,0.06770498,36953.13888323608,1.5805131923855518e-15,0.5171608639247871
GALAXY,0.1693796,2.53e-05,18.66409,0.01102602,0.07223911,17.65705,0.007218243,0.04997468,46530.400434544135,9.732448744484434e-16,0.6590428493562174
GALAXY,0.417158,7.890000000000001e-05,20.173820000000006,0.03824229,0.07888252,18.45148,0.01327361,0.05457056,100484.68215352613,2.4228700707080325e-16,1.32086870987815
GALAXY,0.06424523,1.36e-05,16.41928,0.003796646,0.02838545,15.6452,0.003222004,0.01963692,18642.74369477096,7.693892698512484e-15,0.23439678591748878
GALAXY,0.1370956,1.32e-05,18.10555,0.007402385,0.05402637,17.26127,0.005459446,0.03737519,38305.98992740035,1.6279389912278823e-15,0.5095721125705197
GALAXY,0.08250377,6.32e-06,18.24302,0.007782329,0.08440877,17.76857,0.007441471,0.0583936,23716.881436291114,1.4343334450972998e-15,0.5428747623821149
GALAXY,0.5133361,0.00014044,22.29292,0.1848868,0.1147453,20.47585,0.05015383,0.07938026,117558.1136863418,3.44104320214651e-17,3.5049324498611214
GALAXY,0.04917878,1.19e-05,16.80309,0.005455354,0.1056934,16.27619,0.005236930999999999,0.07311820000000001,14381.312823582286,5.402840232566485e-15,0.2797136447570085
GALAXY,0.08584995,1.11e-05,17.61337,0.008065717,0.05484648,16.77519,0.006114074000000001,0.03794254,24636.136883392013,2.5615929847350383e-15,0.40622781072215736
GALAXY,0.3224268,7.190000000000001e-05,20.13681,0.03450137,0.02578079,18.46705,0.01335544,0.01783503,81667.40030100246,2.506883346043123e-16,1.2985469373402931
GALAXY,0.1270711,2.47e-05,17.74072,0.0062361330000000005,0.03873033,16.79127,0.004595415,0.02679347,35691.78792795109,2.2780860530029204e-15,0.4307642491449726
GALAXY,0.1267765,2.04e-05,18.06694,0.007787083,0.08889691,17.09921,0.005343311999999999,0.06149847,35614.52473850736,1.686871983176002e-15,0.5005917088909619
GALAXY,0.06854032,6.12e-06,18.42468,0.009316595,0.0438649,18.0805,0.008981761999999999,0.03034553,19845.236723317266,1.2133500858585837e-15,0.5902440968124651
GALAXY,0.08611959,1.85e-05,17.4577,0.005150028,0.07428497,16.55886,0.004077794,0.05139,24710.068402983004,2.9565016465407462e-15,0.3781252266183242
GALAXY,0.25576839999999995,4.19e-05,19.31994,0.02137426,0.2697295,17.73874,0.00897259,0.1865976,67120.53131995391,5.319638557702553e-16,0.8914226242946417
GALAXY,0.08779088,2.23e-05,17.386039999999998,0.006539079000000001,0.09809068,16.4919,0.004764275,0.06785867,25167.835981840395,3.1582181510362574e-15,0.3658504994672785
GALAXY,0.2552743,7.269999999999999e-05,20.3831,0.03632876,0.1965781,18.80041,0.01458816,0.1359919,67008.45461037396,1.9981041655494437e-16,1.454506452728752
GALAXY,0.5100020000000001,0.00015559799999999998,22.12405,0.1432675,0.1817591,20.40326,0.04745293,0.1257401,116998.08834014936,4.0201117458184574e-17,3.242691642776465
GALAXY,0.30128990000000005,8.75e-05,20.3062,0.03682372,0.06519026,18.73684,0.01548637,0.04509832,77176.12034745484,2.1447571543972992e-16,1.403898313365261
GALAXY,0.07245407,7.68e-06,18.33306,0.007870334,0.2408689,17.79831,0.0068651580000000005,0.166632,20936.210849282288,1.320182967057197e-15,0.5658582502067968
GALAXY,0.08807542,9.78e-06,17.9833,0.009221225,0.07192072,17.44021,0.00806325,0.04975443,25245.689930117143,1.821957009345935e-15,0.4816767149176973
GALAXY,0.6989559000000001,0.000165523,22.41241,0.2567724,0.05508269,20.49825,0.06908874,0.03810595,145516.77233297206,3.0824364046404795e-17,3.7032041313320714
GALAXY,0.7023003000000001,0.000145889,21.80709,0.1222297,0.0539443,20.63217,0.06457613,0.03731842,145967.00039829712,5.3829720545682636e-17,2.8022937118775375
GALAXY,0.09193858,1.95e-05,17.2737,0.005602927,0.1372795,16.33183,0.003983181,0.09496931,26300.34978306236,3.502499848748798e-15,0.3474046700868351
GALAXY,0.330472,4.94e-05,20.76571,0.04853269,0.07928429,19.06456,0.01694082,0.0548485,83347.97917895774,1.4046694115157624e-16,1.7347530202396817
GALAXY,0.6349056,0.000139938,21.83524,0.1102481,0.124528,20.47326,0.0458617,0.0861479,136547.54207683375,5.245200877625777e-17,2.838857886709502
GALAXY,0.5276719,0.00014764700000000002,22.79469,0.1714101,0.2768854,21.12201,0.06094273,0.1915481,119941.16064854995,2.1676148877691684e-17,4.416046647517938
GALAXY,0.07226702,7.87e-06,17.615389999999994,0.0070809459999999986,0.07911369,17.089879999999994,0.0063246330000000005,0.05473049,20884.17296512652,2.5568316004161205e-15,0.40660587767916073
GALAXY,0.1049582,1.13e-05,19.18484,0.01776033,0.06833859,18.79828,0.01901715,0.04727632,29822.577063964185,6.024515487854138e-16,0.8376520434239686
GALAXY,0.06645762,1.14e-05,19.48531,0.02429195,0.2886098,18.92766,0.02636694,0.1996589,19262.82731793337,4.568084461634308e-16,0.9619614144935664
GALAXY,0.07126287,7.049999999999999e-05,19.91218,0.02371429,0.2336363,19.05298,0.01778267,0.1616285,20604.638526950712,3.083089450442575e-16,1.1709319391473083
GALAXY,0.1523,3.96e-05,19.02338,0.01323514,0.2517984,17.8032,0.007954963,0.174193,42216.15024829899,6.990465959071501e-16,0.7776275746823115
GALAXY,0.1929671,1.82e-05,18.35688,0.01076856,0.15271600000000002,17.48077,0.008760083,0.1056482,52354.27088782297,1.2915348374938743e-15,0.5720996107520503
GALAXY,0.1288985,7.79e-06,19.87461,0.02048114,0.29292490000000004,19.43603,0.02275283,0.2026441,36170.49215502196,3.19164165990638e-16,1.1508471651815053
GALAXY,0.13098210000000002,2.53e-05,17.594920000000005,0.007115762,0.2336236,16.4286,0.004576529,0.1616197,36715.137940653105,2.6054942867948034e-15,0.4027909018794379
GALAXY,0.6150953,3.08e-05,20.75557,0.02874054,0.13816170000000005,20.32408,0.0313586,0.09557959,133634.92401999873,1.417849470036332e-16,1.7266712279167669
GALAXY,0.543992,0.000216198,23.05512,0.2484792,0.1391302,21.31849,0.09985104,0.09624964,122605.50966083762,1.705336647907336e-17,4.978742351926974
GALAXY,0.15442979999999998,2.22e-05,20.02982,0.02280119,0.09725769,19.32024,0.0178502,0.06728242,42758.626903019605,2.766496500607013e-16,1.236117207979998
GALAXY,0.2492304,5.68e-05,20.105220000000006,0.0263518,0.1086649,18.570870000000006,0.01188304,0.07517388,65632.34038948135,2.580893745764764e-16,1.2797927697666167
GALAXY,0.13139189999999998,7.42e-06,18.67203,0.01148735,0.09463917,18.02379,0.01152708,0.06547094,36822.11135174786,9.661534860028545e-16,0.6614570540002411
GALAXY,0.244388,3.34e-05,22.40932,0.1564627,0.1199319,21.6566,0.1278626,0.08296836,64522.862402888946,3.0912214990135524e-17,3.697938228359466
GALAXY,0.6273635000000001,0.000140595,22.66666,0.18300970000000005,0.1022216,20.78289,0.05534031,0.07071643,135446.61192440306,2.4389007385108147e-17,4.163203617773992
GALAXY,0.3986149000000001,9.22e-05,21.94506,0.07119381,0.133365,20.50576,0.0311767,0.0922613,96964.36644431851,4.740608874673474e-17,2.9861227229012357
GALAXY,0.2862732,1.7199999999999998e-05,20.94111,0.04273251,0.09190242,19.85551,0.02432852,0.06357767,73917.45349275073,1.1951271849975276e-16,1.8806918921605897
GALAXY,0.1043364,2.24e-05,18.12532,0.007913787,0.1298015,17.171210000000002,0.005671476999999999,0.08979606,29655.486089228743,1.5985643565366274e-15,0.5142326554267987
GALAXY,0.2229521,1.85e-05,19.12958,0.01402376,0.1504047,17.7728,0.007297033,0.1040493,59536.77935022078,6.339078431556266e-16,0.81660428085349
GALAXY,0.2928464000000001,6.37e-05,20.4705,0.03492742,0.106814,18.83294,0.01409484,0.07389341,75350.85929348483,1.843563602278295e-16,1.5142432705055633
GALAXY,0.5114053,0.00014853200000000002,21.539,0.09288196,0.06153497,19.95527,0.04016355,0.04256961,117234.0675342297,6.890617221089296e-17,2.476826880157877
GALAXY,0.05512817,5.49e-06,17.918670000000006,0.007422117,0.07615609,17.67747,0.008811789,0.05268443,16072.112818160838,1.9337045770723137e-15,0.46755171277351354
GALAXY,0.5670175999999999,0.000127646,22.34556,0.1333944,0.05061672,20.51991,0.04310175,0.03501641,126278.56598714992,3.278190030547081e-17,3.590935895506762
GALAXY,0.5484553000000001,0.000165,22.17787,0.1257019,0.06651639,20.80627,0.05521224,0.04601573,123325.29553351572,3.825693078393335e-17,3.3240661077388602
GALAXY,0.2154639,3.4e-05,18.78359,0.01087521,0.07394066,17.35365,0.005764153,0.05115181,57765.972916819606,8.718105600019259e-16,0.6963276686900238
GALAXY,0.5089517,0.000123453,22.04099,0.1122762,0.12286099999999997,20.40779,0.04639734,0.08499466,116821.21402354658,4.339724152851363e-17,3.1209991636004215
GALAXY,0.5796998999999999,0.00010182,22.15794,0.1358399,0.09806789,20.33189,0.03858369,0.06784292,128259.57619926646,3.8965667939459223e-17,3.2936970610202407
GALAXY,0.09363312,1.44e-05,17.85078,0.006429026,0.14099089999999995,16.88994,0.004532798,0.09753685,26761.585298779206,2.0584775040761957e-15,0.453160087809568
GALAXY,0.08595081,1.14e-05,21.78066,0.07493939,0.08067623,21.74956,0.1094232,0.05581144,24663.79378851427,5.5156173011389766e-17,2.768392425281256
GALAXY,0.5813718000000001,0.000167247,21.259970000000006,0.1143161,0.04773076,20.15887,0.06210335,0.03301992,128518.53613119893,8.909844513756268e-17,2.178159367740043
GALAXY,0.8175733000000001,0.000250623,24.32527,0.6989694000000001,0.04335097,21.7883,0.1298303,0.02999,160469.86310613737,5.293587854537206e-18,8.93613358325812
GALAXY,0.499239,0.00014003,21.59711,0.14020770000000002,0.07797339,19.62785,0.03500915,0.05394163,115175.13786889467,6.531517957262446e-17,2.5440031942590893
GALAXY,0.6842963000000001,0.000190454,22.40681,0.2258766,0.1128387,20.64798,0.07476839,0.07806132,143522.52646058938,3.098376037486776e-17,3.6936662594600747
GALAXY,0.4421850000000001,0.00010388,21.39251,0.07688208,0.03199136,19.54019,0.02378457,0.02213147,105115.55672321824,7.885951925733929e-17,2.315248717371577
GALAXY,0.04144669,2.05e-05,16.33314,0.004310673,0.05183529,15.62625,0.003463596,0.03585942,12168.12130507863,8.329177652123646e-15,0.22528052641260743
GALAXY,0.08394885,1.65e-05,17.58447,0.008401892,0.1267234,17.02673,0.007556436999999998,0.08766664,24114.27494879319,2.6306927335800867e-15,0.40085716648638636
GALAXY,0.3743371,7.53e-05,20.96938,0.05870467,0.1271127,19.07572,0.01877741,0.08793599,92237.62398784615,1.1644105326970722e-16,1.9053363468062174
GALAXY,0.01724929,9.76e-06,14.08401,0.002315389,0.09257799,13.26967,0.002041809,0.06404503,5126.61374445377,6.610801625434224e-14,0.0799645784805398
GALAXY,0.13319489999999998,1.99e-05,17.95214,0.00621242,0.02627568,16.990170000000006,0.004560451,0.01817739,37292.19000475024,1.8750036833033318e-15,0.474814149272948
GALAXY,0.273995,5.16e-05,19.33198,0.01754086,0.05969824,17.83288,0.008448175,0.04129896,71210.50759965567,5.260973633025727e-16,0.8963789561801889
GALAXY,0.09097791,1.4e-05,17.88111,0.006514644,0.1297345,16.84361,0.004652953,0.0897497,26038.491768445354,2.00176976445714e-15,0.45953400295090197
GALAXY,0.508554,5.91e-05,21.82288,0.09993358,0.13645770000000002,20.16898,0.03466495,0.09440084,116754.18270733126,5.3052533125229904e-17,2.8227450356131487
GALAXY,0.5606823000000001,0.000261236,22.88372,0.2942166,0.1127258,20.8698,0.07208345,0.07798322,125277.8575035946,1.9969634916595368e-17,4.600866716519277
GALAXY,0.3937787,9.58e-05,21.35667,0.1013636,0.1053765,19.30268,0.02529024,0.07289895,96033.52663901375,8.150610229023261e-17,2.277349323257363
GALAXY,0.5103489999999999,0.00017717200000000002,22.08988,0.1330305,0.05182495,20.48103,0.0468929,0.03585226,117056.47627000672,4.1486435805791116e-17,3.192064455906995
GALAXY,0.06022711,1.05e-05,18.43259,0.008905501,0.09119485,17.74609,0.007192449,0.06308818,17512.842549553814,1.204542492624138e-15,0.5923980936446221
GALAXY,0.561282,0.000260277,22.01737,0.1852352,0.05254047,20.28754,0.06387053,0.03634725,125372.90446136653,4.4351685111973025e-17,3.087234737607977
GALAXY,0.06403963,2.48e-05,17.56488,0.008185954,0.1133479,16.61739,0.00590001,0.07841358,18585.044921592205,2.678589272558371e-15,0.3972570857092337
GALAXY,0.5588548000000001,0.000193486,22.43318,0.1394625,0.09967169,20.71667,0.04652119,0.06895242,124987.80166873217,3.024030208325336e-17,3.7387949918646375
GALAXY,0.2731588,5.14e-05,19.82224,0.02581954,0.04323447,18.26653,0.01122865,0.02990941,71024.74798884519,3.34936228115006e-16,1.1234238828002812
GALAXY,0.4772161,0.000116596,21.91426,0.15595620000000002,0.05767696,20.02744,0.04607816,0.03990066,111372.16469588746,4.8770153803637665e-17,2.9440667490796755
GALAXY,0.5157356,0.0001104,21.14384,0.07576096,0.07245701,19.95245,0.04088835,0.05012542,117959.79509979901,9.915671380681597e-17,2.0647318268795445
GALAXY,0.09240685,8.11e-06,18.0256,0.007246056,0.07425205,17.18236,0.005689227,0.05136722,26427.8920036155,1.7523389939173706e-15,0.4911517007804949
GALAXY,0.6349283,0.00025611,23.25902,0.3076186,0.09196158,21.59322,0.1023297,0.06361859,136550.8409939428,1.4133513081332423e-17,5.468895844417227
GALAXY,0.5932755,0.00020684,22.4203,0.14037460000000002,0.05164031,20.86429,0.05107647,0.03572452,130347.67301279817,3.060117659959016e-17,3.716684121603049
GALAXY,0.5790426,0.000220247,22.00472,0.14978129999999998,0.0625692,20.43973,0.06093118,0.04328508,128157.6279045318,4.4871452213087714e-17,3.0693022113156236
GALAXY,0.5497512,0.000190358,22.52835,0.1664844,0.11096480000000003,20.98678,0.06763531,0.07676489999999997,123533.57481388828,2.7702446524214173e-17,3.906300527590277
GALAXY,0.5119865,0.000115391,21.88625,0.1394227,0.06904552,19.90832,0.03783184,0.04776537,117331.68794694595,5.004470403877505e-17,2.9063348680584085
GALAXY,0.5550651999999999,9.47e-05,20.13527,0.07175671,0.07773204,19.06313,0.04419722,0.05377466,124384.33564906703,2.5104416132852546e-16,1.2976263392565066
GALAXY,0.2670511,5.91e-05,20.10984,0.02916099,0.2878236,18.50883,0.01205525,0.1991151,69662.47377722731,2.5699349178215755e-16,1.282518540938766
GALAXY,0.06632204,1.4e-05,16.71729,0.004432767,0.1098316,15.82475,0.0034905920000000003,0.07598102,19224.86898231414,5.847121592487522e-15,0.2688769990332247
GALAXY,0.13279839999999998,3.08e-05,18.33631,0.01116437,0.05623956,17.26182,0.007160822,0.03890627,37188.894486061225,1.3162370920110439e-15,0.566705793200629
GALAXY,0.1780168,1.7100000000000002e-05,18.25134,0.009465778,0.1174188,17.41218,0.00676326,0.08122978,48680.93037156443,1.423384149157569e-15,0.5449587778046192
GALAXY,0.3659522,0.000149616,21.21247,0.07020217,0.14744100000000002,19.45511,0.02353689,0.101999,90573.53163201839,9.308294713634733e-17,2.13103043501389
GALAXY,0.3345673,6.12e-05,20.79747,0.03600431,0.02843093,19.09725,0.01419019,0.01966839,84197.40204917423,1.364175122054872e-16,1.760312011025436
GALAXY,0.0928904,2.95e-05,18.67519,0.008421022,0.09514275,17.67803,0.0058666280000000005,0.06581932,26559.5285460302,9.633456157159971e-16,0.6624203293738681
GALAXY,0.2785154,3.18e-05,19.45706,0.01760576,0.2083004,17.99328,0.008534977,0.1441012,72211.59354623256,4.688502211593882e-16,0.9495277297543452
GALAXY,0.156454,2.88e-05,17.95119,0.008083718,0.0593081,16.79468,0.004986278,0.04102907,43273.015587800095,1.8766449963601654e-15,0.4746064677090944
GALAXY,0.5222743,0.000140026,21.47062,0.1100885,0.09387643,19.8382,0.03544043,0.06494328,119048.63807564054,7.338547763287515e-17,2.400046478959518
GALAXY,0.5989729,0.000233122,22.10039,0.1818336,0.08121738,20.50482,0.06175973,0.05618581,131214.14117797808,4.1086781757155964e-17,3.207551604903785
GALAXY,0.4946192,9.87e-05,22.36344,0.1347287,0.1434351,20.57615,0.0390921,0.09922776,114385.54709826248,3.2246465958054333e-17,3.6206258873289445
GALAXY,0.1523817,9.55e-06,18.19068,0.007527319,0.1553999,17.512620000000002,0.006434476999999999,0.107505,42236.98359350639,1.5051719807800945e-15,0.5299460412487556
GALAXY,0.3736992,4.84e-05,20.72099,0.04477658,0.0289235,19.03997,0.01733912,0.02000914,92111.59986275659,1.4637338798371216e-16,1.6993923240994098
GALAXY,0.1088446,1.01e-05,19.92865,0.01967206,0.2726254,19.52678,0.01943878,0.188601,30864.383864560827,3.0366736794850957e-16,1.1798468904828265
GALAXY,0.6144619,0.000261421,23.67579,0.7327756,0.2545254,20.86834,0.1110381,0.1760795,133540.67937570662,9.628133983256499e-18,6.626033881642939
GALAXY,0.4837528,8.56e-05,22.0136,0.0979917,0.06554671,20.17698,0.03044869,0.04534492,112511.26910810106,4.45059550743518e-17,3.0818794877126483
GALAXY,0.1799312,2.98e-05,20.37156,0.02958944,0.1081873,19.29931,0.01748704,0.07484348,49154.76766639122,2.0194547446125884e-16,1.4467971756212832
GALAXY,0.4542497,0.000110311,21.42939,0.06466027,0.08349594,19.42027,0.01943991,0.05776211,107299.58695358358,7.622582354783209e-17,2.354906412403509
GALAXY,0.6946835,0.000225422,23.19149,0.2770402,0.1108852,21.87031,0.1250975,0.07670984,144939.06869597005,1.504049484697104e-17,5.301437579509432
GALAXY,0.6379193,0.00018004799999999998,23.18584,0.2685816,0.1395418,21.472520000000006,0.09136489,0.09653439,136984.7486881341,1.5118967212243227e-17,5.287661586714424
GALAXY,0.6342375,0.000254785,23.44423,0.582288,0.2142525,20.969620000000006,0.1043373,0.1482189,136450.41006918388,1.191697766005149e-17,5.955821213417928
GALAXY,0.675024,0.000168309,21.63758,0.0584858,0.05181607,20.26246,0.0276863,0.03584612,142243.50113401352,6.292542032530534e-17,2.591860674244316
GALAXY,0.07311956,1.1e-05,17.98777,0.007249663000000002,0.05063023,17.61075,0.007555648000000002,0.03502576,21121.2683566513,1.814471391788892e-15,0.4826692730144482
GALAXY,0.14437070000000002,1.7e-05,18.63368,0.009228654,0.04928912,17.81279,0.00724745,0.03409799,40185.17011931642,1.000889481491464e-15,0.649877726188492
GALAXY,0.4095649,0.000112948,20.36261,0.0487572,0.07331297,18.70139,0.01837893,0.05071757,99052.46189565008,2.0361704254446413e-16,1.440846288953766
GALAXY,0.6566379,0.000157376,22.6066,0.1650731,0.1087156,20.97474,0.05431163,0.07520893,139666.12301487027,2.5776154440500525e-17,4.049632864170792
GALAXY,0.2469482,4.14e-05,19.50961,0.02007546,0.06155374,18.04137,0.009597103,0.04258259,65110.21861021617,4.466981205399605e-16,0.9727867627406154
GALAXY,0.006866692,1.6e-05,17.80193,0.01187567,0.14438410000000002,17.28389,0.01572619,0.09988425,2051.5148125984406,2.153208696516057e-15,0.4430794952301048
GALAXY,0.4526512,0.000125985,22.01163,0.09187711,0.07903259,20.37931,0.03816709,0.05467438,107011.99957168335,4.458678163350756e-17,3.0790848174245338
GALAXY,0.4446891,7.070000000000001e-05,20.71201,0.06291770000000001,0.1204285,19.0454,0.0230037,0.08331188,105571.4251330128,1.4758904589229183e-16,1.6923790956999056
GALAXY,0.6863871,0.000246538,22.29114,0.2812004,0.04043769,20.69071,0.1015018,0.0279746,143809.03240078822,3.446689214917637e-17,3.5020605628388664
GALAXY,0.6044527,0.000141936,22.39202,0.1136903,0.07482797,20.82342,0.05099462,0.05176564,132042.07170043056,3.140871184601277e-17,3.6685940071205936
GALAXY,0.363038,0.000109426,21.77272,0.1381474,0.1690635,19.56387,0.03310285,0.1169574,89991.32193303159,5.556100915146777e-17,2.758288268391277
GALAXY,0.1172754,2.43e-05,18.35808,0.009426847,0.08712442,17.52037,0.006955174000000001,0.06027227,33109.29112872587,1.2901081689905757e-15,0.572415852053207
GALAXY,0.5174976,0.000182622,21.75071,0.1467581,0.1394923,20.24748,0.05779838,0.09650015,118254.03493179005,5.669883366008518e-17,2.730471527938286
GALAXY,0.08760186,1.49e-05,18.14305,0.009501695,0.06432253,17.5505,0.00787547,0.04449803,25116.10443309386,1.5726718934174835e-15,0.5184485357948103
GALAXY,0.1027106,5.09e-06,18.20827,0.00695148,0.1446585,17.8983,0.007028154,0.100074,29218.06600392562,1.4809831768475527e-15,0.5342563002104932
GALAXY,0.5011591,0.00014505399999999998,21.79107,0.1151511,0.07092156,20.30591,0.0457297,0.04906321,115502.04712070103,5.4629864736525104e-17,2.7816959120503992
GALAXY,0.4649697,0.00016235,21.39325,0.1144962,0.08656502,19.57838,0.03639027,0.05988528,109214.27774738082,7.880578966649791e-17,2.3160378482880892
GALAXY,0.03937924,1.07e-05,16.29885,0.003416647,0.1420839,15.4577,0.00284373,0.09829296,11573.324666057626,8.596429883187921e-15,0.22175103333815918
GALAXY,0.1171602,2.28e-05,17.802789999999995,0.007924421,0.07051291,16.87939,0.005902826,0.0487805,33078.75524065378,2.1515038382963062e-15,0.44325500924090455
GALAXY,0.1262987,4.69e-05,18.68353,0.01021942,0.2669802,17.55264,0.0062426040000000006,0.1846957,35489.16148572009,9.559740978307695e-16,0.6649693870035424
GALAXY,0.1294403,2.89e-05,18.79907,0.01075001,0.2344708,17.76154,0.007114823,0.1622058,36312.23691461016,8.594688186657139e-16,0.7013093875251648
GALAXY,0.1544762,9.42e-06,17.53554,0.006292682,0.12694819999999998,16.79999,0.005032229,0.08782218,42770.43103802621,2.7519600513616866e-15,0.39192561841081325
GALAXY,0.2691132,8.06e-05,20.52173,0.0448027,0.1876841,18.8745,0.01668283,0.129839,70123.48547333055,1.7585961789840886e-16,1.5503924766509722
GALAXY,0.6591182,0.000108891,21.42789,0.05135642,0.2061321,20.40991,0.03125503,0.1426012,140017.043570373,7.633120619382438e-17,2.3532802624003097
GALAXY,0.548456,0.000240501,22.42203,0.1980339,0.051833800000000006,20.59063,0.06117229,0.03585839,123325.40812450521,3.05524558508063e-17,3.7196463630299985
GALAXY,0.06690041,1.75e-05,16.78945,0.004211001,0.1004825,15.830429999999998,0.0032082440000000003,0.06951331,19386.75731262115,5.471143744078285e-15,0.2779621436305965
GALAXY,0.4136659,0.00013432,20.71189,0.04162174,0.113671,18.91762,0.01490488,0.07863708,99827.58925771834,1.4760535893794021e-16,1.6922855739589795
GALAXY,0.1162172,2.31e-05,18.12865,0.007974133000000001,0.07647461,17.27159,0.005857555,0.05290478,32828.65113179993,1.593669001337914e-15,0.5150218473150815
GALAXY,0.1705195,4.17e-05,18.87069,0.01191851,0.2101698,17.57677,0.006702112,0.14539449999999998,46815.41327813892,8.046038849782113e-16,0.7248258145648743
GALAXY,0.6756111,0.000161808,21.6349,0.09919574,0.3062742,20.48688,0.05311041,0.2118791,142324.8956513237,6.308093547742519e-17,2.588663810264992
GALAXY,0.5855883000000001,0.000119188,21.92603,0.1068491,0.05543162,20.56986,0.05091653,0.03834734,129169.37431878071,4.824431286483988e-17,2.960067756666217
GALAXY,0.1086417,2.85e-05,18.26243,0.009229933,0.07377872,17.27375,0.005949956,0.05103978,30810.102316068915,1.4089193223080395e-15,0.547749074307421
GALAXY,0.4651723,0.000105622,21.94796,0.09461555,0.02989964,20.2765,0.03608452,0.02068443,109250.23130097713,4.727963609755687e-17,2.990113352016617
GALAXY,0.6613412,0.000215891,21.46914,0.09796956,0.2047844,20.29171,0.05098968,0.1416689,140330.69945533382,7.348557981718767e-17,2.398411248152518
GALAXY,0.0786235,1.97e-05,16.64049,0.004800234,0.09300007,15.7081,0.0035940570000000008,0.06433702,22646.77321722038,6.275699285562421e-15,0.25953363668352863
GALAXY,0.1926964,4.1e-05,18.80494,0.01190918,0.05321698,17.51882,0.006908008,0.03681526,52288.308563182385,8.548346649490217e-16,0.7032077562489089
GALAXY,0.4101289000000001,7.7e-05,20.98992,0.05978361,0.1999259,19.14497,0.01900197,0.1383078,99159.2854457078,1.1425892276368716e-16,1.9234444681041356
GALAXY,0.5446035,0.000132855,22.5884,0.1600746,0.1230742,20.73141,0.04905269,0.08514217,122704.34856622362,2.621187723260962e-17,4.015833074652015
GALAXY,0.3981218,7.609999999999999e-05,21.3654,0.07585617,0.1543355,19.60791,0.02374372,0.10676860000000002,96869.70028769337,8.085336981759886e-17,2.286523410648038
GALAXY,0.1172354,2.14e-05,17.908739999999995,0.007376049,0.1114177,16.85649,0.0053370530000000005,0.07707828,33098.68882542807,1.951471105182298e-15,0.46541851086506747
GALAXY,0.5364698,0.000135837,22.49928,0.1752461,0.1425124,20.41327,0.04986406,0.09858944,121383.82931027398,2.845418332115561e-17,3.8543544677518184
GALAXY,0.14813320000000002,4.85e-05,19.15564,0.01809352,0.3665743,18.06741,0.01155407,0.2535944,41151.111398808614,6.188738398469414e-16,0.8264634508331363
GALAXY,0.4995623,0.000195228,22.45726,0.2256067,0.14041710000000002,20.85263,0.09449307,0.09713987,115230.23360055695,2.9577000263539325e-17,3.780486158154252
GALAXY,0.6199069,7.57e-05,22.90417,0.2222306,0.1016832,21.24834,0.07857518,0.07034396,134348.57219228355,1.959702403201953e-17,4.644400383818418
GALAXY,0.2917442,4.74e-05,20.42733,0.03953047,0.08912088,18.83763,0.01585557,0.06165341,75111.2677209017,1.918342397107644e-16,1.4844365951583294
GALAXY,0.04208511,6.3e-06,16.85675,0.0041215670000000005,0.07803905,16.03665,0.003506632,0.05398706,12351.534319428947,5.14230847274741e-15,0.2867118561186572
GALAXY,0.14256329999999998,7.97e-06,18.87119,0.01424247,0.1057181,18.21306,0.01183675,0.07313529,39719.7245366206,8.042334365014099e-16,0.7249927310926754
GALAXY,0.1336008,2.87e-05,18.3463,0.009070703,0.2285918,17.189770000000006,0.005610464,0.15813870000000002,37397.88765387656,1.3041817697199902e-15,0.5693189664748275
GALAXY,0.5077459,0.000120639,22.13125,0.1715385,0.2089473,20.36516,0.05846856,0.14454879999999998,116617.88265072634,3.9935407948840836e-17,3.253461353346084
GALAXY,0.5080457,8.740000000000001e-05,22.38375,0.1683247,0.160916,20.39036,0.04563626,0.1113209,116668.46426690795,3.164886393273684e-17,3.6546488276251248
GALAXY,0.5497014,0.000152208,22.5905,0.2499633,0.1467868,20.75904,0.07622577,0.1015464,123525.57674063013,2.616122796525259e-17,4.019718608068095
GALAXY,0.1474184,2.9e-05,18.26674,0.007733906,0.05148182,17.13581,0.005105017,0.03561489,40967.911884282665,1.4033374826036736e-15,0.5488373418537488
GALAXY,0.28879920000000003,8.41e-05,18.80317,0.01529352,0.06978121,17.22009,0.006730737,0.04827432,74469.58882404002,8.562293788184915e-16,0.7026347945188454
GALAXY,0.2053503,3.2500000000000004e-05,19.28942,0.01678596,0.1202304,17.91838,0.008426422,0.08317482,55350.20221958706,5.471294919455137e-16,0.8789813335157729
GALAXY,0.3943521,8.329999999999999e-05,20.85588,0.04601816,0.03637568,19.10975,0.01750281,0.02516453,96144.16801189003,1.2927249330145408e-16,1.8083048715256815
GALAXY,0.5904083000000001,0.000200456,22.568720000000006,0.15222049999999998,0.04479267,21.00399,0.06290144,0.03098736,129909.4295784177,2.669132449659073e-17,3.9796021083520303
GALAXY,0.5863979,0.00014541899999999998,21.99748,0.1607299,0.04850369,20.09283,0.04893339,0.03355463,129293.97184048781,4.5171667758116734e-17,3.059085759195583
GALAXY,0.08179366,6.91e-06,17.91909,0.006614173,0.04977343,17.14344,0.005111054,0.03443303,23521.377598279494,1.9329566984861747e-15,0.4676421540384156
GALAXY,0.2189,3.3600000000000004e-05,19.00654,0.01430852,0.06583249,17.616529999999994,0.007255091999999999,0.04554261,58580.41924197895,7.0997347771728e-16,0.7716203135333077
GALAXY,0.7356191999999999,0.000175313,23.526770000000006,0.5915024999999999,0.06316127,20.85649,0.09419265,0.04369467,150358.50321590016,1.1044603394159607e-17,6.186566025894594
GALAXY,0.1289855,3.1e-05,18.7524,0.01027234,0.08180913,17.71535,0.006346478000000001,0.05659518,36193.258633609985,8.972183044817948e-16,0.6863974355541504
GALAXY,0.05008919,1.41e-05,16.97416,0.00470619,0.04381237,16.13288,0.003696934,0.03030919,14640.73143713411,4.615238249029431e-15,0.3026409226321537
GALAXY,0.08758787,6.11e-06,17.12242,0.004922365,0.05818351,16.76705,0.004769726,0.04025108,25112.275191557816,4.026151613861644e-15,0.32402584531780415
GALAXY,0.5828853,0.000135184,21.94407,0.105131,0.08400093,20.40544,0.03983266,0.05811146,128752.52341398293,4.7449334455062586e-17,2.9847616244650714
GALAXY,0.7615215999999999,0.00018114,22.71676,0.3616306,0.0723938,20.9529,0.13503189999999998,0.05008169,153657.6778603355,2.328917612202507e-17,4.260373280428595
GALAXY,0.5447558000000001,0.000133569,21.97778,0.1106775,0.1946348,20.41417,0.04012771,0.1346474,122728.95428639765,4.599876007924592e-17,3.031458674941683
GALAXY,0.5007315999999999,9.47e-05,21.50881,0.08573135,0.04158467,19.870420000000006,0.03401697,0.02876809,115429.3265781851,7.084906532566591e-17,2.442629806215847
GALAXY,0.08316092,1.82e-05,17.0213,0.005786080999999999,0.04873439,16.189020000000006,0.004629792,0.03371423,23897.67231253444,4.41914371212903e-15,0.3092827172623791
GALAXY,0.1144298,1.22e-05,16.942220000000002,0.004095929,0.10563110000000002,16.29852,0.003707282,0.07307508,32353.88652632947,4.753025291082731e-15,0.2982219820351699
GALAXY,0.1329702,2.44e-05,17.47514,0.006196511,0.05779497,16.36628,0.00434817,0.03998229,37233.65707637356,2.90939122885574e-15,0.38117433586127203
GALAXY,0.589246,0.000210855,22.11154,0.119446,0.06174726,20.47121,0.04970279,0.04271647,129731.35479262943,4.066699901416633e-17,3.2240639851560347
GALAXY,0.1430261,3.14e-05,18.24636,0.009193125,0.05150066,17.187260000000002,0.006230335,0.03562792,39838.994557495,1.4299278513886353e-15,0.5437104151312541
GALAXY,0.3185969,0.000114096,21.93044,0.1080094,0.04504084,20.25977,0.04051612,0.03115905,80861.79710272473,4.804875346614002e-17,2.9660854077213057
GALAXY,0.16729589999999994,1.8e-05,18.11509,0.007585631,0.09085879,17.03528,0.005041669,0.06285569,46008.46443055885,1.613697496382493e-15,0.5118157571505041
GALAXY,0.250133,0.00016660400000000002,21.8099,0.07401831,0.05322377,20.43389,0.03651986,0.03681996,65838.45910948033,5.369058367022633e-17,2.8059223752989033
GALAXY,0.3534313,7.18e-05,20.83839,0.04719608,0.1209993,19.03522,0.01625755,0.08370673,88057.89428254432,1.3137179235724366e-16,1.7937984824978968
GALAXY,0.02831567,1.3e-05,15.0442,0.0023576070000000003,0.03794513,14.08163,0.002026898,0.02625026,8368.687770499855,2.7300972983507524e-14,0.12443302305490575
GALAXY,0.3057371,4.05e-05,19.76099,0.02538482,0.1227155,18.28168,0.01135468,0.08489404,78130.29984906378,3.5437422397775455e-16,1.0921785736015097
GALAXY,0.35658690000000004,6.35e-05,20.54792,0.03914171,0.11413339999999997,18.90299,0.0157127,0.07895698,88695.39021126724,1.7166830742306224e-16,1.5692048880422749
GALAXY,0.5723158,0.00012522,22.72987,0.1956147,0.2028988,20.90595,0.06488471,0.1403645,127109.75192562141,2.3009655962656815e-17,4.286172566485945
GALAXY,0.09046051,2.64e-05,18.17432,0.008385623,0.1121996,17.24466,0.006063855999999999,0.07761916,25897.34745579538,1.528023822805861e-15,0.5259683995197634
GALAXY,0.1740013,3.5600000000000005e-05,18.7688,0.0101383,0.09486993,17.64696,0.006273271,0.06563058,47683.726102238485,8.8376770063141135e-16,0.6916010632541253
GALAXY,0.1082116,2.23e-05,17.53491,0.006202565,0.1174215,16.591920000000002,0.004430539,0.08123168,30694.99866786864,2.753557343524486e-15,0.39181192720108216
GALAXY,0.3639579,4.57e-05,20.71572,0.03994857,0.07994799,19.0145,0.01389829,0.05530765,90175.31820835652,1.4708558942261976e-16,1.695273027546555
GALAXY,0.1659229,3.48e-05,18.13845,0.01219094,0.1851349,16.83878,0.006213661,0.1280755,45663.88207480606,1.579349056164718e-15,0.5173514281292071
GALAXY,0.5291935000000001,0.000178945,22.1424,0.1481315,0.1412648,20.44056,0.04959838,0.09772632,120191.74142885912,3.952738876665568e-17,3.2702100756177135
GALAXY,0.03810427,2.23e-05,18.22933,0.0100706,0.23253920000000006,17.429470000000002,0.007597146,0.1608695,11205.885217068837,1.4525333923916958e-15,0.5394629864279559
GALAXY,0.03809448,7.66e-06,18.02347,0.01277644,0.1940496,17.61426,0.01384237,0.13424260000000002,11203.061914596889,1.7557801112277714e-15,0.49067016567125243
GALAXY,0.5225053,5.99e-05,22.42394,0.1335282,0.24337,21.77001,0.1003943,0.16836220000000002,119086.95158960404,3.049875598152996e-17,3.7229195568150493
GALAXY,0.4336416,9.75e-05,20.54689,0.07455735,0.3753445,18.75558,0.024921400000000003,0.2596616,103550.06784045477,1.7183124042013432e-16,1.5684607396198236
GALAXY,0.6555518,0.000386891,23.17924,0.342902,0.09011132,21.88969,0.14500629999999998,0.06233859,139512.13841792024,1.521115266848897e-17,5.271614601984306
GALAXY,0.4843793,0.000129863,21.14249,0.09172445,0.14834270000000002,19.4537,0.03290406,0.1026228,112619.98417578591,9.928008154477905e-17,2.0634485862190215
GALAXY,0.1327622,3.7e-05,18.61658,0.01012115,0.08147695,17.50545,0.006321186,0.05636537,37179.461474089476,1.0167779634173025e-15,0.6447801400966913
GALAXY,0.5265608,0.000112246,20.94516,0.07788047,0.09745017,19.68128,0.04160394,0.06741557,119757.897970692,1.1906774404431875e-16,1.8842028322828641
GALAXY,0.1898418,3.86e-05,18.92636,0.0120414,0.120717,17.63179,0.006761661,0.08351146,51591.48890753959,7.643884658614504e-16,0.7436484075517035
GALAXY,0.2970098,5.67e-05,20.50114,0.03885508,0.03784369,18.79494,0.01388825,0.02618009,76253.11660631078,1.7922645930524374e-16,1.5357610622719788
GALAXY,0.403537,0.000118087,20.85617,0.04440839,0.03004971,19.1565,0.01789775,0.02078825,97906.31249351834,1.2923796924608798e-16,1.8085463866512483
GALAXY,0.4887088,8.45e-05,21.6184,0.08294037,0.06942747,19.96499,0.03496515,0.0480296,113369.07965881772,6.404690167362211e-17,2.569068311338279
GALAXY,0.4569492,9.23e-05,21.55339,0.07019969,0.06146663,20.02506,0.03075836,0.04252233,107784.02635855932,6.799893724970103e-17,2.4932949206144657
GALAXY,0.5147798,9.55e-05,21.80424,0.09029497,0.02851992,20.19058,0.03820954,0.01972995,117799.92829920245,5.397120632455882e-17,2.79861818817441
GALAXY,0.966779,6.28e-05,22.84597,0.179061,0.06338537,22.20371,0.1567987,0.0438497,176629.37971386945,2.0676171471708584e-17,4.521574097732782
GALAXY,0.2219106,4.19e-05,18.65981,0.0138085,0.05796541,17.23561,0.006626557,0.0401002,59291.39112525399,9.77089002583591e-16,0.6577451467526505
GALAXY,0.6504196999999999,0.000154334,22.0606,0.171492,0.08332124,20.5713,0.07233836,0.05764125,138781.87737568212,4.2620459262622315e-17,3.149311740965421
GALAXY,0.07728013,2.98e-05,18.50489,0.009108478,0.04325867,17.66216,0.006928206,0.02992615,22275.261675199003,1.1269434538896297e-15,0.6124542494249041
GALAXY,0.09019505,8.72e-06,18.190520000000006,0.007743462,0.04680307,17.55783,0.006960605,0.03237814,25824.900710126174,1.5053938074646629e-15,0.5299069948199483
GALAXY,0.4978515000000001,0.00017753799999999998,22.33246,0.1963201,0.07873287,20.6766,0.07082506,0.05446704,114938.44592644872,3.31798276055046e-17,3.5693378082761273
GALAXY,0.5428618000000001,8.420000000000001e-05,21.53243,0.06864619,0.07644968,19.85474,0.02420588,0.05288753,122422.64402340444,6.932440091610669e-17,2.469344325949079
GALAXY,0.02473691,8.47e-06,17.511129999999998,0.004854855,0.09718319,16.811,0.004261559,0.06723088,7324.242721696486,2.8145315751279656e-15,0.3875445664639761
GALAXY,0.09340252,1.15e-05,17.751920000000005,0.007110834,0.1152765,17.058889999999998,0.005953213000000001,0.07974774,26698.86794461125,2.254707062557281e-15,0.4329917805757409
GALAXY,0.2085321,3.34e-05,19.10913,0.01347589,0.1247072,17.7328,0.007296593,0.08627184,56113.217267070475,6.459607427077248e-16,0.8089499495857506
GALAXY,0.07301075,8.5e-06,17.72454,0.008427381999999999,0.112904,17.352339999999998,0.009286095,0.07810649,21091.0197425495,2.312289064089214e-15,0.4275664818344796
GALAXY,0.07929192,7.05e-06,18.13927,0.007100191,0.05731430000000001,17.59528,0.006542261999999999,0.03964977,22831.4277372339,1.5781567064065922e-15,0.5175468293135159
GALAXY,0.13380989999999998,2.14e-05,17.89242,0.007474501,0.0350426,16.8621,0.005173142,0.0242423,37452.31950618267,1.981025770667608e-15,0.4619337056084296
GALAXY,0.03316711,7.34e-06,17.81679,0.008125725,0.03959757,17.18285,0.006793188,0.02739341,9778.442746189177,2.123939418869841e-15,0.44612201208979774
GALAXY,0.3266699,5.81e-05,20.72806,0.04546545,0.2821837,19.00531,0.01617054,0.1952134,82555.71983569778,1.4542334340005148e-16,1.7049343167085
GALAXY,0.337958,6.05e-05,20.02666,0.03321595,0.02751026,18.6632,0.01469512,0.01903147,84897.60719734729,2.7745600275448254e-16,1.2343196766957618
GALAXY,0.1905073,6.35e-05,23.09616,0.248691,0.12680940000000002,22.05317,0.1431449,0.08772614,51754.14122840552,1.642079295377751e-17,5.073733503447378
GALAXY,0.5580251,0.000204168,22.79872,0.21136820000000006,0.1992025,21.01275,0.07270142,0.1378074,124855.9079801268,2.1595841193831124e-17,4.424249925811658
GALAXY,0.2116438,2.68e-05,19.023670000000006,0.01760719,0.146767,17.82665,0.01078187,0.1015327,56856.75639720578,6.988599055852962e-16,0.7777314337297024
GALAXY,0.07738344,1.52e-05,18.57123,0.0136409,0.1232984,17.654870000000006,0.01118742,0.08529727,22303.851150683433,1.0601470890587483e-15,0.6314539034681689
GALAXY,0.1555088,2.43e-05,18.10821,0.008339341,0.1175876,16.9828,0.005184715,0.08134659,43032.96617332701,1.6239555028861396e-15,0.5101967082854817
GALAXY,0.06738185,9.27e-06,16.61778,0.004901195,0.06936178,15.90194,0.004063286,0.04798415,19521.43894069559,6.4083485531450555e-15,0.2568334894244916
GALAXY,0.02828638,5.48e-06,19.63146,0.01744055,0.22566,19.32331,0.01965588,0.1561106,8360.155166351442,3.9927684503086086e-16,1.0289343175498207
GALAXY,0.1556887,7.15e-06,19.29965,0.01501491,0.0979763,18.61311,0.01216577,0.06777956,43078.674278618586,5.419985506544911e-16,0.8831320624454505
GALAXY,0.1717071,1.4300000000000004e-05,21.45923,0.04815523,0.1160643,20.99276,0.04540534,0.08029274,47111.96553168503,7.415938596204554e-17,2.3874905005979037
GALAXY,0.5315240999999999,0.000121578,22.37281,0.15151520000000002,0.110196,20.69476,0.05503522,0.0762331,120574.68030398853,3.196937347537091e-17,3.6362828048751594
GALAXY,0.4289518,0.00011212,21.56601,0.09531969,0.2784828,19.69769,0.02814135,0.1926531,102683.98104700119,6.721313077129359e-17,2.507827453110469
GALAXY,0.5004728,0.000133605,21.93797,0.1433801,0.2130595,20.15181,0.04596487,0.14739349999999998,115385.28518654416,4.7716669695321516e-17,2.9763887358375785
GALAXY,0.5549613,0.00035518800000000004,21.97219,0.1215473,0.2464612,20.85905,0.06702366,0.1705007,124367.75240874216,4.623619910016818e-17,3.023664856861862
GALAXY,0.06844547,9.46e-06,17.50348,0.007532363,0.27612859999999995,16.61081,0.005600922,0.1910245,19818.740639085816,2.8344325402576413e-15,0.3861816664487569
GALAXY,0.4922677,0.000162003,21.91258,0.13433,0.1541849,20.17503,0.04017672,0.1066644,113981.9861192016,4.88456760901672e-17,2.9417898979830235
GALAXY,0.5982522,0.000219368,22.08869,0.09937368,0.08842342,20.9151,0.05719768,0.06117091,131104.85583604063,4.1531931132525623e-17,3.1903156351333797
GALAXY,0.5823424,0.000137793,21.96217,0.11720410000000002,0.07130494,20.22767,0.04026463,0.04932843,128668.63884316734,4.666487697394436e-17,3.00974465787534
GALAXY,0.1588392,3.06e-05,18.48136,0.009564434,0.03890154,17.38074,0.006206850999999999,0.0269119,43877.654084553425,1.1516330639785066e-15,0.6058535434376475
GALAXY,0.651419,0.000197775,23.79121,0.6513044,0.04640094,20.93265,0.0855873,0.03209996,138924.41359681587,8.657133708552525e-18,6.987754720738299
GALAXY,0.27469940000000004,5.03e-05,18.92426,0.02004073,0.08180977,17.409370000000006,0.008876845999999999,0.05659562,71366.84869109897,7.658683549485937e-16,0.7429295834201941
GALAXY,0.5330151,0.00016426,22.8706,0.1710608,0.12930239999999998,21.197470000000006,0.05931452,0.08945083,120819.1142763296,2.021241121340932e-17,4.573152166461375
GALAXY,0.4362262,9.14e-05,21.26636,0.05830313,0.08035224,19.47211,0.01956055,0.05558731,104025.3342468229,8.857560455464117e-17,2.184578485625999
GALAXY,0.02844338,1.31e-05,16.615489999999998,0.004587679,0.06084472,15.680129999999998,0.003414035,0.04209209,8405.888557369566,6.421879100577383e-15,0.2565627797110714
GALAXY,0.5096593,0.000150727,22.6649,0.1718774,0.08482046,20.728720000000006,0.04528421,0.0586784,116940.40049654918,2.4428574512440223e-17,4.15983066689631
GALAXY,0.4962795,0.000133495,22.13912,0.11631969999999997,0.03395227,20.38109,0.04166576,0.02348802,114669.81186927402,3.96469812307136e-17,3.2652741657387807
GALAXY,0.5148028,0.000119179,21.78292,0.09441502,0.0546319,20.57776,0.04776914,0.03779409,117803.77738749608,5.504148280803342e-17,2.7712751806882667
GALAXY,0.4879676,0.000129584,22.27696,0.1405244,0.08606210000000003,20.52864,0.04529937,0.05953737,113241.10761461177,3.491999116896451e-17,3.4792661537034464
GALAXY,0.07147782,1.11e-05,16.426070000000006,0.005574991,0.1823516,15.8536,0.005184369,0.12615,20664.501209030943,7.645926611909697e-15,0.23513087081250683
GALAXY,0.1342796,2.29e-05,18.00779,0.007753976,0.04179092,17.23656,0.0063729,0.02891076,37574.54369167563,1.7813207431144183e-15,0.4871398435134725
GALAXY,0.5039452999999999,0.000120033,22.53132,0.1422605,0.2291139,20.55474,0.04508249,0.1584999,115975.10078385001,2.7626770834131843e-17,3.911646969097821
GALAXY,0.0244653,6.22e-06,18.07755,0.01334079,0.03216132,17.699089999999995,0.01517539,0.02224905,7244.818101582036,1.6704678639471958e-15,0.5030436280803255
GALAXY,0.5312051,0.000136171,21.47019,0.07614841,0.06316011,20.29232,0.04499895,0.04369387,120522.3277823126,7.341454731371706e-17,2.3995712632456665
GALAXY,0.1547469,9.1e-06,18.33689,0.008063846999999999,0.1001849,17.564770000000006,0.006227893000000001,0.06930742,42839.284816822255,1.3155341462700725e-15,0.5668571804616266
GALAXY,0.193508,2.8300000000000007e-05,18.4477,0.01036162,0.04045266,17.25654,0.006175361999999999,0.02798496,52486.01322066865,1.1878951938398303e-15,0.5965346188706889
GALAXY,0.28483309999999995,6.36e-05,20.2834,0.03194505,0.0480737,18.69453,0.0121201,0.03325716,73601.94973585542,2.190272372907538e-16,1.3892347952986852
GALAXY,0.3954265,2.46e-05,21.6081,0.0936762,0.03179288,19.90304,0.0334043,0.02199417,96351.27972923641,6.465738338564702e-17,2.556911239907161
GALAXY,0.51055,0.000115568,21.71664,0.09589183,0.1279028,20.00366,0.03369199,0.08848260000000001,117090.28659489365,5.850623149229213e-17,2.6879652649591566
GALAXY,0.5467173000000001,0.000202505,21.33073,0.1154002,0.07992349,19.7109,0.0400341,0.055290699999999984,123045.46191422678,8.347686395627353e-17,2.2503063841240194
GALAXY,0.5068642,0.00015390000000000005,22.08383,0.09153637,0.16981329999999994,20.66703,0.03974081,0.117476,116469.02043541487,4.1718254119173897e-17,3.1831833335848163
GALAXY,0.4682588,8.36e-05,21.53599,0.09358167,0.15983870000000006,19.88242,0.03357042,0.1105757,109796.90244808052,6.909746669164658e-17,2.473395989581779
GALAXY,0.3216248,5.95e-05,20.1888,0.03620135,0.04764168,18.57306,0.01417108,0.03295829,81499.00115934167,2.3896710660515572e-16,1.3300122844494766
GALAXY,0.5718609,0.000193252,21.20426,0.11863110000000003,0.05504698,20.06589,0.06633529,0.03808125,127038.58981678286,9.378947939745243e-17,2.1229885519750327
GALAXY,0.03961405,1.64e-05,17.44321,0.005245496,0.14385789999999998,16.6101,0.00413443,0.09952025,11640.942723997874,2.9962229428862964e-15,0.3756104377582222
GALAXY,0.4712068,0.000186491,22.26617,0.1430767,0.1033219,20.6125,0.05228018,0.07147758,110317.18725122658,3.526875467678029e-17,3.4620206363226282
GALAXY,0.04295633,1.13e-05,16.39706,0.003535069,0.132692,15.5254,0.0028599940000000003,0.09179572,12601.632763792526,7.852973378543372e-15,0.23201050655119115
GALAXY,0.2234113,4.56e-05,18.78196,0.01360645,0.1180855,17.46516,0.00737691,0.08169097,59644.878934975015,8.731203794980069e-16,0.6958051715095303
GALAXY,0.04760673,1e-05,17.02218,0.004926938,0.1338146,16.34981,0.004188427,0.09257235,13932.780764246125,4.415563403301799e-15,0.3094080810230807
GALAXY,0.07210161,1.7199999999999998e-05,18.20801,0.009594907,0.1113033,17.65329,0.007868166,0.07699909,20838.146777724585,1.4813378686524206e-15,0.5341923351691575
GALAXY,0.5161123,0.000123313,22.48552,0.1970181,0.3833452,20.39058,0.04981606,0.26519640000000005,118022.75234761856,2.8817090154293063e-17,3.8300077457342874
GALAXY,0.4562931,9.27e-05,20.77023,0.06813072,0.360543,19.02985,0.02284442,0.249422,107666.42767606926,1.3988338244415092e-16,1.7383677334798362
GALAXY,0.1283797,1.16e-05,19.46111,0.01556013,0.3562743,18.74062,0.01216065,0.2464689,36034.68544857459,4.671045795702841e-16,0.9513003406841287
GALAXY,0.2489901,5.39e-05,19.62143,0.02099406,0.1186753,18.16741,0.009623128,0.08209904,65577.42911463941,4.0298244285354497e-16,1.0241926439459592
GALAXY,0.1658667,1.47e-05,19.19799,0.01404209,0.1670567,18.55112,0.01220746,0.1155691,45649.766254987604,5.951989072551653e-16,0.8427400861910904
GALAXY,0.4983215999999999,0.000112458,21.87712,0.09596639,0.09561009,20.21732,0.03745304,0.06614262,115018.68310809096,5.0467306344596793e-17,2.8941407769912333
GALAXY,0.09531277,1.63e-05,18.48093,0.01028062,0.1289238,17.56044,0.007609313,0.08918886,27217.937485414463,1.1520892524056545e-15,0.6057335827924439
GALAXY,0.531036,0.000113314,22.09722,0.09025837,0.05805368,20.49213,0.03796706,0.04016126,120494.56804176659,4.120691721883351e-17,3.202872512331925
GALAXY,0.17872639999999998,2.64e-05,18.6017,0.01120593,0.04367807,17.32385,0.00653774,0.03021629,48856.68404082622,1.030808818377857e-15,0.6403768923901898
GALAXY,0.08629810000000003,2.18e-05,17.22214,0.00465461,0.0701664,16.28115,0.003653245,0.04854079,24759.001589414238,3.6728409778428565e-15,0.3392529652241911
GALAXY,0.06646295,1.92e-05,17.44864,0.006610113000000001,0.1434609,16.87292,0.005982745,0.0992456,19264.31944690548,2.9812755968939448e-15,0.37655086733506654
GALAXY,0.2117883,1.04e-05,18.58104,0.01012403,0.07443906,18.04574,0.008837656999999999,0.0514966,56891.220666470756,1.0506114393287258e-15,0.6343130585567194
GALAXY,0.3997445,6.15e-05,21.06671,0.06253581,0.05004188,19.264470000000006,0.02249544,0.03461874,97181.02185307624,1.0645697592441711e-16,1.9926804145670443
GALAXY,0.341547,6.14e-05,20.63911,0.03848976,0.1212024,18.93594,0.01465181,0.08384725,85635.7409104905,1.578389289310341e-16,1.6365061897543545
GALAXY,0.557031,0.000120922,22.42142,0.1464881,0.09294646,20.86703,0.05287268,0.06429993,124697.71073267183,3.056962598328158e-17,3.7186016039047898
GALAXY,0.1556399,2.43e-05,18.29781,0.01030311,0.09618006,17.41252,0.007773405,0.06653692,43066.276320469005,1.3637479953512203e-15,0.5567467009674304
GALAXY,0.13217479999999998,8.54e-06,17.81832,0.006367621,0.09926347,17.2532,0.005616866999999999,0.06867001,37026.343933840326,2.120948509371294e-15,0.4464364564258963
GALAXY,0.4785913,0.000199743,22.23222,0.144084,0.09617088,20.45062,0.04716209,0.06653057,111612.54132718041,3.638900035416329e-17,3.4083144222606
GALAXY,0.4571047,0.000106056,21.17556,0.09249581,0.06623369999999999,19.709,0.03785275,0.04582017,107811.88467452428,9.630173802300311e-17,2.0951139679942843
GALAXY,0.1809521,3.14e-05,18.21206,0.008632459,0.1131021,16.92727,0.005086164000000001,0.0782435,49407.03582964545,1.4758224932204968e-15,0.5351895837404789
GALAXY,0.1175215,3.39e-05,18.45934,0.01026515,0.08730517,17.39122,0.006414108000000001,0.06039732,33174.51160382352,1.1752279869041557e-15,0.5997408796084976
GALAXY,0.4621549,0.00014154,21.71562,0.13936429999999994,0.2343647,20.084670000000006,0.05029847,0.16213239999999998,108713.87089234537,5.856122127365695e-17,2.6867029506292406
GALAXY,0.6438803000000001,0.00021815400000000005,23.1429,0.2631575,0.1296023,21.24739,0.07589641,0.08965825,137845.00835185574,1.572889181078307e-17,5.184127238756257
GALAXY,0.5013284,9.06e-05,21.54915,0.09058564,0.1403013,19.90495,0.02969381,0.09705982,115530.83602232087,6.826500481637601e-17,2.488431282398951
GALAXY,0.6211023,0.000363982,22.62683,0.225476,0.1772585,20.63389,0.07310788,0.1226266,134525.24927954088,2.5300326466986718e-17,4.087536580224164
GALAXY,0.07517076,5.64e-06,16.849510000000002,0.004347553,0.1095856,16.08367,0.003657195,0.07581080000000001,21690.83673924216,5.176713442159271e-15,0.2857575095771232
GALAXY,0.134432,1.35e-05,17.55592,0.006685226999999999,0.02781198,17.05649,0.006139324,0.0192402,37614.187248577524,2.700785698350709e-15,0.39562128777880884
GALAXY,0.3881056,7.269999999999999e-05,20.97178,0.04833164,0.1634171,19.15106,0.01669108,0.1130512,94934.83050373415,1.16183946722922e-16,1.9074433665271187
GALAXY,0.1970253,3.32e-05,19.41183,0.01877848,0.2716351,18.01443,0.01009841,0.1879159,53340.72722108206,4.887942914440361e-16,0.9299543971854799
GALAXY,0.4877048,0.000143264,21.89728,0.1446277,0.1058993,20.2941,0.04890651,0.07326061,113195.70694545361,4.9538873337472135e-17,2.9211351611540413
GALAXY,0.6948865,0.000220576,24.49591,0.6935554,0.08628042,22.01188,0.1461625,0.05968839,144966.58272591984,4.5237034297831086e-18,9.66668690170789
GALAXY,0.5906832,0.00014451,22.35513,0.1362766,0.2236292,20.7767,0.04942159,0.1547056,129951.51121281931,3.249422065069498e-17,3.6067966055581784
GALAXY,0.5086189999999999,0.000232855,23.174570000000006,0.2392403,0.3635626,21.48066,0.08618250000000001,0.2515109,116765.14043998651,1.52767202282226e-17,5.260289573554939
GALAXY,0.6045524,0.00016806700000000002,22.59926,0.3165645,0.2145814,20.51169,0.07563491,0.1484464,132057.0859300122,2.5951001644627406e-17,4.035967424685569
GALAXY,0.1465799,3.4899999999999995e-05,18.83391,0.01134433,0.3622742000000001,17.63764,0.007031697,0.2506196,40752.82340949965,8.323272725035092e-16,0.7126522362785007
GALAXY,0.3345426,9.85e-05,20.75801,0.04403968,0.07493996,19.06785,0.01708611,0.05184311,84192.29111131307,1.4146666819558586e-16,1.728612512411653
GALAXY,0.5053510999999999,0.000169853,21.68579,0.114503,0.126619,19.7326,0.02950153,0.08759445,116213.1945073985,6.019246448717545e-17,2.6500474627022403
GALAXY,0.4992818,0.000228947,21.98784,0.1050253,0.1641453,20.38174,0.03550942,0.1135549,115182.43291196035,4.5574522301208025e-17,3.045535402513262
GALAXY,0.5430043999999999,0.000152447,22.04972,0.1571749,0.07236422,20.28944,0.05530699,0.05006123,122445.73002967198,4.30496995902733e-17,3.1335718149634157
GALAXY,0.5466586999999999,0.000129627,22.34522,0.09664311,0.04611317,20.59621,0.03567926,0.03190088,123036.01680641605,3.279216761663407e-17,3.5903736859106483
GALAXY,0.5030987,0.000140067,22.37033,0.1543942,0.09777014,20.37782,0.04753407,0.06763693,115831.52557110727,3.204248024269802e-17,3.6321322415806496
GALAXY,0.6591656,0.00013949,22.7352,0.1732565,0.07077601,21.12429,0.06468002,0.04896251,140023.7399932745,2.2896975803860685e-17,4.296706138159987
GALAXY,0.08862182,2.19e-05,17.47034,0.006051384,0.05688238,16.65421,0.004845244,0.03935096,25395.125587799143,2.9222820147828513e-15,0.38033268753824073
GALAXY,0.09961142,7.96e-06,17.311420000000002,0.005227437,0.05095547,16.828670000000002,0.005330416,0.03525076,28382.097266020915,3.3829075180401094e-15,0.3534920510369828
GALAXY,0.02539778,2.11e-05,15.64224,0.003526015,0.05269764,15.07299,0.003432492,0.03645598,7517.403149684297,1.5738456034969274e-14,0.16388667805629575
GALAXY,0.6678429,0.000135991,21.89786,0.1052707,0.07387531,20.77662,0.05837205,0.0511066,141243.4124229466,4.9512416751317616e-17,2.9219155001877155
GALAXY,0.3553107,9.01e-05,20.64848,0.04137566,0.10985639999999998,18.7997,0.01351274,0.07599814,88437.855817009,1.564826258639494e-16,1.6435830442193522
GALAXY,0.06461415,1.2e-05,17.857770000000006,0.006675714,0.04425009,17.10015,0.005408894,0.03061201,18746.244531738033,2.045267537127675e-15,0.45462116681355197
GALAXY,0.6575224000000001,7.659999999999999e-05,21.35157,0.07269894,0.02820238,20.28513,0.04696879,0.01951028,139791.38125860385,8.188985935226304e-17,2.2720069329649992
GALAXY,0.4372762,6.87e-05,20.5526,0.03464948,0.0610278,18.88102,0.01389184,0.04221875,104217.99890779292,1.7092993410511834e-16,1.5725905163230047
GALAXY,0.4649738000000001,0.000218755,22.42579,0.16202120000000006,0.1102862,20.80061,0.05714073,0.07629546,109215.00542178178,3.044683300436001e-17,3.7260926737592426
GALAXY,0.5477084,0.000110517,22.03743,0.15252979999999994,0.0452106,20.29467,0.04496766,0.03127648,123205.10807077226,4.353976946508627e-17,3.1158866628677937
GALAXY,0.6391677,0.000269786,22.4837,0.178365,0.05976868,20.96905,0.06406884,0.04134769,137165.4073479999,2.8865436231811626e-17,3.8267990041891524
GALAXY,0.4233303,0.000117709,21.65615,0.07449576,0.0566184,20.08396,0.03127978,0.03916835,101639.50171394761,6.185832061372552e-17,2.6141207974513674
GALAXY,0.5475687,0.000133089,23.26643,0.2957648,0.1253895,21.00873,0.07032786,0.08674388,123182.61650284001,1.4037382215025627e-17,5.487589952759983
GALAXY,0.5261205,0.000121428,22.35144,0.110224,0.04465432,20.69547,0.04131671,0.03089165,119685.20933344771,3.2604843892276086e-17,3.6006727525874647
GALAXY,0.1273307,2.75e-05,18.08871,0.008196515,0.1773693,17.02521,0.005563859,0.12270330000000003,35759.85113032528,1.6533855023122618e-15,0.5056356102471404
GALAXY,0.3527951,7.730000000000001e-05,20.95308,0.05861232,0.08002644,19.11772,0.02000961,0.05536192,87929.0827528191,1.18202353890295e-16,1.8910876232501455
GALAXY,0.03026669,9.66e-06,15.11733,0.002873656,0.03339937,14.46602,0.002555532,0.02310553,8936.470594629174,2.552267117426539e-14,0.12869499349826075
GALAXY,0.3622077,5.6600000000000014e-05,20.81353,0.07831948,0.02778245,19.08031,0.0253897,0.01921977,89825.0765204525,1.3441450133872696e-16,1.773379371371942
GALAXY,0.5173777,0.000121877,21.58678,0.09783359,0.05425262,20.00785,0.03853974,0.03753171,118234.03197009557,6.593957219766863e-17,2.5319297531614495
GALAXY,0.03629043,8.61e-06,15.6371,0.002837846,0.1476002,14.77728,0.002375342,0.1021091,10682.309944759407,1.5813140337545507e-14,0.16349920763314774
GALAXY,0.4715017,0.000107872,22.39062,0.2480054,0.1136859,19.76851,0.03740175,0.07864737,110369.13387277699,3.144923785822789e-17,3.6662295394523645
GALAXY,0.1343021,3.1e-05,21.0262,0.03957055,0.2070149,19.89351,0.0205075,0.14321199999999998,37580.396998186654,1.1050403216171449e-16,1.9558504859082508
GALAXY,0.355654,0.000100293,20.30742,0.0361292,0.08894197,18.48325,0.01202754,0.06152964,88507.17092946444,2.1423485267961268e-16,1.404687288239824
GALAXY,0.5946031999999999,0.000163237,22.68939,0.1673415,0.12063,20.940520000000006,0.05636258,0.08345125,130550.10926830723,2.3883728474662035e-17,4.2070110456982945
GALAXY,0.5301796999999999,0.000141619,21.45308,0.09537412,0.06400161,20.34034,0.0559903,0.04427602,120353.91144706555,7.458064332192807e-17,2.3807382648390503
GALAXY,0.2670435,4.07e-05,19.76774,0.02338973,0.03713425,18.27982,0.01048486,0.0256893,69660.77265569098,3.5217792086304875e-16,1.0955788818136452
GALAXY,0.7125143,0.000141357,23.44518,0.5090925000000001,0.1008659,21.31647,0.11324289999999998,0.06977858,147331.26874631768,1.1906555075562048e-17,5.958427402645804
GALAXY,0.5407181,9.75e-05,21.55053,0.0894376,0.04306404,19.9633,0.0341373,0.0297915,122075.12545696092,6.817829327208577e-17,2.4900132166541007
GALAXY,0.3226274,4.34e-05,19.65123,0.02320705,0.3627146,18.06718,0.01024559,0.2509243,81709.49642414445,3.920722682459459e-16,1.0383449433767462
GALAXY,0.4929909000000001,0.000119582,22.26784,0.1499978,0.2373659,20.74834,0.05227265,0.1642087,114106.21986533632,3.5214548557154395e-17,3.4646841738403396
GALAXY,0.508582,0.000193027,23.2494,0.466525,0.1505506,20.57669,0.05969395,0.1041502,116758.90306437231,1.4259297340973696e-17,5.444721274087221
GALAXY,0.5446395,0.00012962,22.34195,0.15523900000000002,0.08813737,20.58805,0.05609104,0.06097302,122710.1651556769,3.28910793293577e-17,3.584971044658543
GALAXY,0.4901454000000001,0.000155634,22.5879,0.15362920000000002,0.0969198,20.82352,0.053050699999999985,0.06704867,113616.79772862946,2.6223951028045388e-17,4.014908501364171
GALAXY,0.07703124,8.77e-06,17.01534,0.004285409,0.1208122,16.89627,0.004511582,0.08357731,22206.372209727328,4.443468698759787e-15,0.30843499862240525
GALAXY,0.5090960999999999,0.000245127,21.37658,0.06565441,0.08532497,20.30075,0.04249198,0.05902742,116845.54449566102,8.002508151623465e-17,2.298326117481979
GALAXY,0.2460296,3.8e-05,19.06097,0.01531481,0.05467935,17.59855,0.007723849,0.03782692,64899.67403672834,6.752586018568791e-16,0.7912061462288736
GALAXY,0.05198624,6.8e-06,17.57871,0.005099841,0.09507459,17.37138,0.005759050999999999,0.06577216,15180.497440582587,2.6446860546186574e-15,0.3997952705780647
GALAXY,0.34161479999999994,9.89e-05,21.0209,0.0717323,0.099654,19.25584,0.02546488,0.06894018,85649.65520017884,1.110447741654915e-16,1.951082583976803
GALAXY,0.2529337,5.69e-05,20.328,0.02947863,0.07000039999999999,18.74318,0.0120834,0.04842595,66476.6681021386,2.1021230058533393e-16,1.4180634136663532
GALAXY,0.5576019,0.000191306,22.94913,0.2549618,0.06534746,21.07184,0.07971556,0.04520707,124788.58417739107,1.8802089913983872e-17,4.741564386339086
GALAXY,0.06601253,7.72e-06,18.35252,0.008945175,0.05454315,17.86601,0.00907962,0.03773269,19138.195054506446,1.2967316923356637e-15,0.5709520705773642
GALAXY,0.06924185,7.36e-06,18.22742,0.008987364,0.05528568,17.39406,0.006928013,0.03824638,20041.124495120504,1.4550909017320054e-15,0.538988690148521
GALAXY,0.3639206,6.77e-05,21.12442,0.06042412,0.1037718,19.31752,0.02011019,0.07178888,90167.8614136491,1.0094623489273002e-16,2.046348758208806
GALAXY,0.6374329000000001,0.000159415,22.13117,0.2052466,0.05706014,20.21283,0.05800769,0.03947394,136914.2893242616,3.993835060685161e-17,3.2533414936081995
GALAXY,0.07329895,1.05e-05,17.811020000000006,0.006886804,0.08201808,17.100939999999998,0.005552766999999999,0.05673973,21171.13020406194,2.135256857012138e-15,0.44493815773083834
GALAXY,0.8699505,5.73e-05,23.33941,0.1916544,0.04891997,22.62172,0.17441700000000002,0.03384261,166454.0247198646,1.3124843246169888e-17,5.675154017159565
GALAXY,0.3632113,6.51e-05,21.19369,0.06022364,0.06214500000000001,19.30321,0.01890004,0.04299162,90026.00019406699,9.470700989292305e-17,2.1126796656030824
GALAXY,0.4692264,0.000120082,22.20705,0.1317947,0.09436629,20.2694,0.03501633,0.06528217,109967.87120473008,3.724243986633031e-17,3.369036004634132
GALAXY,0.4964944000000001,0.000111174,21.44205,0.1035381,0.0450545,19.75461,0.03800704,0.03116849,114706.56484375906,7.534217011035863e-17,2.368675959550278
GALAXY,0.1284063,1.59e-05,17.91473,0.006404256,0.06462886,17.15009,0.004982291,0.04470994,36041.65043672036,1.9407344951710935e-15,0.46670413878888334
GALAXY,0.3722045,8.02e-05,20.69025,0.04322435,0.07568579,18.96261,0.01626956,0.05235908,91815.9352006249,1.5057682141290585e-16,1.6755047071568614
GALAXY,0.09014233,1.8e-05,17.3827,0.004647446,0.09595701,16.63215,0.003976616,0.06638262,25810.51042200297,3.1679485902351626e-15,0.36528820754285546
GALAXY,0.1248637,2.4100000000000006e-05,17.66168,0.007876267,0.08217081,16.90099,0.005895933000000001,0.05684538,35112.25634098887,2.450113059663442e-15,0.4153666771667988
GALAXY,0.05863193,1.4e-05,17.223760000000002,0.004744158,0.09500143,16.3297,0.003713491,0.06572155,17062.946973999606,3.6673649094943406e-15,0.3395061551148693
GALAXY,0.4826984,0.000115805,21.669320000000006,0.08274795,0.05098168,20.0769,0.02993445,0.03526889,112328.12003414318,6.111251054410811e-17,2.630023640664515
GALAXY,0.4298438,0.000101389,20.82352,0.05262762,0.06691305,18.93153,0.01660403,0.04629014,102849.07985815858,1.3318340844211785e-16,1.781556714243465
GALAXY,0.1220013,3.21e-05,18.52248,0.009071587,0.2160209,17.4548,0.006000794,0.14944229999999994,34358.6678292348,1.1088329558221133e-15,0.6174355799977631
GALAXY,0.07591733,1.27e-05,17.73064,0.006420875,0.1028385,16.78971,0.004635359,0.07114322,21897.832618340013,2.2993343386978043e-15,0.42876927046559443
GALAXY,0.28442340000000005,5.28e-05,19.56631,0.02164589,0.07502139,18.04775,0.009747304,0.05189944,73512.0943789132,4.2396902190064276e-16,0.9985220329822115
GALAXY,0.6214467,0.00010712,22.11218,0.1285857,0.06269154,20.31731,0.04181324,0.04336972,134576.1048717057,4.06430344361807e-17,3.225014356454945
GALAXY,0.3048514,0.00012057,21.2975,0.08933529,0.1150734,19.68013,0.03258592,0.07960722,77940.66031651509,8.607125297230315e-17,2.2161321401519043
GALAXY,0.4247171,9.68e-05,21.25211,0.07181836,0.1086737,19.46468,0.02437025,0.07517996,101897.81392915109,8.974579833826635e-17,2.170289415083537
GALAXY,0.5056537,0.000276323,21.52982,0.1144123,0.0617794,20.18477,0.05275277,0.0427387,116264.3928358574,6.949125022693468e-17,2.4663780819670427
GALAXY,0.3347551,4.54e-05,20.00003,0.02625621,0.1048099,18.4036,0.01150424,0.07250702,84236.25689935448,2.8434534654841314e-16,1.2192749527067965
GALAXY,0.2791822,4.22e-05,20.09341,0.02633455,0.08044810000000001,18.55283,0.01199653,0.05565362,72358.8195521986,2.609120428631394e-16,1.2728512467262079
GALAXY,0.22432470000000004,1.94e-05,20.28531,0.03258916,0.1009831,19.52988,0.0243952,0.06985967,59859.73250985645,2.1864226876096374e-16,1.3904572864320093
GALAXY,0.130176,6.69e-06,18.66848,0.01023356,0.1513644,18.10793,0.009123347,0.1047132,36504.574273984974,9.693176599600213e-16,0.6603765640344641
GALAXY,0.3519756,6.709999999999999e-05,20.38378,0.04379793,0.2538553,18.51903,0.01408038,0.1756159,87763.01673628311,1.9968531384279268e-16,1.4549620050365917
GALAXY,0.7690983,4.3e-05,22.90369,0.175393,0.1080651,22.3523,0.1645614,0.07475895,154604.27506642122,1.9605689719970183e-17,4.6433738610774835
GALAXY,1.016921,0.00011619,22.86174,0.14689570000000002,0.1080412,22.87823,0.2035579,0.07474241,181483.77067298192,2.0378026618851258e-17,4.554530893779095
GALAXY,0.3460373,9.53e-05,21.1334,0.04700674,0.06740659,19.45495,0.01778366,0.04663157,86554.88202250414,1.0011476336957917e-16,2.054828838861419
GALAXY,0.390227,3.14e-05,21.85628,0.07560182,0.09635145,20.94061,0.04895572,0.06665549,95346.53602544764,5.1445349879588766e-17,2.8664980606013635
GALAXY,0.3408044,2.55e-05,20.10565,0.05911971,0.1082371,18.41925,0.01715142,0.07487791,85483.26809725503,2.579871799022306e-16,1.2800462223912512
GALAXY,0.08810293,2.65e-05,18.23579,0.00876609,0.1865004,17.23674,0.005767217,0.1290201,25253.215772932082,1.4439166528874897e-15,0.5410702459774357
GALAXY,0.15543120000000002,2.8000000000000006e-05,18.32468,0.01028647,0.3793528,17.20194,0.006536213000000001,0.2624345,43013.24712007437,1.3304119134323958e-15,0.5636787363988235
GALAXY,0.06652352,9.69e-06,18.36746,0.009117136,0.3396648,17.46325,0.006146454,0.2349785,19281.27537572809,1.279010545300341e-15,0.5748938361376705
GALAXY,0.08706752,1.85e-05,18.58386,0.01670805,0.2361676,17.721729999999994,0.01088595,0.1633796,24969.80790366109,1.0478862101161892e-15,0.6351373494000248
GALAXY,0.2824748,4.370000000000001e-05,19.6823,0.02652539,0.04915769,18.20255,0.0124853,0.03400706,73084.14247475877,3.810115360570182e-16,1.0533086537782708
GALAXY,0.0697265,8.11e-06,17.56192,0.005862391,0.1019132,17.0761,0.005575334,0.07050306,20176.367932657555,2.685901768714242e-15,0.3967159414179025
GALAXY,0.0671247,9.69e-06,17.46615,0.005227495,0.0532475,16.80813,0.004513589,0.03683637,19449.510416482324,2.9335812772718034e-15,0.3795995179756856
GALAXY,0.5554429,0.000157518,22.423,0.2015705,0.05971256,20.84101,0.05299215,0.04130887,124444.60240041236,3.0525172383980927e-17,3.721308305838291
GALAXY,0.7987525,0.000303981,23.82417,0.5316234999999999,0.03339978,21.59284,0.1370993,0.02310582,158231.03157069828,8.398275653114994e-18,7.0946283871889095
GALAXY,0.3796887,5.83e-05,20.42717,0.04121765,0.06121918,18.81002,0.01609266,0.04235115,93291.17738757582,1.9186251153214103e-16,1.4843272218574266
GALAXY,0.2588894,3.58e-05,19.62831,0.01967653,0.07858035,18.15924,0.009192062,0.05436152,67826.9940899207,4.0043693190062434e-16,1.0274427980743923
GALAXY,0.4308515000000001,9.42e-05,21.43753,0.08891781,0.13215870000000002,19.89655,0.03573902,0.0914268,103035.38459609468,7.56564789198541e-17,2.363750601015532
GALAXY,0.4233252000000001,8.72e-05,20.85794,0.06029232,0.05990413,19.28721,0.0241721,0.0414414,101638.55098309927,1.290274532411136e-16,1.810021161135354
GALAXY,0.5210828,0.00027979400000000004,22.89078,0.2344979,0.04824008,20.62054,0.05149263,0.03337226,118850.85088469206,1.9840203629056754e-17,4.615849628526725
GALAXY,0.1828698,3.7e-05,18.91009,0.01295838,0.03199862,17.65484,0.007321507,0.02213649,49880.12330794787,7.759292527555136e-16,0.738097360539067
GALAXY,0.4601357,0.000129093,21.90141,0.09335034,0.04193272,20.47767,0.04162693,0.02900886,108353.87833267513,4.9350791820592876e-17,2.9266962579413245
GALAXY,0.4935953,0.00013929,22.3788,0.2104665,0.16696960000000002,20.58613,0.06379035,0.1155088,114209.96447347976,3.1793484273427e-17,3.6463273273934904
GALAXY,0.6583405999999999,0.000168097,23.56578,0.406713,0.06193479,21.26096,0.07391284,0.0428462,139907.13548526997,1.0654820195263881e-17,6.298710564117843
GALAXY,0.2924505,4.57e-05,19.98224,0.028802800000000007,0.07911875,18.4106,0.01284423,0.05473399,75264.83554565122,2.8904277973323214e-16,1.2093267299954684
GALAXY,0.4902545,0.00013348399999999998,22.42614,0.13382049999999998,0.04799984,20.766820000000006,0.0494179,0.03320607,113635.593084422,3.0437019686832114e-17,3.726693297343692
GALAXY,0.587675,0.000186807,22.52823,0.18424920000000006,0.03960469,20.74416,0.06148904,0.02739834,129490.27705697814,2.7705508480960507e-17,3.906084663410155
GALAXY,0.4080746,0.000124347,20.74414,0.05176133,0.04759482,19.002,0.01972644,0.03292588,98769.85208127965,1.4328546096663188e-16,1.717606410344929
GALAXY,0.1325588,7.83e-06,18.52006,0.009681851,0.04973993,17.74655,0.007698597,0.03440985,37126.45241617598,1.1113071926170934e-15,0.616747861469511
GALAXY,0.14899,2.35e-05,18.52352,0.008855367,0.05425486,17.532339999999998,0.006079789,0.03753326,41370.51330191264,1.107771340541228e-15,0.6177313639993411
GALAXY,0.07317948,1.86e-05,17.67802,0.005498955,0.08589664,16.74456,0.00413275,0.0594229,21137.924311021838,2.4135156829910626e-15,0.41850403758790095
GALAXY,0.1178868,3.84e-05,20.92738,0.08713226,0.1013603,18.16831,0.01077574,0.07012061,33271.28966562026,1.2103364853443925e-16,1.8688379829314274
GALAXY,0.5559095000000001,7.979999999999999e-05,21.96969,0.1491013,0.1664553,20.4065,0.05787061,0.115153,124519.0172846306,4.634278454691099e-17,3.0201857371756318
GALAXY,0.02602901,2.85e-05,16.624270000000006,0.005791296,0.03260026,15.92772,0.004856736,0.02255271,7701.778307581707,6.370156839219473e-15,0.2576022501626009
GALAXY,0.5076668,0.000151256,22.11909,0.1646398,0.0420174,20.59644,0.06082692,0.02906744,116604.5340857848,4.038518951255565e-17,3.2352932547101982
GALAXY,0.3631951,8.28e-05,20.27462,0.03534637,0.1739933,18.35761,0.01114511,0.1203678,90022.75878600022,2.2080562113554307e-16,1.3836289882102895
GALAXY,0.7289498000000001,0.000109229,22.34898,0.1328341,0.1522185,21.13078,0.05930980000000001,0.105304,149492.95329426797,3.267880186621041e-17,3.5965959614053067
GALAXY,0.5813094,0.000193765,22.08718,0.105253,0.08819257,20.78966,0.05112175,0.06101121,128508.88015299839,4.158973232356923e-17,3.1880979223865857
GALAXY,0.546774,0.000124014,21.78798,0.10315710000000003,0.08979677,20.28494,0.04214626,0.06212099,123054.60016112127,5.4785562520451696e-17,2.777740380501876
GALAXY,0.3867311,5.04e-05,21.30511,0.07136418,0.1241751,19.53493,0.02395863,0.08590379,94667.52859572617,8.547008290171824e-17,2.2239122766347816
GALAXY,0.4267145000000001,0.00022908,21.82741,0.09759273,0.137224,19.98134,0.03077111,0.09493091,102269.11804734226,5.2831644006635256e-17,2.82863982940418
GALAXY,0.4092653,0.00010206,21.43435,0.08868925,0.1249779,19.58219,0.02530056,0.08645912,98995.68774306681,7.587839311340973e-17,2.3602915537576465
GALAXY,0.2826607,4.99e-05,19.46383,0.02083917,0.1208143,18.02019,0.009899043,0.08357878,73125.01162466103,4.659358478727477e-16,0.9524926920926472
GALAXY,1.33375,0.000107738,21.88125,0.05947068,0.1036559,21.67226,0.07916913,0.0717087,206781.48547153262,5.0275699897162266e-17,2.8996504833515897
GALAXY,0.07925242,6.98e-06,16.89074,0.00623137,0.1128028,16.34601,0.00550988,0.07803645,22820.519318308234,4.983817436659072e-15,0.2912350576160813
GALAXY,0.6350418000000001,0.000197289,22.52468,0.2067504,0.186308,21.00669,0.08873761,0.128887,136567.33426662025,2.779624463176426e-17,3.8997040748915714
GALAXY,0.3421079,7.69e-05,19.66392,0.03882691,0.1903837,17.8334,0.0136933,0.1317066,85750.81866485036,3.8751643416283515e-16,1.0444307560006603
GALAXY,0.5581108,0.000176187,23.09733,0.2379487,0.3731473,21.4857,0.08864263,0.2581416,124869.53728764669,1.6403107276821516e-17,5.076467992591944
GALAXY,0.3139889,7.44e-05,20.55311,0.04365692,0.08630452,18.97341,0.01804238,0.05970506,79887.73769324365,1.708496624929642e-16,1.5729599040941797
GALAXY,0.1960469,4.92e-05,19.11394,0.0142771,0.1064917,17.88177,0.008603261,0.07367047,53103.31478946038,6.43105354006006e-16,0.8107438300560809
GALAXY,0.495575,0.000171892,22.14049,0.1895872,0.07195661,20.16903,0.05575962,0.04977925,114549.26037820218,3.9596985559746855e-17,3.267334904362501
GALAXY,0.5914326999999999,0.000143728,21.69403,0.1230057,0.1015707,19.97474,0.04159825,0.07026614,130066.1755680198,5.973737368383673e-17,2.660122596189703
GALAXY,0.6014491999999999,7.72e-05,21.52705,0.0822018,0.06113430000000001,20.35742,0.04721443,0.04229242,131588.93861424582,6.966876712159174e-17,2.4632338966508285
GALAXY,0.3821636,0.000108405,20.92981,0.06257498,0.1043342,19.15698,0.02082891,0.07217792,93776.16620111205,1.2076306449900425e-16,1.8709304885505385
GALAXY,0.02108971,6e-06,15.89052,0.003579559000000001,0.04609528,15.51369,0.003607041,0.0318885,6255.88029132155,1.2521320302914315e-14,0.18373828241663379
GALAXY,0.4983495,0.00012709899999999998,21.45575,0.1053131,0.0636766,19.74977,0.0350266,0.04405117,115023.44371209535,7.439746284895841e-17,2.3836673744603467
GALAXY,0.3103832,5.98e-05,19.7841,0.02397926,0.05128608,18.1404,0.01039457,0.03547947,79121.88847930134,3.4691104341492947e-16,1.103864208996197
GALAXY,0.6264698000000001,0.000173878,22.78622,0.2502914,0.05879048,20.66649,0.05746358,0.04067098,135315.51270013553,2.1845909249139076e-17,4.398855058423868
GALAXY,0.5758949999999999,0.000146936,22.07832,0.1410194,0.08777788,20.10808,0.03715198,0.06072433,127668.33741897556,4.1930508112675496e-17,3.1751164079760326
GALAXY,0.6321694,0.00018601,22.00585,0.1386404,0.06897564,20.6861,0.06233558,0.04771703,136149.25714648407,4.482477571470545e-17,3.0708998434418566
GALAXY,0.471002,0.000118698,20.64379,0.07378688,0.1331385,18.81367,0.02319208,0.0921046,110281.10110361423,1.5716003801980675e-16,1.640037023541473
GALAXY,0.5563166,0.000229523,22.54358,0.1750462,0.05875444,20.73176,0.05040425,0.04064605,124583.90955188341,2.731656741334132e-17,3.933794350444267
GALAXY,0.6187166000000001,0.000202388,21.44117,0.1077805,0.05424719,20.24642,0.05412554,0.03752796,134172.4030482696,7.540326044291051e-17,2.3677162363097155
GALAXY,0.6046836,0.000259267,22.401770000000006,0.21116350000000006,0.128946,20.83602,0.08354334,0.08920423,132076.84119920188,3.112792168868484e-17,3.6851031800681286
GALAXY,0.4786366,0.00012369600000000002,22.34799,0.1719717,0.08171257,20.35111,0.04585879,0.05652838,111620.4528590696,3.2708612761210565e-17,3.594956604422087
GALAXY,0.4702407,0.000119182,21.77718,0.09418172,0.09619015,20.21,0.03605407,0.06654391,110146.88211855359,5.533324311241875e-17,2.7639593548931516
GALAXY,0.05545049,1.13e-05,17.905910000000006,0.006708271,0.1033113,17.19069,0.005675343,0.07147031,16163.414605246526,1.9565643008816814e-15,0.46481234314847697
GALAXY,0.33991550000000004,6.57e-05,20.69299,0.04021816,0.08320571,19.00153,0.01517831,0.05756133,85300.58208831973,1.501972998259862e-16,1.6776202212763653
GALAXY,0.6143148,0.000170458,21.32252,0.0941027,0.1258764,20.132,0.05959711,0.08708074,133518.7821153082,8.411048267221939e-17,2.241814388681166
GALAXY,0.4795395000000001,0.000238446,22.09439,0.1284721,0.0880674,20.39129,0.04585175,0.06092462,111778.05391162762,4.131446423452189e-17,3.1987010454220073
GALAXY,0.6618606,0.000195202,21.67841,0.1098502,0.05596003,20.64582,0.05532966,0.03871289,140403.86754904813,6.060300025709112e-17,2.6410562575415546
GALAXY,0.1552891,3.65e-05,18.21847,0.009638748,0.06306587,17.15952,0.006022722,0.04362868,42977.13345599191,1.467135160292324e-15,0.5367717514758493
GALAXY,0.5637057,0.00015987,23.17972,0.3305577,0.07057931,21.00587,0.06670344,0.04882644,125756.35644916708,1.5204429359884174e-17,5.272780011540457
GALAXY,0.2663697,1.14e-05,22.14507,0.06949344,0.09026363,21.84571,0.08444873,0.06244396,69509.89538863846,3.9430303981019e-17,3.2742335350368568
GALAXY,0.5052257,0.00012812700000000002,22.4714,0.1957943,0.09991427,20.69398,0.05678095,0.06912023,116191.97213173765,2.9194303945481693e-17,3.805183915159302
GALAXY,0.1334661,3.16e-05,18.84393,0.01138027,0.1881063,17.72246,0.00697118,0.130131,37362.81658806332,8.246812588718445e-16,0.7159482836396048
GALAXY,0.3264237,0.000106717,20.70095,0.03944952,0.2014401,18.90779,0.01385168,0.1393553,82504.29661657351,1.4910016539242144e-16,1.6837811849419255
GALAXY,0.1164608,1.3e-05,18.71999,0.01272764,0.1898588,17.99404,0.009442181,0.1313434,32893.2838312529,9.244046580343242e-16,0.6762287832274719
GALAXY,0.5273561,0.0001714,22.60416,0.158584,0.08630903,21.16606,0.06608535,0.05970819,119889.09761463285,2.5834146926052133e-17,4.045085003136148
GALAXY,0.0251704,1.18e-05,14.914979999999998,0.00268464,0.16775820000000002,14.2014,0.002316871,0.1160543,7450.958808764145,3.075148729082003e-14,0.11724427684452941
GALAXY,0.3688363,8.690000000000001e-05,21.82965,0.1098856,0.1305681,20.31332,0.05000527,0.09032644,91147.76928217194,5.2722758544029015e-17,2.831559241306107
GALAXY,0.1440475,3.63e-05,19.35358,0.01388887,0.1597665,18.26913,0.009319206,0.1105257,40102.007356921946,5.15734429633941e-16,0.9053398819197779
GALAXY,0.08416129,2.15e-05,17.94337,0.006448351,0.1577767,17.06713,0.0185206,0.1091492,24172.64361488207,1.890210299305008e-15,0.47290036833210247
GALAXY,0.5456789000000001,0.000103563,22.60015,0.1690953,0.1631795,20.81561,0.05982558,0.1128868,122877.99674699121,2.5929737798346705e-17,4.037621945923731
GALAXY,0.05422081,1.13e-05,18.30606,0.01507211,0.185517,17.8603,0.01603434,0.1283398,15814.924148803095,1.3534247844834246e-15,0.5588659526976052
GALAXY,0.4801415,0.000146379,22.70076,0.1404056,0.1136662,21.12837,0.05352272,0.07863379,111883.03966472697,2.3634919378043854e-17,4.229097057375473
GALAXY,0.02655676,1.11e-05,15.89204,0.003002237,0.09565872,15.18001,0.0026164260000000003,0.06617626,7855.836619218078,1.2503803073060454e-14,0.18386694164235212
GALAXY,0.09455103,1.82e-05,17.41395,0.005763065,0.2669994,16.371760000000002,0.004015384,0.184709,27011.07909330006,3.0780673994317768e-15,0.3705831361162446
GALAXY,0.6073961999999999,0.000123597,22.62228,0.161424,0.2169137,20.87181,0.05358612,0.1500599,132484.60738483866,2.5406575141228933e-17,4.078980717403537
GALAXY,0.4517484000000001,0.000137603,21.59991,0.1065157,0.1121359,19.74448,0.02860581,0.07757509,106849.33629006152,6.514695557201176e-17,2.5472856690396846
GALAXY,0.0690207,1.04e-05,17.79512,0.007197788,0.1844148,17.11506,0.0063598840000000005,0.1275773,19979.38864461336,2.1667565854941933e-15,0.44169212099000366
GALAXY,0.08631333,1.91e-05,17.36319,0.005301154000000001,0.1109117,16.37167,0.003815581,0.07672823,24763.176005415946,3.2253891836139255e-15,0.36202090713634727
GALAXY,0.5049121,0.00012783100000000002,22.72997,0.1482582,0.14216689999999998,20.91315,0.04826882,0.09835038,116138.8855282522,2.300753679261701e-17,4.2863699565721465
GALAXY,0.5185622999999999,0.000120795,21.2401,0.09247762,0.1188314,19.58377,0.03593833,0.08220704,118431.53526251514,9.07440430698355e-17,2.1583190913040458
GALAXY,0.02306467,7.84e-06,14.8625,0.002348277,0.1254609,14.02934,0.002048045,0.08679329,6834.893192789734,3.227439613405513e-14,0.11444469136443887
GALAXY,0.1544205,2.7300000000000006e-05,18.3888,0.009272054,0.1087171,17.19314,0.005828383,0.07520998,42756.26091467003,1.2541172030068813e-15,0.5805714192361083
GALAXY,0.33458330000000003,6.65e-05,20.70955,0.03573764,0.1129705,19.00027,0.01409351,0.0781525,84200.71269931404,1.4792382396530321e-16,1.6904629326247531
GALAXY,0.3417106,5.79e-05,20.69319,0.04550597,0.1103257,18.94732,0.01690736,0.07632281,85669.31392060596,1.5016963500899987e-16,1.6777747429247776
GALAXY,0.1499665,3.07e-05,18.57908,0.01271111,0.07905705,17.47889,0.008463285,0.0546913,41620.312521388434,1.0525097440835985e-15,0.6337407774310383
GALAXY,0.06643392,1.09e-05,16.57527,0.003688271,0.05078486,15.71047,0.002993077,0.03513273,19256.192421159023,6.6642322696418755e-15,0.2518544636255371
GALAXY,0.8028605999999999,0.000447261,23.62006,0.3057876,0.05187567,22.26283,0.1626789,0.03588735,158723.82256318835,1.013524205520977e-17,6.458142926940656
GALAXY,0.06790797,1.01e-05,17.457,0.005921108,0.04601171,16.72816,0.005245585,0.03183069,19668.541193982408,2.9584083881888308e-15,0.3780033530916577
GALAXY,0.07222793,8.7e-06,17.92079,0.008013082,0.05638445,17.47781,0.007595295,0.0390065,20873.296700502386,1.929932524516154e-15,0.4680084045745563
GALAXY,0.5233284,0.000160973,22.38611,0.1282951,0.0526236,20.9076,0.05486958,0.03640476,119223.38566246495,3.1580145397509714e-17,3.6586229328406175
GALAXY,0.547456,0.000219515,22.40781,0.1543413,0.04989607,20.63685,0.05223758,0.03451787,123164.46921360004,3.0955236414747686e-17,3.6953676473625494
GALAXY,0.14065039999999998,4.2700000000000015e-05,18.53014,0.00959967,0.0660494,17.48118,0.006755531,0.04569267,39226.094811442534,1.101037536601405e-15,0.6196174673833081
GALAXY,0.1600612,2.95e-05,17.77261,0.007332437,0.05415301,16.72542,0.00482926,0.0374628,44186.80352805257,2.212147724254327e-15,0.4371370853835855
GALAXY,0.5911847,7.03e-05,21.69243,0.07321169,0.05003215,20.6859,0.04786045,0.03461201,130028.24575896183,5.982547082739696e-17,2.6581632673583964
GALAXY,0.6283898,0.00016549299999999998,23.21301,0.1859148,0.04778626,21.74033,0.08499277,0.03305832,135596.9936304736,1.474531739384588e-17,5.35423775681111
GALAXY,0.3794408,0.00010023,20.83371,0.05186784,0.07149974,19.16208,0.01895505,0.04946319,93242.520342564,1.319392846851072e-16,1.7899366158458816
GALAXY,0.178086,2.84e-05,18.73694,0.01132644,0.04637656,17.548070000000006,0.006747324,0.03208309,48698.07599484286,9.100853537466113e-16,0.6815279201561435
GALAXY,0.08494383,1.6800000000000002e-05,17.22553,0.005770201,0.1102349,16.29447,0.004186403,0.07625999,24387.53479076667,3.661391130936647e-15,0.3397830045329715
GALAXY,0.1017331,3.92e-06,17.80519,0.005297825999999999,0.1136045,17.201610000000002,0.004756983,0.07859109,28954.699231368744,2.146753230956983e-15,0.443745183612179
GALAXY,0.5929671,0.000192792,22.56565,0.15674770000000002,0.06151408,21.10243,0.07070614,0.04255516,130300.6056848594,2.6766903006531903e-17,3.973979772972232
GALAXY,0.1118177,3.09e-05,18.60582,0.008615089,0.1752445,17.55489,0.005935019000000001,0.1212333,31658.400241978226,1.0269046613062714e-15,0.6415930521175182
GALAXY,0.470845,0.000101102,21.64412,0.1107788,0.1729954,19.77338,0.03950723,0.1196774,110253.43150094432,6.254752439913186e-17,2.5996785587290496
GALAXY,0.117674,2.51e-05,18.05487,0.007263826,0.06195024,17.04176,0.00511359,0.04285689,33214.9177652748,1.705729361392812e-15,0.497816918602562
GALAXY,0.5829147,0.00016886,22.31514,0.1427789,0.03925372,20.6455,0.05728585,0.02715554,128757.06454068578,3.37133667619434e-17,3.5409814551828926
GALAXY,0.4859361,7.020000000000001e-05,22.18071,0.09304717,0.05211865,20.42529,0.03235046,0.03605544,112889.78432510079,3.815699149178511e-17,3.3284163927172474
GALAXY,0.1465464,2.21e-05,16.960929999999998,0.004821551,0.05636053,15.829629999999998,0.003265744,0.03898995,40744.22597382483,4.6718202544884476e-15,0.3008026460593277
GALAXY,0.03627127,9.45e-06,15.08386,0.002452239,0.05238475,14.1971,0.002136361,0.03623953,10676.774057174478,2.6321711529568652e-14,0.12672656180870884
GALAXY,0.06563902,1.47e-05,16.549889999999998,0.004203706,0.0469283,15.63926,0.003245868,0.03246478,19033.561032320737,6.821849361757507e-15,0.24892794409763863
GALAXY,0.08240177,1.93e-05,18.01622,0.006555851,0.1172073,17.06942,0.004826895,0.0810835,23688.808453464328,1.7675435587301567e-15,0.4890346732162925
GALAXY,0.419844,0.000186944,21.72178,0.09724809,0.2181103,20.11972,0.03824147,0.1508877,100988.2578359827,5.822991084995958e-17,2.6943353694611782
GALAXY,0.09889642,2.84e-05,18.726,0.01193626,0.1082122,17.7602,0.0076481080000000016,0.07486073,28188.83576791115,9.193018311881932e-16,0.6781029789711711
GALAXY,0.1354025,2.9100000000000006e-05,18.51171,0.008994119,0.03967825,17.40186,0.005653806999999999,0.02744923,37866.48553074565,1.1198867987500407e-15,0.6143808242890983
GALAXY,0.3408228,7.020000000000001e-05,21.27274,0.05188777,0.09417914,19.40235,0.01726633,0.06515269,85487.04764169811,8.80566430921809e-17,2.191006430913997
GALAXY,0.5184135999999999,0.000196833,21.90531,0.09311473,0.05687372,20.34212,0.03949603,0.03934497,118406.7582821339,4.917384015872265e-17,2.9319573754504002
GALAXY,0.5841864999999999,0.000121762,22.54935,0.1475161,0.1169674,20.92301,0.05412945,0.08091751,128953.35687136778,2.7171782226985122e-17,3.944261062521247
GALAXY,0.09610689,1.4300000000000004e-05,18.23747,0.00971258,0.1029958,17.47962,0.007098457,0.07125201,27433.408102859357,1.4416841546212713e-15,0.5414890170065148
GALAXY,0.5998446,0.000236138,22.67252,0.2393984,0.0492545,21.12598,0.08760376,0.03407403,131346.20044743814,2.4257728176986573e-17,4.1744537359489255
GALAXY,0.4865992,0.000181366,22.5587,0.1808405,0.2890209,20.86403,0.05713246,0.1999433,113004.552009059,2.693879250771942e-17,3.9612810126427194
GALAXY,0.111371,3.16e-05,19.52959,0.01419442,0.2542209,18.50732,0.00925896,0.1758689,31539.265491367867,4.385530393621203e-16,0.9817788052745535
GALAXY,0.09304526,2.31e-05,17.51756,0.006535373000000001,0.13978139999999994,16.53499,0.004536786,0.0967001,26601.67150430317,2.7979124785045206e-15,0.38869383487090925
GALAXY,0.1225433,9.67e-06,18.22346,0.008489593,0.1538278,17.64109,0.0075678440000000015,0.1064174,34501.542556445434,1.4604077373322734e-15,0.5380066605385555
GALAXY,0.6666489000000001,0.000159467,22.33584,0.12880940000000002,0.2051623,21.17344,0.07486217,0.14193029999999998,141076.3156690304,3.307669626069727e-17,3.5748979784117756
GALAXY,0.28885029999999995,5.24e-05,19.69294,0.02481648,0.1483035,18.08436,0.01082062,0.10259569999999997,74480.7416034759,3.7729593420207625e-16,1.0584824271236286
GALAXY,0.05958883,1.5399999999999998e-05,16.48376,0.003641346,0.110989,15.58965,0.003020322,0.07678171,17332.916328573803,7.250269085281942e-15,0.24146136548617753
GALAXY,0.201268,1.56e-05,18.44889,0.009672528,0.1033928,17.518729999999998,0.007132509,0.07152667,54367.19437823065,1.186593937709995e-15,0.5968616185324694
GALAXY,0.3228901,4.13e-05,20.44583,0.03782081,0.1669015,18.673820000000006,0.01453555,0.1154617,81764.60938185012,1.885932415292653e-16,1.4971373747236276
GALAXY,0.6577493000000001,0.000149853,22.7872,0.270279,0.13349520000000006,20.8165,0.07927941,0.09235134,139823.49283043324,2.1826199736039867e-17,4.400840739130072
GALAXY,0.5177128,6.23e-05,21.84893,0.143758,0.03825694,20.02075,0.03788094,0.02646597,118289.92973755792,5.179479579911496e-17,2.856811939756371
GALAXY,0.06578322,1.77e-05,16.72788,0.003846933,0.03426145,15.8598,0.003228085,0.02370191,19073.96170638979,5.790367460365975e-15,0.270191481286586
GALAXY,0.4748126,0.00014984700000000002,22.65154,0.1458085,0.07755191,20.76292,0.04453581,0.05365005,110951.10975180379,2.4731025497481596e-17,4.134315848605438
GALAXY,0.6183003,0.000183264,22.70127,0.2901933,0.07802325,20.54405,0.06496531,0.05397613,134110.73102219828,2.3623820016825813e-17,4.230090435320903
GALAXY,0.3926118,4.47e-05,20.93007,0.06340319999999999,0.1095711,19.16313,0.02189945,0.07580078,95808.13470591635,1.207341489691873e-16,1.8711545167481771
GALAXY,0.07763638,4.51e-05,17.86881,0.009350623,0.1006255,17.1872,0.007852009,0.06961227,22373.835165355016,2.024576190815765e-15,0.4569383954013164
GALAXY,0.4374803,0.000105676,21.19854,0.07754984,0.06629611,19.46521,0.02654746,0.04586334,104255.42155774272,9.428489574854811e-17,2.1174036251020154
GALAXY,0.4572265,0.000100174,21.80499,0.0860028,0.04100689,20.10213,0.03089562,0.02836837,107833.70195961399,5.3933937209796946e-17,2.7995849635991594
GALAXY,0.2842294,6.03e-05,19.98266,0.02824314,0.1581008,18.37369,0.01158378,0.1093734,73469.53141575941,2.889309896966341e-16,1.209560657144386
GALAXY,0.369682,5.45e-05,21.62592,0.1159766,0.13974379999999995,20.83609,0.09859041,0.09667411,91315.78351913052,6.360483424857472e-17,2.5779806441158666
GALAXY,0.5747169,0.000216954,21.98994,0.1416666,0.1515517,20.55902,0.05968694,0.1048428,127484.7373507495,4.5486458552693257e-17,3.0484821210038935
GALAXY,0.4768565,0.000158699,22.07434,0.149623,0.08934135,20.25708,0.04520128,0.06180593,111309.2444368193,4.208449548936835e-17,3.1693022012457996
GALAXY,0.5430088000000001,0.000151235,21.7565,0.1197743,0.06943426,20.03292,0.04251779,0.0480343,122446.44229921383,5.639727563976835e-17,2.7377617545625403
GALAXY,0.09246663,2.55e-05,17.3005,0.00566208,0.101546,16.32405,0.004114090999999999,0.07024905,26444.16959282083,3.4171034365993516e-15,0.3517188563039397
GALAXY,0.05382157,9.89e-06,17.00454,0.01542476,0.08367588,17.15868,0.0274857,0.05788659,15701.683121472488,4.487889189403017e-15,0.30690477979976855
GALAXY,0.0481755,1.5399999999999998e-05,17.55546,0.007291552,0.08756745,17.04324,0.007371078,0.06057876,14095.145305856791,2.7019301979373887e-15,0.39553748910045183
GALAXY,0.8174173,2.6e-05,21.78213,0.07928554,0.05033914,21.67298,0.09886814,0.03482438,160451.50290098667,5.5081546494281415e-17,2.7702671507509793
GALAXY,0.4135432,0.00012911200000000002,21.47391,0.1084552,0.1117222,19.5518,0.027709300000000003,0.0772889,99804.4521298604,7.316344139030183e-17,2.4036855478410013
GALAXY,0.5765326999999999,0.00020078,23.05557,0.2884445,0.04875605,21.04264,0.08010603,0.03372921,127767.61330279894,1.7046299914658225e-17,4.979774216854266
GALAXY,0.1490271,3.96e-05,18.83488,0.012123299999999998,0.04078101,17.824720000000006,0.00757619,0.02821211,41380.008833648695,8.315840008778797e-16,0.7129706502198551
GALAXY,0.5264241999999999,0.00012848299999999998,22.8483,0.2414848,0.03304775,20.97639,0.06640515,0.02286228,119735.35086392691,2.063184779182916e-17,4.526428371643567
GALAXY,0.2050404,6.23e-05,19.45688,0.02571221,0.2088417,18.06045,0.01248352,0.1444757,55275.73876791295,4.689279564650935e-16,0.9494490237542286
GALAXY,0.4793883,0.000188256,22.42229,0.1312593,0.1427258,21.04338,0.06941523,0.09873703,111751.67367800823,3.054514036529946e-17,3.720091759411978
GALAXY,0.07952724,1.89e-05,17.77863,0.005493704,0.1035405,16.90389,0.004534788,0.07162883,22896.404764249764,2.1999161360118083e-15,0.4383506473778659
GALAXY,0.03228258,6.43e-06,17.35083,0.004572421,0.06142607,16.984720000000006,0.00462874,0.04249427,9521.936225835894,3.2623167443472767e-15,0.35996614102855323
GALAXY,0.04727253,1.76e-05,17.169,0.005154673,0.1614543,16.39125,0.004302278,0.1116933,13837.33305108249,3.857075368497887e-15,0.3310515703280712
GALAXY,0.3805879,9.81e-05,22.25279,0.1171998,0.04514598,20.6239,0.04438597,0.03123178,93467.5505944749,3.57060760133817e-17,3.4407542285447814
GALAXY,0.09897977,2.09e-05,17.44932,0.005392279,0.06064454,16.4547,0.004067155,0.04195362,28211.372617544777,2.9794089991996464e-15,0.3766688032963058
GALAXY,0.1856423,3.71e-05,18.31921,0.01212913,0.0858579,17.54166,0.008487344,0.0593961,50562.28100154879,1.3371315160541184e-15,0.5622606007388019
GALAXY,0.7294242,0.000118395,21.84661,0.17005379999999998,0.09979428,20.61713,0.08318339,0.06903722,149554.74105612453,5.1905589194688887e-17,2.8537613532691686
GALAXY,0.4913339,0.000129519,21.29954,0.08809282,0.04002887,19.68807,0.03394707,0.02769179,113821.41793040726,8.590968471652803e-17,2.2182150742044597
GALAXY,0.6313899000000001,4.69e-05,22.11723,0.1004393,0.05630922,20.71722,0.04554528,0.03895446,136035.5587076722,4.0454433616965554e-17,3.2325232130919246
GALAXY,0.6328296,0.000263578,22.76934,0.269512,0.04579989,21.04653,0.08500302,0.03168415,136245.47338641496,2.218820272490897e-17,4.364793001342154
GALAXY,0.5252607,0.000395575,21.66044,0.1246671,0.02908041,20.25147,0.06210965,0.02011769,119543.15712524799,6.161438602813095e-17,2.619290406483481
GALAXY,0.2039925,1.97e-05,19.19507,0.01396273,0.0505029,17.85464,0.00738995,0.03493768,55023.75281965853,5.968018011973026e-16,0.8416076070259129
GALAXY,0.1121725,3.61e-05,18.42088,0.009857625,0.04732084,17.438860000000002,0.006495979,0.03273633,31752.983989946475,1.2176041655720835e-15,0.5892120937437892
GALAXY,0.5689946,0.000184916,22.50443,0.2281267,0.02846008,20.77395,0.07415022,0.01968855,126589.32498282203,2.8319535465501977e-17,3.863506544796355
GALAXY,0.2445893,4.22e-05,19.50176,0.0181892,0.02097053,18.03612,0.009018244,0.01450731,64569.106920210754,4.499395039717966e-16,0.969276430443306
GALAXY,0.1390938,2.35e-05,18.567,0.008580361,0.03533909,17.608610000000006,0.006198111,0.02444742,38823.6378717357,1.0642854507701054e-15,0.6302250367770208
GALAXY,0.27227840000000003,6.01e-05,19.62331,0.02654699,0.0505535,18.13024,0.01240275,0.03497268,70828.97504570728,4.0228526479800387e-16,1.0250797452128413
GALAXY,0.4795951,0.00013644,22.03213,0.09208179,0.08237219999999999,20.21938,0.03195312,0.05698471,111787.75339611291,4.3752827592686206e-17,3.1082908664891105
GALAXY,0.1589494,2.36e-05,18.06278,0.007668399,0.06976461,16.83977,0.004823365,0.04826283,43905.55048659074,1.6933476336801943e-15,0.4996336179502619
GALAXY,0.4973682,9.07e-05,21.95568,0.08252102,0.18239520000000006,20.3246,0.03069087,0.1261802,114855.90935785924,4.6944652131250734e-17,3.000762696253323
GALAXY,0.5357413000000001,0.000123621,22.21704,0.1938191,0.1225399,20.27863,0.050911300000000013,0.08477251,121264.93777392508,3.690133899763512e-17,3.384571181709701
GALAXY,0.07786672,7.81e-06,18.11964,0.008334314,0.09272793,17.203889999999998,0.006194135999999999,0.06414875,22437.549739250273,1.606949116537293e-15,0.5128893158925033
GALAXY,0.1488204,2.89e-05,18.09593,0.008672318,0.07265929,16.98111,0.005485661,0.05026536,41327.10017446931,1.6424271867369688e-15,0.5073196127563003
GALAXY,0.4186308,7.87e-05,21.34512,0.06575858,0.06139868,19.56537,0.02182558,0.04247532,100761.00253604857,8.237778782126414e-17,2.2652683246901417
GALAXY,0.09628713,1.15e-05,17.853279999999994,0.008416349,0.04275531,17.28894,0.00749737,0.02957792,27482.287378546047,2.053743137194122e-15,0.4536821080823962
GALAXY,0.07641115,2.11e-05,17.95992,0.006504891,0.03977861,17.06316,0.004846627,0.02751865,22034.659974964386,1.8616160955256385e-15,0.4765183751913909
GALAXY,0.6452541,0.00017434200000000002,22.31774,0.1126155,0.05969182,21.0499,0.06120306,0.04129453,138042.42007422764,3.363273033846531e-17,3.545223768209517
GALAXY,0.2195278,4.77e-05,18.73023,0.01654523,0.0610192,17.32571,0.007773309,0.0422128,58728.87980110289,9.15727222988289e-16,0.6794252021698649
GALAXY,0.4563058,0.00013198,21.4171,0.11096480000000003,0.07036723,19.92254,0.04043419,0.04867973,107668.70487501996,7.709356432556493e-17,2.341615867130071
GALAXY,0.53289,0.000133796,22.77862,0.2637002,0.09171559,20.54355,0.04885977,0.06344842,120798.62192718867,2.199936398081506e-17,4.3834862870318325
GALAXY,0.5996373,0.000142797,22.23877,0.2047291,0.1017292,20.42243,0.06013988,0.0703758,131314.807512132,3.617013462479516e-17,3.4186107368007295
GALAXY,0.3729555,9.01e-05,20.94646,0.05990325,0.06276686,19.22973,0.02142476,0.04342182,91964.55445226308,1.1892526428150722e-16,1.885331189719216
GALAXY,0.07187595,2e-05,17.78879,0.006574033000000001,0.04896018,16.81399,0.004779172,0.03387043,20775.34267101001,2.1794259878969433e-15,0.4404064311841408
GALAXY,0.533464,0.000127033,22.54743,0.1237921,0.06344131,20.66434,0.03951889,0.04388841,120892.6227167251,2.7219874919320967e-17,3.940775117129459
GALAXY,0.5598152,0.000291428,21.97171,0.1938218,0.05960307,20.42484,0.07407996,0.04123313,125140.31148570708,4.625664447354588e-17,3.0229965551479645
GALAXY,0.27546859999999995,4.61e-05,20.2007,0.02961025,0.045922500000000005,18.59134,0.01185744,0.03176897,71537.42649565174,2.3636225528046583e-16,1.3373209626679616
GALAXY,0.4735723,0.00013272299999999998,21.62606,0.1054077,0.06868013,19.71697,0.03207651,0.04751259,110733.36139106215,6.359663326690455e-17,2.5781468580283473
GALAXY,0.5029471,0.000133705,22.17205,0.13114320000000002,0.01084807,20.64616,0.05190244,0.007504645,115805.80053294943,3.846255455033555e-17,3.315168844269107
GALAXY,0.07175503,1.01e-05,18.19559,0.008831968,0.04692852,17.43958,0.007018225,0.03246493,20741.682870139848,1.4983805439198508e-15,0.5311456784398765
GALAXY,0.5749411999999999,0.00023443400000000005,23.20737,0.3805237,0.08591887,20.98474,0.08633105,0.05943828,127519.71279985829,1.4822113181221474e-17,5.340349153851414
GALAXY,0.4356032,0.000132619,21.18072,0.08047763,0.04746437,19.37241,0.02712601,0.03283563,103910.90704459742,9.584514642495498e-17,2.100098439761668
GALAXY,0.5020391,0.00016691900000000002,22.38515,0.1155338,0.1346665,20.70283,0.04147319,0.09316163,115651.62549512449,3.160808067903375e-17,3.6570058265251437
GALAXY,0.531055,0.000134685,22.6938,0.15354520000000002,0.08478788,20.94398,0.05143342,0.05865586,120497.68738954287,2.378691524835925e-17,4.2155636622392
GALAXY,0.21815170000000006,3.83e-05,18.59725,0.01547547,0.0419264,17.17106,0.007079025,0.02900449,58403.32416648172,1.0350423627907656e-15,0.6390659113114149
GALAXY,0.5149465,0.000149665,22.34534,0.1273357,0.04026611,20.84485,0.05043724,0.02785591,117827.82345873071,3.278854349261087e-17,3.5905721027753152
GALAXY,0.3193373,7.509999999999998e-05,22.75949,0.13614820000000002,0.02632429,21.55165,0.07763454,0.01821102,81017.81816681106,2.239041407325778e-17,4.345038733430103
GALAXY,0.4519234,8.759999999999999e-05,21.23556,0.06316246,0.0603467,19.50468,0.02197113,0.04174757,106880.88070448212,9.112428322147929e-17,2.1538113055305446
GALAXY,0.07006951,1.42e-05,16.10187,0.003158268,0.07780626,15.25776,0.002700701,0.05382601,20272.044182771184,1.0306474313115476e-14,0.20252080839615783
GALAXY,0.01198012,1.58e-05,17.84393,0.00941487,0.1093406,17.44051,0.009086563,0.07564133,3570.037549672882,2.071505664480419e-15,0.4517328278303979
GALAXY,0.5415838000000001,0.000142951,22.09192,0.1269799,0.1077931,20.56411,0.04767578,0.07457074,122215.57105029808,4.140855973404793e-17,3.195064664979696
GALAXY,0.3723884,0.000128546,20.84444,0.1085565,0.13616070000000002,19.1718,0.0392634,0.09419534,91852.34024498839,1.3064179087531953e-16,1.7988032032679182
GALAXY,0.1040741,2.24e-05,18.38147,0.008685607,0.3145461,17.26132,0.005551957,0.2176015,29584.96665682313,1.2626126181180768e-15,0.5786149522789859
GALAXY,0.3778921,9.48e-05,20.96085,0.05822981,0.05862294,19.22566,0.01965134,0.04055507,92938.22501536485,1.1735946612346962e-16,1.8978664664295548
GALAXY,0.10633030000000003,3.21e-05,18.786720000000006,0.009983342,0.0820125,17.76369,0.006854391,0.05673587,30190.891041041607,8.693008918862764e-16,0.6973320918353665
GALAXY,0.6112041,0.000141769,22.70868,0.1763907,0.04127112,20.85772,0.05333544,0.02855117,133054.8396633617,2.3463139634628923e-17,4.244549984587737
GALAXY,0.5902550999999999,0.000189202,23.08464,0.2390862,0.07167745,21.16519,0.06592663,0.04958613,129885.97186205263,1.6595950285821017e-17,5.046887828644519
GALAXY,0.09417346,2.37e-05,17.25509,0.006346785,0.07543872,16.36799,0.004706122,0.05218816,26908.483045398574,3.563051709673303e-15,0.3444400568807721
GALAXY,0.05236755,6.67e-06,16.29745,0.004129895,0.2100637,15.73045,0.003887313,0.1453211,15288.861972624363,8.60752167912532e-15,0.22160811124110874
GALAXY,0.4475392,8.109999999999999e-05,20.78029,0.05518025,0.08932480000000001,18.99544,0.01855642,0.06179449,106088.6464273735,1.3859326472684082e-16,1.7464399296162025
GALAXY,0.5443518,9.51e-05,22.0403,0.08539209,0.02778699,20.67643,0.04314981,0.01922291,122663.67402311251,4.342482982618476e-17,3.12000760261775
GALAXY,0.15157839999999995,2.54e-05,18.56431,0.009285947,0.1296499,17.3865,0.005747609,0.08969118,42032.061398694095,1.0669255739873645e-15,0.6294448031849851
GALAXY,0.3300099,8.88e-05,21.024,0.05145126,0.07155035,19.40689,0.01907481,0.0494982,83251.87740874443,1.1072817071289423e-16,1.9538699440021328
GALAXY,0.4725893,0.000179433,23.20371,0.3129909,0.15452570000000002,21.00957,0.07427096,0.1069002,110560.55837775882,1.487216260666692e-17,5.331355617933844
GALAXY,0.13728710000000002,7.499999999999999e-06,18.83655,0.01308278,0.1538756,18.14959,0.01241379,0.1064504,38355.648882403286,8.303059023954289e-16,0.71351918076758
GALAXY,0.4832564,4.33e-05,21.45239,0.06635452,0.13683470000000006,20.14126,0.03634975,0.0946616,112425.07290800242,7.462805539043809e-17,2.3799818893805336
GALAXY,0.6619579000000001,0.000128135,23.5332,0.3763498,0.2026532,21.25925,0.08563761,0.1401945,140417.56931569488,1.0979387806387577e-17,6.204912367183364
GALAXY,0.6067321,0.000140151,23.65417,0.3560036,0.2867075,21.57406,0.1026144,0.1983429,132384.89769218062,9.821778261935026e-18,6.560389914403851
GALAXY,0.1094423,3e-05,18.91775,0.0135967,0.07110254,17.92781,0.008998431999999999,0.04918841,31024.216096458105,7.704742437038071e-16,0.7407056412608717
GALAXY,0.5959232,7.859999999999999e-05,20.65991,0.07641196,0.1206577,19.64268,0.047756900000000005,0.08347044,130751.05912321726,1.5484390855451768e-16,1.6522571970231057
GALAXY,0.08781900000000001,6.98e-06,18.48737,0.01075287,0.0809866,17.879089999999994,0.009241574,0.05602616,25175.53104901306,1.1452759085220881e-15,0.6075326913245452
GALAXY,0.05899815,8.45e-06,17.04778,0.005230845,0.09589285,16.59517,0.00490359,0.06633823,17166.300418053284,4.312668981599999e-15,0.31307735226403516
GALAXY,0.6056648,0.000153593,22.94198,0.4692855,0.4219954000000001,20.49105,0.0846086,0.2919345,132224.48782280076,1.8926317667528995e-17,4.72597752849215
GALAXY,0.36008340000000005,5.67e-05,22.00582,0.08899167,0.1460415,20.88462,0.05601659,0.1010309,89399.00376000554,4.4826014286140966e-17,3.070857417685721
GALAXY,0.1249532,1.16e-05,17.56727,0.005844395,0.1397614,16.769370000000002,0.004705667,0.0966863,35135.781026350924,2.6726994556581217e-15,0.39769456173639106
GALAXY,0.5013884,0.000151735,22.11956,0.131328,0.08913857,20.2998,0.04130312,0.06166565,115541.0374430753,4.0367711112860355e-17,3.235993587072332
GALAXY,0.103799,6.85e-06,18.05114,0.007804228000000002,0.09864173,17.55604,0.007379839,0.06823989999999999,29510.984384972737,1.7115993985537915e-15,0.496962538310722
GALAXY,0.03014077,1.13e-05,15.680279999999998,0.002802599,0.1238605,14.85544,0.002473209,0.08568610000000003,8899.859913489781,1.51965892556431e-14,0.16678295040588795
GALAXY,0.1895346,2.62e-05,19.37818,0.04136493,0.08828817,17.9745,0.008338999,0.06107735,51516.36606096931,5.041805935500601e-16,0.915654538336893
GALAXY,0.4712202999999999,0.00011767,21.57721,0.1035934,0.1246201,19.75046,0.03319443,0.08621158,110319.56567043022,6.652335211255844e-17,2.5207957170409965
GALAXY,0.5126559,0.000202414,21.88849,0.145014,0.08632661,20.36231,0.04751252,0.05972035,117444.03987996631,4.99415624301291e-17,2.9093344682608073
GALAXY,0.3840615,4.66e-05,20.42578,0.03031545,0.03512598,18.69899,0.01211788,0.02429999,94147.12917096581,1.9210829837729763e-16,1.483377380349389
GALAXY,0.3476835,6.38e-05,21.08251,0.04505961,0.05776165,19.31789,0.01724108,0.03995924,86890.64096122685,1.0491899579555596e-16,2.007232370859262
GALAXY,0.5462629,0.000135091,22.43985,0.1322243,0.06486245,20.77263,0.04877841,0.04487155,122972.20496760929,3.0055096394587656e-17,3.7502969118300293
GALAXY,0.4003029000000001,0.000109114,21.72338,0.07858765,0.05132505,20.26323,0.03488222,0.03550643,97288.01565104918,5.814416327882185e-17,2.69632136070385
GALAXY,0.14246170000000002,2.82e-05,18.44133,0.01162695,0.1073432,17.2738,0.00683392,0.07425951,39693.53261602213,1.1948850439110157e-15,0.5947872526949467
GALAXY,0.34808779999999995,0.00013063200000000002,20.79236,0.05078119,0.06305762,19.01262,0.01617294,0.04362297,86973.00294204494,1.3706107229912624e-16,1.7561744411904099
GALAXY,0.5608433,0.000137286,22.54988,0.18515,0.08509579,20.71472,0.05312813,0.05886887,125303.38111305953,2.7158521611590412e-17,3.945223871667719
GALAXY,0.24569320000000006,4.9e-05,21.33256,0.06655728,0.1066752,20.11851,0.03618614,0.07379738,64822.51496370038,8.333628285330596e-17,2.2522036204841713
GALAXY,0.3576069000000001,7.890000000000001e-05,20.41991,0.03579348,0.06513623,18.64084,0.01316496,0.04506094,88900.94690647085,1.9314973881184723e-16,1.4793728778402218
GALAXY,0.5404066999999999,0.00013492200000000002,21.99543,0.1171326,0.05102745,20.38887,0.04169041,0.03530055,122024.57090150112,4.52570378464514e-17,3.0561991618107722
GALAXY,0.4931239000000001,0.000104292,22.10904,0.12484660000000003,0.04996891,20.42096,0.03935618,0.03456826,114129.05551992671,4.07607461288078e-17,3.2203542802080793
GALAXY,0.4180916,0.000117109,21.40847,0.07827181,0.0967948,19.43428,0.02298457,0.0669622,100659.89581559511,7.770878616549721e-17,2.3323281406273826
GALAXY,0.187691,3.15e-05,18.96433,0.01223914,0.04102805,17.665010000000006,0.007066465,0.02838301,51064.98320436434,7.381185589783633e-16,0.7567660704650585
GALAXY,0.5277668000000001,0.000121195,22.00791,0.08416624,0.03617186,20.37114,0.03391626,0.02502353,119956.80215099659,4.473980894826222e-17,3.0738144811097827
GALAXY,0.4831416,0.000120067,22.68575,0.1746896,0.05205932,20.7688,0.04926784,0.0360144,112405.13154588912,2.3963934573344825e-17,4.199964816412034
GALAXY,0.51384,7.269999999999999e-05,21.75178,0.1161124,0.05273518,20.44609,0.05598947,0.03648195,117642.56190674737,5.664298412007829e-17,2.731817308089733
GALAXY,0.05621782,1.27e-05,16.50141,0.003858122,0.05738216,15.62128,0.0030447340000000003,0.03969671,16380.647618485384,7.133359721528837e-15,0.2434319916377341
GALAXY,0.1622277,4.06e-05,18.94726,0.01255283,0.147651,17.761670000000006,0.007386187,0.1021443,44733.8631498547,7.498150017234269e-16,0.7508404343850058
GALAXY,0.5742221,0.000188982,21.45327,0.08528104,0.08488122,20.22228,0.04516277,0.05872043,127407.54980728854,7.45675931147391e-17,2.3809465843453816
GALAXY,0.3576805,7.509999999999998e-05,20.83683,0.04597124,0.04859694,19.01369,0.01620314,0.03361914,88915.7697181598,1.3156068473824186e-16,1.7925102687064718
GALAXY,0.5238993,0.000136168,22.26227,0.1491692,0.06137474,20.53124,0.04906746,0.04245876,119317.93827074514,3.5395669002201916e-17,3.4558083709128353
GALAXY,0.5076542,3.86e-05,22.18633,0.1407155,0.2424427,21.08183,0.07711259,0.1677207,116602.40765073715,3.795999313408109e-17,3.3370418429441373
GALAXY,0.5443514,0.000120775,21.85675,0.09313897,0.1525878,20.24709,0.03609946,0.1055595,122663.60937379992,5.14230847274741e-17,2.867118561186572
GALAXY,0.4561209,0.000183216,21.93746,0.1121079,0.14200839999999998,20.20441,0.03670372,0.09824076,107635.54764168088,4.773908878557381e-17,2.975689772311299
GALAXY,0.1916334,3.72e-05,18.91196,0.01386426,0.2393063,17.537760000000002,0.00695831,0.165551,52029.088581547454,7.745939939045235e-16,0.7387332592675646
GALAXY,0.2990928,5.22e-05,20.4166,0.03818712,0.05460363,18.69865,0.01425595,0.03777454,76702.88988820046,1.9373947797229276e-16,1.4771195708059481
GALAXY,0.4966685,8.759999999999999e-05,21.2339,0.1023707,0.16762960000000002,19.39199,0.03353661,0.1159654,114736.3332242825,9.126371120151599e-17,2.1521654358866726
GALAXY,0.15252979999999994,2.87e-05,18.308020000000006,0.008041305,0.09884047,17.160610000000002,0.005122277,0.06837738,42274.74398675247,1.3509837498819133e-15,0.5593706202965714
GALAXY,0.2661175,4.24e-05,19.49544,0.01903066,0.142645,18.04029,0.008745296999999999,0.09868112,69453.39254610494,4.525662101564813e-16,0.966459484142108
GALAXY,0.769408,0.000314518,23.37178,0.3427284,0.06483407,21.76312,0.12550039999999998,0.04485191,154642.79253962598,1.273931643235452e-17,5.760386876312991
GALAXY,0.8643728,4.71e-05,21.83947,0.06365637,0.02736625,20.99418,0.04234555,0.01893185,165833.5224085819,5.224805467292401e-17,2.84439333467538
GALAXY,0.05163781,1.63e-05,16.8797,0.004708829,0.1200007,16.03006,0.003722774,0.08301594,15081.4392497436,5.0347524881552625e-15,0.289758144736668
GALAXY,0.8193266,0.000441744,22.8569,0.3260599,0.103891,21.55809,0.1601925,0.07187131,160675.99109988275,2.0469070660015462e-17,4.54439059414266
GALAXY,0.1113109,2.08e-05,21.92156,0.07583833,0.2545685,21.56002,0.0843237,0.1761093,31523.23241573903,4.844334519846764e-17,2.9539806917066818
GALAXY,0.3558333,0.000101073,20.24212,0.03773144,0.07060686,18.4556,0.01377205,0.0488455,88543.36198757122,2.2751504733355444e-16,1.3630746853637312
GALAXY,0.15588970000000002,3.84e-05,18.67518,0.01059819,0.1187786,17.4879,0.006573399000000001,0.08217049,43129.73253455967,9.633544884978757e-16,0.6624172788225403
GALAXY,0.04682966,1.05e-05,16.03942,0.0031524070000000003,0.1301042,15.15646,0.002599814,0.09000547,13710.797856754523,1.0916668566869545e-14,0.19677940917487471
GALAXY,0.5925673,0.000151337,21.61007,0.12169080000000003,0.1064427,20.05694,0.05005775,0.07363655,130239.56373131217,6.454017300105292e-17,2.5592319697003374
GALAXY,0.1186144,9.69e-06,17.184639999999998,0.0050461790000000005,0.06620927,16.70059,0.004692359,0.04580327,33463.93589578308,3.801912567672939e-15,0.33344457212147194
GALAXY,0.5922621,0.000126659,21.55279,0.08098134,0.09240437,20.12258,0.03314739,0.06392492,130192.94614217662,6.803652523610819e-17,2.492606092937927
GALAXY,0.03073933,1.21e-05,15.73528,0.003734309,0.09993521,14.91383,0.003070282,0.06913471,9073.846282420367,1.4445950593639804e-14,0.17106125434969235
GALAXY,0.2308233,3.41e-05,18.48425,0.01274406,0.1026532,17.12951,0.006632776,0.07101504,61381.89761139724,1.1485717365954808e-15,0.6066604072008583
GALAXY,0.5011114000000001,0.00014340700000000002,21.85046,0.1125289,0.07721813,20.34161,0.04921055,0.05341914,115493.93485638058,5.1721858903949987e-17,2.8588255331443033
GALAXY,0.5716038,0.000188701,21.31966,0.1051747,0.06543835,19.69069,0.03831762,0.04526995,126998.35364377542,8.433233498672836e-17,2.2388636863406877
GALAXY,0.1844686,4.01e-05,19.03368,0.01334585,0.06710305,17.773139999999994,0.007672936999999999,0.04642158,50273.75909279996,6.924463417627903e-16,0.7813248770464574
GALAXY,0.06259324,6.92e-06,16.726229999999994,0.004039875,0.1139344,16.217570000000002,0.003794387,0.07881929,18178.781481393853,5.7991738073072115e-15,0.26998625343853333
GALAXY,0.651985,9.72e-05,21.55789,0.0777337,0.06574248,20.83399,0.0626923,0.04548034,139005.07191833612,6.771768848096061e-17,2.4984671994338568
GALAXY,0.05176241,1.56e-05,17.12204,0.004622414,0.07500004,16.30418,0.00375538,0.05188468,15116.867015537971,4.027560985098852e-15,0.323969146900791
GALAXY,0.08988249,1.7199999999999998e-05,17.04716,0.00500697,0.1023091,16.3572,0.0040413770000000005,0.07077698,25739.57338025612,4.315132396140925e-15,0.3129879750058743
GALAXY,0.2437078,3.4200000000000005e-05,19.2645,0.01781856,0.13777979999999998,17.76378,0.008179664,0.0953154,64366.521311222066,5.598325234734914e-16,0.8689517301678055
GALAXY,0.396648,5.6100000000000015e-05,20.88554,0.04700346,0.05921245,19.22921,0.01822932,0.0409629,96586.42986003848,1.2578884377693822e-16,1.8331738450145354
GALAXY,0.3988823,9.25e-05,21.60021,0.08242307,0.07872701,19.63287,0.02542377,0.05446298,97015.67935952559,6.512895728963e-17,2.5476376138711676
GALAXY,0.2759252,3.68e-05,19.471020000000006,0.01730914,0.1148421,17.95961,0.008767394,0.07944727,71638.6102667423,4.628605053789596e-16,0.9556517342777945
GALAXY,0.6643229,0.00024145,22.73585,0.1774981,0.06897218,21.47581,0.08058851,0.04771463,140750.13081679292,2.2883272125133216e-17,4.297992489771468
GALAXY,0.1394736,3.33e-05,18.65464,0.01082218,0.04809698,17.58635,0.007342837,0.03327326,38921.89856704298,9.81752747177517e-16,0.6561810018550104
GALAXY,0.4091736,0.000100923,21.0304,0.05647557,0.08438676,19.2503,0.01956728,0.05837837,98978.30660142146,1.1007739039762208e-16,1.9596370969305976
GALAXY,0.08596813,1.13e-05,17.39719,0.004620256,0.05077915,16.50141,0.003722469,0.03512878,24668.542819294165,3.1259507058457907e-15,0.3677338869561793
GALAXY,0.0177386,8.46e-06,15.68,0.00456578,0.09326126,15.13544,0.004277339000000001,0.06451771,5270.739748473159,1.52005088022935e-14,0.16676144600397677
GALAXY,0.4979794,0.000122066,21.77883,0.1062472,0.09751989,20.15077,0.0411189,0.06746381,114960.28044412579,5.524921670582744e-17,2.766060356048875
GALAXY,0.0541461,1.16e-05,17.117520000000006,0.00483497,0.1919066,16.313860000000002,0.003761888,0.13276010000000002,15793.73689851552,4.0443629685902026e-15,0.32329549451864537
GALAXY,0.1927994,3.74e-05,19.2317,0.01453685,0.06155732,17.79103,0.007417720999999999,0.04258506,52313.40927887811,5.770030717751993e-16,0.8559248832686701
GALAXY,0.1868985,2.55e-05,18.91265,0.01084532,0.06832219,17.68962,0.006668278000000001,0.04726498,50870.6603841649,7.741018853628455e-16,0.7389680340405128
GALAXY,0.1001311,8.62e-06,18.38092,0.008824034,0.1031874,17.663529999999994,0.007215693,0.07138459,28522.470828992802,1.2632523802045182e-15,0.5784684167193457
GALAXY,0.7034642,0.000130028,21.78399,0.1076483,0.0670401,20.9797,0.08201391,0.04637803,146123.27722197698,5.498726579336686e-17,2.7726410719250754
GALAXY,0.6597807,0.000144749,22.63297,0.2035649,0.09813689,21.186120000000006,0.08824841,0.06789064,140110.6045423261,2.5157653151022838e-17,4.099110750104807
GALAXY,0.485345,0.000114087,22.30499,0.1233835,0.09642438,20.56656,0.04362472,0.06670593,112787.40250105492,3.403001379925502e-17,3.5244686531518274
GALAXY,0.08844081,1.63e-05,18.76989,0.01090604,0.1994249,17.76154,0.007369975,0.1379612,25345.63063749851,8.828809074984772e-16,0.69194830892425
GALAXY,0.5318506,0.00014309,22.06934,0.15524949999999998,0.0540242,20.16771,0.04455649,0.03737369,120628.24331299202,4.227874869451923e-17,3.162013008455897
GALAXY,0.1198165,2.37e-05,18.08518,0.008171282,0.04017531,17.14988,0.00557656,0.0277931,33781.8795618406,1.658769820316213e-15,0.5048143040688085
GALAXY,0.4929744,0.000148818,22.29551,0.12034949999999997,0.1850549,20.71974,0.04334441,0.1280201,114103.38662077177,3.4328444516108435e-17,3.509115413856827
GALAXY,0.4585975000000001,8.89e-05,21.60509,0.07124107,0.1312779,20.22158,0.03187189,0.09081747,108079.06460412216,6.48368825536425e-17,2.553369416799875
GALAXY,0.02972814,1.59e-05,15.83628,0.00362492,0.1055642,15.12544,0.003097262,0.07302885,8779.856347903904,1.3162734614883925e-14,0.17920563113824325
GALAXY,0.6531759,0.00013533,22.478620000000006,0.1721027,0.231833,21.23065,0.08504606,0.160381,139174.6083294315,2.900080981166438e-17,3.8178569530765065
GALAXY,0.6352966999999999,0.000234034,23.19269,0.2851794,0.09404884,20.9779,0.06390359,0.06506255,136604.36713163398,1.5023880660772607e-17,5.304368071833867
GALAXY,0.735005,0.000214127,23.30741,0.3862944,0.33838820000000003,21.18022,0.09815869,0.2340954,150279.0711104864,1.3517429873740058e-17,5.592135065543249
GALAXY,0.5805826999999999,0.00017953400000000002,22.31425,0.1799954,0.258067,20.33079,0.04945819,0.1785295,128396.37611176047,3.374101362262537e-17,3.539530445380587
GALAXY,0.3782947,0.0001073,21.66526,0.07902973,0.422694,19.73813,0.02366482,0.2924177,93017.3829255663,6.134146235970063e-17,2.62511088196379
GALAXY,0.4527591,0.000170113,21.66268,0.1216024,0.1749562,20.10713,0.04600742,0.1210339,107031.42901969586,6.148739942659664e-17,2.6219937508639855
GALAXY,0.6717506999999999,0.00027599,23.72053,0.4159666,0.3102505,21.92833,0.13149879999999994,0.2146299,141788.67584510215,9.239450119449482e-18,6.763969681647507
GALAXY,0.3657068,2.26e-05,20.772920000000006,0.03301425,0.353168,19.91344,0.02270392,0.24432,90524.5814985095,1.3953723893170388e-16,1.740522541803154
GALAXY,0.10911289999999997,5.33e-06,18.442120000000006,0.01025289,0.2784132,17.97586,0.009363506,0.192605,30936.14339315658,1.1940159415972918e-15,0.5950036806870523
GALAXY,0.4185622000000001,9.97e-05,21.53105,0.07416325,0.09943489,19.753020000000006,0.02507251,0.0687886,100748.14274848823,6.941257012029139e-17,2.4677755228797316
GALAXY,0.3563101,9.56e-05,21.43455,0.06628304,0.4134794,19.49159,0.02147318,0.2860432,88639.56531448419,7.586441708413933e-17,2.3605089546550575
GALAXY,0.459989,0.000177502,21.36934,0.1219527,0.09457387,19.48451,0.03842852,0.06542577,108327.690524855,8.056049484204653e-17,2.290675929550352
GALAXY,0.4724061,0.000128345,21.97853,0.08486449,0.07169634,20.36536,0.03702331,0.0495992,110528.33121696264,4.5966996233576276e-17,3.032505884511199
GALAXY,0.3770426,0.000102645,20.78764,0.05628402,0.1101327,19.00981,0.01986881,0.07618931,92771.07608193946,1.376582122744573e-16,1.752361295307584
GALAXY,0.4973175,0.00017974,22.07858,0.1111016,0.07006331,20.4559,0.04126246,0.04846947,114847.24823208897,4.192046826429537e-17,3.1754966014735873
GALAXY,0.17056029999999994,6.99e-06,18.39688,0.008137261,0.09221961,17.6302,0.006477691,0.0637971,46825.607883298384,1.2448187613980696e-15,0.5827357366211496
GALAXY,0.4250871,6.59e-05,21.27001,0.06701563,0.06473153,19.46398,0.02143676,0.04478098,101966.66061088143,8.827833332867286e-17,2.188253603324208
GALAXY,0.05524335,7.48e-06,18.29094,0.008148865,0.05452826,17.63766,0.006724106,0.0377224,16104.742760179617,1.3724044740919345e-15,0.5549880759181015
GALAXY,0.04211622,2.87e-05,18.59622,0.009106182,0.08332942,17.807920000000006,0.007089199,0.057646900000000015,12360.468869383149,1.0360247372126901e-15,0.6387628534421891
GALAXY,0.5698968000000001,5.05e-05,22.01844,0.08758672,0.08828179,20.6245,0.04057115,0.06107293,126730.89939548167,4.430799777217899e-17,3.088756357295352
GALAXY,0.11012910000000002,1.5e-05,16.25806,0.003339323,0.0803453,15.21234,0.002621158,0.05558251,31207.746469129746,8.92553228429841e-15,0.21762443283209795
GALAXY,0.4938798,0.000117125,22.14666,0.1343568,0.1265395,20.43607,0.04365467,0.08753942,114258.77299388376,3.9372602764653564e-17,3.276631879012429
GALAXY,0.1385337,2.65e-05,18.09373,0.008365314,0.07174382,17.09706,0.005744389,0.04963204,38678.65522501943,1.6457585696996844e-15,0.5068058885426641
GALAXY,0.7209116999999999,0.000130615,22.26608,0.1995578,0.13308670000000006,20.95424,0.1000105,0.09206879,148440.8729931137,3.527167833306948e-17,3.4618771505481916
GALAXY,0.3923902,6.659999999999999e-05,21.18489,0.06651768,0.1311066,19.36612,0.02123235,0.09069897,95765.2966899778,9.547773883215852e-17,2.104135251149778
GALAXY,0.17196029999999998,3.12e-05,18.78371,0.0122899,0.1265724,17.57111,0.006758067,0.08756222,47175.14032299344,8.717142092625934e-16,0.6963661502423326
GALAXY,0.5783399,0.000182205,22.36642,0.15895610000000002,0.1225261,21.1776,0.07340975,0.08476302,128048.55089679552,3.215808103144786e-17,3.6255980306064313
GALAXY,0.1752418,9.73e-06,18.43013,0.008998062,0.08468269,17.7709,0.0075479230000000015,0.05858309,47992.27071409123,1.207274771379004e-15,0.5917273625089559
GALAXY,0.04477471,9.51e-06,16.53787,0.00422547,0.08105811,15.91606,0.003772678,0.05607563,13122.900246210322,6.8977924914268434e-15,0.24755383138103593
GALAXY,0.06690653,9.97e-06,17.89767,0.007763973,0.05614249,17.30698,0.00603627,0.03883911,19388.469797998645,1.9714697840752457e-15,0.46305188052523216
GALAXY,0.6699281,0.000133277,22.39795,0.1760741,0.03681364,20.88308,0.07168572,0.0254675,141534.67337759904,3.123763350175133e-17,3.678626137436749
GALAXY,0.5709858,0.000233988,22.32996,0.1420375,0.08429854,20.66967,0.0458049,0.05831734,126901.5868328475,3.3256315007518776e-17,3.565230820887165
GALAXY,0.4436162,0.00011175,21.86543,0.101413,0.09686884,20.14123,0.03280648,0.06701341,105376.26984344324,5.101361793455877e-17,2.8786021954113963
GALAXY,0.1548255,8.24e-06,18.22972,0.008792168000000001,0.07704969,17.59529,0.007502378,0.05330262,42859.27319758863,1.452011731337593e-15,0.5395598835647402
GALAXY,0.1768619,2.63e-05,18.56985,0.01116756,0.07439607,17.3852,0.006707975,0.05146686,48394.58479827291,1.061495421304333e-15,0.6310527334849055
GALAXY,0.3059998,6.43e-05,20.45417,0.04379604,0.09088596,18.83315,0.01790875,0.06287449,78186.50961413486,1.8715012658662425e-16,1.5028985044451764
GALAXY,0.5091824,0.000124201,21.87384,0.1042934,0.06642886,20.426,0.0428909,0.04595518,116860.08351337828,5.061999817950977e-17,2.8897724894128176
GALAXY,0.5591781,0.00016605,22.44057,0.1393224,0.1465247,21.02297,0.055520500000000014,0.1013651,125039.16037508375,3.003517212957654e-17,3.751540612404867
GALAXY,0.5794868000000001,0.00017018,22.92444,0.2086807,0.10829560000000002,21.08045,0.06545593,0.07491837,128226.53266712671,1.923455420459317e-17,4.687957353946094
GALAXY,0.05481233,1.4300000000000004e-05,16.9636,0.005066281,0.1094562,16.23651,0.004147438,0.07572126,15982.616623161593,4.660345611662453e-15,0.3011727345893027
GALAXY,0.04773905,1.02e-05,16.219720000000002,0.003336382,0.09185157,15.59719,0.00306941,0.06354249,13970.562237584516,9.246345668215314e-15,0.21381573002212861
GALAXY,0.4587717000000001,0.000121511,20.60307,0.05210008,0.1077731,18.85872,0.01763986,0.07455691,108110.21210375412,1.6316617215824726e-16,1.609569197364774
GALAXY,0.5364473000000001,0.000255347,22.460420000000006,0.2206312,0.07774955,20.58378,0.07052513,0.05378678,121380.15882649834,2.949104251312231e-17,3.7859916542321366
GALAXY,0.5746017,0.000225497,22.60273,0.3454233,0.4606619000000001,20.68009,0.09538977,0.3186838,127466.77045135303,2.586819494704791e-17,4.042422032473405
GALAXY,0.09603473,2.03e-05,17.4177,0.005654078000000001,0.2824837,16.38205,0.004003939000000001,0.1954209,27413.836370784,3.067454469698779e-15,0.3712236634365045
GALAXY,0.1676642,3.27e-05,18.76154,0.01496505,0.1596971,17.607770000000006,0.008992464,0.1104777,46100.806772850825,8.896969980438734e-16,0.6892926574393092
GALAXY,0.32443520000000003,8.41e-06,22.44698,0.1242446,0.07438695,21.57167,0.07350304,0.05146055,82088.42042604173,2.9858372046203657e-17,3.7626311991711545
GALAXY,0.1929618,3.37e-05,18.91141,0.01272359,0.1711861,17.68051,0.007220552,0.1184258,52352.979613886215,7.749864783946785e-16,0.7385461733805768
GALAXY,0.08488467,1.98e-05,17.72665,0.006300020999999999,0.09327039,16.86124,0.004638143,0.06452402,24371.295319587032,2.3077997671848885e-15,0.4279821462139181
GALAXY,0.5186069000000001,0.00014076,22.78499,0.1814097,0.5965206999999999,20.7817,0.04963316,0.4126702,118438.9658437542,2.187067188890988e-17,4.39636409440762
GALAXY,0.251491,4.74e-05,22.65077,0.21101570000000006,0.9411762,21.13151,0.08647876,0.6511014,66148.17019238241,2.4748570867820147e-17,4.132850087936176
GALAXY,0.6762871,0.000161254,23.50388,0.5030183,0.753871,21.31417,0.10727910000000003,0.5215245,142418.54627242745,1.1279922744555321e-17,6.121694496023743
GALAXY,0.5313690999999999,0.000271759,22.57886,0.1651081,0.15742579999999998,20.98431,0.06646205,0.1089064,120549.24501588833,2.6443207029757487e-17,3.998228884108473
GALAXY,0.6807975,0.000197229,22.25264,0.1757609,0.1863915,20.63491,0.06950177,0.1289448,143041.51971745456,3.571100933085663e-17,3.4405165578718795
GALAXY,0.06394932,1.47e-05,18.11404,0.009554809,0.0812609,17.51962,0.008130937,0.05621592,18559.69671790037,1.6152588350708931e-15,0.511568332115749
GALAXY,0.4372470000000001,0.000131972,22.15899,0.1348647,0.08977568,20.48731,0.04849049,0.0621064,104212.64422021147,3.89280030132243e-17,3.295290089866309
GALAXY,0.02898348,8.65e-06,15.48858,0.002822713,0.09884623,14.66376,0.0023244710000000003,0.06838136,8563.160943666595,1.813118232777186e-14,0.15269037168568883
GALAXY,0.6601965,0.000226561,21.95746,0.2646575,0.08291699999999999,20.21869,0.08767293,0.0573616,140169.2886333585,4.686775221688559e-17,3.0032234907740474
GALAXY,0.3678369,9.61e-05,20.90367,0.07142033,0.4101386,19.21556,0.02574689,0.28373200000000004,90949.00434030412,1.237058179485403e-16,1.8485434038632802
GALAXY,0.0754697,1.84e-05,18.30997,0.008058906999999999,0.12680360000000002,17.3924,0.00583972,0.08772214,21773.741352650908,1.348559538561354e-15,0.5598731653037479
GALAXY,0.5929473000000001,0.000204876,23.37082,0.3584993,0.15029820000000002,21.92724,0.13397699999999998,0.10397560000000003,130297.58327059091,1.275058542388328e-17,5.757840793218818
GALAXY,0.3247662,7.46e-05,21.13995,0.1032321,0.2129414,19.17095,0.02836555,0.1473119,82157.71304650138,9.951261188170726e-17,2.061036354198881
GALAXY,0.380335,7.59e-05,21.07315,0.06955763,0.3079628,19.21512,0.02408139,0.2130473,93417.96447882085,1.0582739971383876e-16,1.998598937887266
GALAXY,0.3812655,7.45e-05,21.67009,0.09882823,0.20766479999999995,19.6216,0.03231885,0.1436616,93600.33499286306,6.106918514824921e-17,2.630956407430695
GALAXY,0.5479543,0.00012641,23.21256,0.3502276,0.340344,21.03759,0.09362604,0.2354484,123244.68875413194,1.4751430083151293e-17,5.353128298849154
GALAXY,0.5400574,5.68e-05,21.06469,0.06288691,0.1206656,20.03566,0.04687674,0.08347591,121967.84136561674,1.0665522229141423e-16,1.9908275967353992
GALAXY,0.6276986999999999,0.000241423,23.362,0.2845867,0.1169154,21.29886,0.08661722,0.08088157,135495.74796994874,1.2854586919429914e-17,5.734501257085595
GALAXY,0.6229150999999999,0.00017565900000000002,21.93094,0.169741,0.1501328,20.68003,0.10563319999999997,0.1038612,134792.70528524165,4.8026631291656346e-17,2.966768452761189
GALAXY,0.6362111,0.000138575,22.34015,0.1852699,0.17602779999999998,20.7213,0.08607834,0.1217752,136737.12398525758,3.2945653401426677e-17,3.5820005836626367
GALAXY,0.1127746,2.03e-05,17.76369,0.007331508,0.1028372,16.78988,0.005396191999999999,0.07114229,31913.410125478655,2.2303967582826067e-15,0.4353450916098975
GALAXY,0.4498713,0.00015273,21.326220000000006,0.09031051,0.08302751,19.79946,0.03896642,0.05743805,106510.57197361467,8.382433663261374e-17,2.245637501492502
GALAXY,0.4175597,0.000105349,21.78708,0.1077885,0.07368185,20.12363,0.04271681,0.05097276,100560.09495549802,5.4830994778991245e-17,2.7765893420044954
GALAXY,0.9060122,7.340000000000001e-05,22.8943,0.2134348,0.2216792,21.89762,0.1154955,0.1533567,170373.04899222718,1.9775985054870274e-17,4.623338080480291
GALAXY,0.5112441,0.000223299,22.35921,0.1463722,0.1180531,20.92636,0.05912833,0.08166859,117206.97995804698,3.237234239673406e-17,3.613579820261166
GALAXY,0.7367855,0.000277401,23.43893,0.376889,0.1530984,21.71477,0.13147979999999998,0.1059128,150509.18139438116,1.1975292368146871e-17,5.941302326789602
GALAXY,0.07945848,1.14e-05,18.18185,0.008435192,0.1006469,17.72697,0.007997369,0.06962703,22877.420304389125,1.5174630511651135e-15,0.5277954625520491
GALAXY,0.17756529999999998,9.11e-06,20.01037,0.01873256,0.08387309,19.34882,0.01505214,0.05802302,48569.02985555431,2.8165023971496647e-16,1.2250946753258873
GALAXY,0.1867681,3.46e-05,19.97916,0.01860522,0.09151684,19.16009,0.01388286,0.06331093,50838.6693499601,2.8986389602178883e-16,1.2076126460408345
GALAXY,0.02338204,9.02e-06,18.22317,0.008491531,0.06859834,17.80254,0.008224631,0.04745602,6927.8298936247365,1.4607978641493103e-15,0.5379348145814162
GALAXY,0.4058365,0.000199668,21.21334,0.1161134,0.14104029999999998,19.39171,0.03643046,0.097571,98344.50160261296,9.300838968230853e-17,2.131884403004273
GALAXY,0.108237,1.41e-05,18.30738,0.01197566,0.1121596,17.7707,0.01207663,0.07759146,30701.797728344412,1.3517803379290531e-15,0.5592057807875878
GALAXY,0.15200260000000002,3.5700000000000014e-05,18.42725,0.009505709,0.03986038,17.224629999999998,0.005659671999999999,0.02757523,42140.297822045824,1.2104814129635627e-15,0.5909430812158329
GALAXY,0.4966689,0.000177729,21.65284,0.08890942,0.07086087,20.04595,0.03618883,0.04902122,114736.4016109957,6.204719104290506e-17,2.6101390989427817
GALAXY,0.6745008000000001,0.000180017,22.69934,0.3064522,0.06243809,20.46139,0.06808954,0.04319438,142170.91873295224,2.366585096345867e-17,4.226332410363673
GALAXY,0.6110944,0.000390529,23.94939,0.8621003,0.05258715,21.73982,0.13088519999999998,0.03637955,133038.44767718654,7.48345454730886e-18,7.515772960405316
GALAXY,0.13630479999999998,2.43e-05,17.873089999999994,0.007578660999999999,0.17771610000000002,16.77851,0.0048629020000000005,0.1229431,38100.81184230616,2.016610969350521e-15,0.457839915007059
GALAXY,0.11878519999999998,1e-05,18.26378,0.0075634959999999985,0.05473253,17.534860000000002,0.00608203,0.03786371,33509.136305224085,1.407168566395463e-15,0.5480897146745276
GALAXY,0.15482120000000002,3.2e-05,18.78398,0.01069078,0.06172079,17.66389,0.006797369,0.04269816,42858.17973089835,8.714974590308359e-16,0.6964527415106914
GALAXY,0.6026434,0.000238031,22.44191,0.1831662,0.05935934,20.92175,0.07498049999999999,0.04106452,131769.29671658317,2.9998126017936355e-17,3.7538563755710643
GALAXY,0.1089729,1.86e-05,18.16126,0.01003278,0.07035974,17.53717,0.009662105,0.04867455,30898.70160015054,1.5465149591304424e-15,0.5228145340218556
GALAXY,0.2768659,5.34e-05,18.64397,0.01767832,0.11806300000000003,17.12715,0.008107365,0.0816754,71846.90325336232,9.914484204546312e-16,0.6529646230396555
GALAXY,0.13609200000000002,2.89e-05,18.4208,0.009827892,0.06630579,17.29496,0.006224986,0.04587003,38045.56894067156,1.2176938852678671e-15,0.5891903867679097
GALAXY,0.09627125,9.61e-06,18.40914,0.009267491,0.1674954,17.69605,0.007425969,0.1158725,27477.98126420518,1.2308414840547167e-15,0.5860351321660722
GALAXY,0.5329111999999999,0.000104035,21.8675,0.1133582,0.03542944,19.9153,0.03437038,0.02450992,120802.09486396334,5.0916451063826504e-17,2.8813475895273077
GALAXY,0.133322,2.97e-05,18.64326,0.009816418,0.06254958,17.600929999999995,0.006768071,0.04327151,37325.29233340027,9.92096974483709e-16,0.652751160001019
GALAXY,0.1659375,1.88e-05,17.69355,0.007634526,0.06414998,16.89157,0.00572267,0.04437866,45667.54902864814,2.379239301863256e-15,0.42150783554738785
GALAXY,0.5068511,0.000139257,21.69242,0.09286228,0.05614452,20.23578,0.04183244,0.03884052,116466.80752390895,5.98260218428838e-17,2.658151026092353
GALAXY,0.03375396,2.25e-05,17.87075,0.01128415,0.03068476,17.52414,0.011726899999999998,0.02122758,9948.49545228989,2.0209618958490625e-15,0.45734680795327015
GALAXY,0.07979435,3.8e-05,18.78901,0.01318602,0.17685150000000002,17.61779,0.007741271999999999,0.1223451,22970.139926869782,8.674693225330743e-16,0.6980678749873549
GALAXY,0.09045841,7.98e-06,17.99881,0.007530081,0.05686187,17.45973,0.006795719,0.03933677,25896.77442549912,1.7961149395111214e-15,0.48512946431109166
GALAXY,0.4104951,0.000108432,21.18382,0.07780308,0.06153041,19.40621,0.02641253,0.04256645,99228.6069915478,9.557187913704377e-17,2.1030986871568014
GALAXY,0.2341294,4.25e-05,19.65483,0.02656713,0.04905694,18.18741,0.01174653,0.03393736,62151.94923177431,3.907744182355132e-16,1.0400678029766008
GALAXY,0.4807469,9.89e-05,21.80127,0.1099552,0.08949321,20.02663,0.036800699999999985,0.06191099,111988.54318379774,5.411904511135401e-17,2.7947930350961214
GALAXY,0.56962,0.000198487,23.41652,0.33627690000000005,0.1166032,21.23289,0.07651515,0.08066554,126687.47954061045,1.2225035394949172e-17,5.880302286694635
GALAXY,0.4817251,0.000180315,22.44689,0.157605,0.18161,20.72358,0.04852501,0.125637,112158.85566331832,2.9860847200714395e-17,3.762475254389682
GALAXY,0.5195816,0.000107902,22.11399,0.12177839999999998,0.05797967,20.37663,0.03829197,0.04011007,118601.25817796448,4.057533603215848e-17,3.2277036420405922
GALAXY,0.2550085,5.06e-05,19.50482,0.02404068,0.3888778,18.00822,0.01056661,0.2690239,66948.1367799793,4.486731958992608e-16,0.970643280260603
GALAXY,0.4813704000000001,2.35e-05,21.58134,0.04665613,0.29927459999999995,20.82071,0.0380348,0.2070368,112097.12225774178,6.627078655887723e-17,2.525594669568032
GALAXY,0.4019141,2.61e-05,21.45538,0.1468342,0.1684671,20.5828,0.08638348,0.1165448,97596.34004463236,7.442282052980009e-17,2.383261252885853
GALAXY,0.08716879,2.3800000000000006e-05,18.45254,0.008057619,0.2287939,17.499029999999998,0.005763836,0.15827860000000002,24997.54098171425,1.1826115744355564e-15,0.5978657191917423
GALAXY,0.1427985,2.89e-05,19.49734,0.01620295,0.1169422,18.51387,0.01103127,0.08090006,39780.34649793241,4.517749278375514e-16,0.9673054891843106
GALAXY,0.5125993,0.000112041,21.78007,0.102348,0.1147877,20.14452,0.03787807,0.07940959,117434.543581291,5.518615357701893e-17,2.7676403412810453
GALAXY,0.07795945,1.32e-05,17.15847,0.005195402,0.1167046,16.39499,0.004368258,0.08073571,22463.195456718586,3.8946651566818735e-15,0.32945010650163603
GALAXY,0.4349178,0.000103957,20.8746,0.05641698,0.1954555,19.07167,0.01915706,0.1352152,103784.92158226187,1.2706271335004833e-16,1.8239614379871663
GALAXY,0.13650379999999998,2.44e-05,18.07803,0.009807932,0.07035371,17.02597,0.006982658,0.04867037,38152.46052356909,1.669729519443759e-15,0.5031548372440426
GALAXY,0.6297373,0.000293166,22.59827,0.2086126,0.04884227,20.63118,0.05857278,0.03378885,135794.16623721496,2.5974675174285902e-17,4.034127798702342
GALAXY,0.5092857,0.000120524,22.55648,0.232859,0.07079794,20.62129,0.06560066,0.04897768,116877.48458695224,2.6993930488203424e-17,3.957233275238599
GALAXY,0.3995265,8.329999999999999e-05,21.19054,0.08936117,0.08721948,19.3277,0.02798192,0.06033803,97139.23225291002,9.498217826298679e-17,2.109617173845502
GALAXY,0.02324924,1.0800000000000003e-05,14.50837,0.002009248,0.07422474,13.67964,0.001853265,0.05134833,6888.945217565619,4.4720857795161564e-14,0.09722314200914076
GALAXY,0.5682559,0.000194096,20.48918,0.07491526,0.09283154,19.3653,0.04229012,0.06422044,126473.29534854271,1.8121165434161596e-16,1.5273256742381978
GALAXY,0.09116241,2.25e-05,18.12131,0.008544646,0.09676863,17.22205,0.00621482,0.06694409,26088.80351130658,1.6044793248805827e-15,0.513283912019682
GALAXY,0.6004959,0.00028624900000000003,22.6533,0.20366070000000006,0.12656969999999998,20.57514,0.04653359,0.08756031,131444.7818651203,2.4690968488243772e-17,4.13766811108601
GALAXY,0.1157844,2.0600000000000006e-05,18.22938,0.008019024,0.13425610000000002,17.22464,0.005730764,0.09287774,32713.77688821369,1.4524665022971838e-15,0.5394754081652731
GALAXY,0.1140201,1.84e-05,18.56587,0.007839997,0.0635626,17.567970000000006,0.005396434,0.04397231,32244.93254052354,1.0653937021183535e-15,0.6298971629234813
GALAXY,0.5983565,0.000143012,22.48392,0.17181429999999998,0.07892087,21.0306,0.06385885,0.05459709,131120.677373418,2.88595878935096e-17,3.827186731164865
GALAXY,0.5085175999999999,0.000124904,21.64579,0.09880222,0.06674929,20.04595,0.03428317,0.04617685,116748.04601016857,6.245139232356088e-17,2.6016786454132586
GALAXY,0.01582831,8.96e-06,13.79972,0.001781184,0.08740176,13.00821,0.001667364,0.06046414,4707.658280045899,8.589544326320367e-14,0.0701519346138055
GALAXY,0.4628867,8.65e-05,20.414720000000006,0.0701301,0.09433871,18.71439,0.02307991,0.06526308,108844.12806260245,1.9407523700786692e-16,1.4758412754843229
GALAXY,0.5829012,0.000174361,22.43517,0.1916656,0.1473614,20.96562,0.06624127,0.101944,128754.97934891323,3.018492667482579e-17,3.7422229020010183
GALAXY,0.2077382,2.89e-05,18.90218,0.01259974,0.118693,17.6046,0.006899073,0.08211125,55923.09350539011,7.816028336202966e-16,0.7354135919829573
GALAXY,0.5382854,0.000281604,21.33782,0.09298793,0.08626018,20.25068,0.05440837,0.05967439,121679.6924911415,8.293352504016518e-17,2.2576657901614623
GALAXY,0.4614184,0.000103682,21.60048,0.07699385,0.1643906,19.91227,0.02993115,0.1137246,108582.66353285237,6.511276308694676e-17,2.547954405794823
GALAXY,0.1079138,2.29e-05,17.70932,0.006548448,0.07448927,16.71933,0.004697835,0.05153134,30615.26969374573,2.3449313085997737e-15,0.4245801168962692
GALAXY,0.4256528,8.05e-05,21.28441,0.05985129,0.0617319,19.58817,0.02122349,0.04270584,102071.86355817737,8.711523754756684e-17,2.2028131088137672
GALAXY,0.4858788,9.95e-05,21.45904,0.08290089,0.04522841,19.73527,0.02888267,0.0312888,112879.86276972067,7.417236472817478e-17,2.387281608535499
GALAXY,0.1201956,1.6800000000000002e-05,18.35891,0.01099279,0.08335944,17.656679999999994,0.007983806999999999,0.05766767,33882.06109550342,1.2891223120275363e-15,0.5726346878837711
GALAXY,0.01819355,5.47e-06,14.226870000000002,0.001931798,0.08213557,13.40816,0.001764371,0.05682101,5404.680697363675,5.795756423277649e-14,0.08540231677218962
GALAXY,0.4724784000000001,0.00011873,21.79578,0.1166722,0.04582743,19.91613,0.03321451,0.0317032,110541.0505192334,5.43933898352117e-17,2.787736056556191
GALAXY,0.818918,0.000115163,22.33318,0.09996212,0.1494808,21.61743,0.09014937,0.1034101,160627.99052279763,3.315783187907058e-17,3.5705214978848074
GALAXY,0.07276043,1.88e-05,17.91333,0.007032985,0.1198192,17.02587,0.005229837,0.08289037,21021.41879959635,1.943238584808491e-15,0.46640334048723076
GALAXY,0.1606992,2.56e-05,18.16768,0.008484774,0.121417,16.96888,0.005149822,0.08399574,44348.04143685678,1.5373973395906662e-15,0.5243625324768223
GALAXY,0.2442629,3.3100000000000005e-05,19.31843,0.01862506,0.05687848,17.93297,0.00925059,0.03934827,64494.11786970303,5.3270420527044e-16,0.8908029616835484
GALAXY,0.4751485,0.000146385,21.79801,0.1246914,0.09115737,20.10321,0.07317244,0.06306224,111010.02588884848,5.428178558229836e-17,2.7906004008490837
GALAXY,0.08995549,1.04e-05,17.66144,0.007308643,0.08913647,17.04342,0.006906296,0.0616642,25759.50458478516,2.450654712532423e-15,0.4153207716819661
GALAXY,0.4910139,0.000101247,21.77464,0.08535543,0.08086448,20.07613,0.030869,0.05594167,113766.35278601311,5.546284270041323e-17,2.7607282052038555
GALAXY,0.3287487,7.829999999999999e-05,20.74854,0.0480652,0.3830055,18.98025,0.01657987,0.2649614,82989.32438570164,1.427059645178513e-16,1.7210902815193994
GALAXY,0.3816438,6.42e-05,20.59262,0.05895883,0.3086465,18.92583,0.02013863,0.2135202,93674.4217076643,1.647441967684422e-16,1.6018419103034622
GALAXY,0.15982739999999998,2.18e-05,17.81762,0.009015612,0.31411300000000003,16.682029999999994,0.005570952,0.2173019,44127.687903320424,2.122316376309908e-15,0.44629256550948293
GALAXY,0.3481046,9.75e-05,20.829,0.04285602,0.08360089,18.99192,0.01452014,0.05783471,86976.42450972213,1.325128898496291e-16,1.7860583879230798
GALAXY,0.396815,3.59e-05,22.009870000000006,0.0905285,0.1713235,21.66849,0.09655918,0.1185208,96618.55264657707,4.465911630618837e-17,3.076590199627557
GALAXY,0.433066,0.000166054,22.43499,0.1563351,0.1905341,20.62991,0.05239719,0.1318106,103444.02685750526,3.0189931331743644e-17,3.7419127105374814
GALAXY,0.3601533,0.000130566,20.63321,0.06009321,0.1952143,18.75118,0.01951326,0.13504829999999998,89413.04057722584,1.5869897625963673e-16,1.6320657551150655
GALAXY,0.5125843,0.000146771,22.40922,0.1294626,0.08227074,20.71398,0.04867591,0.05691452,117432.0267881313,3.091506224147128e-17,3.697767935931842
GALAXY,0.1383306,3.96e-05,17.72812,0.006777312,0.04577349,16.8511,0.005106569,0.03166589,38626.06034109798,2.3046773051030303e-15,0.4282719711039037
GALAXY,0.06507897,7.17e-06,17.84132,0.006916879,0.07422909,17.53209,0.007648058,0.05135134,18876.59276272855,2.0764913446727818e-15,0.4511901939951895
GALAXY,0.4963099,0.00015535,22.24438,0.1020151,0.06969746,20.67959,0.04196523,0.04821638,114675.01155288542,3.598372550764496e-17,3.427454137807434
GALAXY,0.4943109000000001,0.000167392,22.17197,0.2338047,0.05176484,20.14623,0.05846224,0.03581068,114332.70084647652,3.8465388680499435e-17,3.3150467111851065
GALAXY,0.04214609,1.24e-05,16.623479999999994,0.003764553,0.1386855,15.8082,0.003037672,0.09594196,12369.047029307138,6.374793559597318e-15,0.25750854933422707
GALAXY,0.5880889,0.00019191,23.17818,0.2151378,0.04172444,21.19604,0.062439,0.02886477,129553.83520621329,1.522601050884815e-17,5.269041901630649
GALAXY,0.5292255,0.000129549,22.10802,0.1135096,0.07699858,20.50421,0.04526368,0.05326726,120197.00644444709,4.0799056996910554e-17,3.218841946917055
GALAXY,0.13034160000000006,2.7399999999999995e-05,18.28503,0.0112322,0.1754933,17.54177,0.009086281,0.1214055,36547.84636587308,1.3798952675455905e-15,0.5534796431728211
GALAXY,0.08334206,1.05e-05,18.26806,0.007967979,0.08590709,17.58594,0.006801098,0.05943012,23947.484030838757,1.401632390814067e-15,0.5491710718737862
GALAXY,0.4736996,0.00014158,21.66327,0.09392684,0.04231958,19.94002,0.03240674,0.02927649,110755.72498973207,6.145399563063716e-17,2.6227062565748116
GALAXY,0.5724933000000001,0.000108601,21.55132,0.08854027,0.16496429999999998,20.23254,0.04071571,0.1141215,127137.50875298257,6.812870363772738e-17,2.4909192692945186
GALAXY,0.5490969,4.89e-05,21.03679,0.0678395,0.2888255,19.86355,0.03727543,0.1998081,123428.45430044131,1.0943144279580711e-16,1.9654122214348984
GALAXY,0.4594292,0.000121028,21.94357,0.09899294,0.07987861,20.40996,0.04449146,0.05525965,108227.7174727444,4.7471190713303456e-17,2.984074436821247
GALAXY,0.1740338,1.59e-05,18.75393,0.008804285,0.06058237,17.74074,0.006360316,0.04191061,47691.81518144799,8.959548509551532e-16,0.6868812354565842
GALAXY,0.06413586,2.14e-05,17.16672,0.004806813,0.07442302,16.2738,0.003748352,0.0514855,18612.0520894116,3.8651835737142454e-15,0.3307041556176822
GALAXY,0.3991469,8.88e-05,21.22819,0.07186966,0.04856941,19.43047,0.0237935,0.0336001,97066.43906518709,9.174494089172934e-17,2.1465136386856543
GALAXY,0.1154474,6.5000000000000004e-06,17.739420000000006,0.006221304,0.06337314,17.222579999999994,0.005803319,0.04384124,32624.292386365687,2.280815339857628e-15,0.4305064397762591
GALAXY,0.2579781,5.31e-05,19.47084,0.02108516,0.1073912,17.92971,0.009515295,0.07429273,67620.97701051846,4.629372475905711e-16,0.9555725206612183
GALAXY,0.7245117,0.00013689,21.84322,0.1220858,0.07873125,20.68914,0.07623626,0.05446591,148913.27387695474,5.206790756729752e-17,2.8493096718285575
GALAXY,0.15207089999999998,2.2e-05,17.839570000000005,0.008475667,0.07774521,16.874879999999994,0.005929667,0.05378378,42157.720084120214,2.079840952023369e-15,0.45082672414073016
GALAXY,0.5047644,0.000103895,21.45794,0.08770106,0.15231589999999998,19.69489,0.02920691,0.1053714,116113.87588406954,7.424754960783964e-17,2.3860725925963684
GALAXY,0.5163666,0.00017073700000000002,22.45653,0.1501815,0.1608361,20.576970000000006,0.04422027,0.1112657,118065.23728064119,2.959689318983398e-17,3.7792154576601193
GALAXY,0.703384,0.000285395,23.09696,0.4016186,0.164849,20.93729,0.0986153,0.1140418,146112.51553345562,1.6408698122842458e-17,5.075603080315968
GALAXY,0.256736,4.63e-05,19.79293,0.02652569,0.1048886,18.34045,0.01168363,0.07256146,67339.82718553003,3.4410115091133314e-16,1.10836206284368
GALAXY,0.5631621,0.000206128,22.68378,0.1825643,0.1232665,21.27754,0.08027402,0.0852752,125670.44890863416,2.4007455094860684e-17,4.196156258377773
GALAXY,0.4396642,0.000106804,21.95514,0.07311525,0.1025608,20.27741,0.02596499,0.07095107,104655.28597513457,4.696800625459134e-17,3.0000165617944137
GALAXY,0.33325340000000003,9.39e-05,19.90805,0.03362563,0.06297417,18.18045,0.01183515,0.04356524,83925.3239561313,3.094839457263574e-16,1.168707018871673
GALAXY,0.4915413,0.000128331,21.86144,0.08777839999999999,0.2380445,20.40143,0.03699902,0.1646781,113857.09592625246,5.120143408953214e-17,2.873317727155365
GALAXY,0.6063856,0.000177448,22.56338,0.2122364,0.1339799,20.75445,0.06243228,0.09268667,132332.84246670178,2.6822924378628647e-17,3.9698276499406875
GALAXY,0.3470327,8.28e-05,21.06632,0.06473927,0.1584904,19.28827,0.02046532,0.109643,86757.98122153108,1.064952224874975e-16,1.992322558038835
GALAXY,0.8425946,0.000178879,21.91829,0.06862773,0.2547142,21.43269,0.06213632,0.1762101,163372.93807279188,4.85894658910572e-17,2.949535667500536
GALAXY,0.2096507,1.11e-05,19.976470000000006,0.02640843,0.1948441,19.43632,0.0227715,0.13479229999999998,56380.80927293359,2.9058294785245466e-16,1.2061175928493262
GALAXY,0.1550703,2.43e-05,18.66788,0.009911032,0.2405277,17.54649,0.006314185999999999,0.16639600000000002,42921.515877436366,9.69853472731529e-16,0.6601941204532856
GALAXY,0.5851196999999999,0.000183627,22.35866,0.15487420000000002,0.09019937,20.74782,0.05703202,0.0623995,129097.20259629,3.238874536706521e-17,3.612664672909407
GALAXY,0.2027158,8.84e-06,19.27758,0.01301997,0.1179643,18.55169,0.01068471,0.08160714,54716.3424634979,5.531286134699106e-16,0.8742017112346276
GALAXY,0.10834489999999998,1.51e-05,18.0941,0.00803067,0.09148736,17.26822,0.005805303,0.06329053,30730.678258653592,1.6451978193779847e-15,0.5068922512127965
GALAXY,0.1150499,2.75e-05,18.47894,0.008799796,0.07200754,17.491220000000002,0.006341424,0.04981449,32518.70083671508,1.1542028044306187e-15,0.6051787253339826
GALAXY,0.1379186,3.45e-05,18.44579,0.008835626,0.07335171,17.33298,0.006098620999999999,0.05074437,38519.332343053116,1.1899867485465707e-15,0.5960101451673903
GALAXY,0.1077377,1.51e-05,17.19642,0.005055957,0.100666,16.160320000000002,0.003686757,0.06964031,30568.110899406976,3.7608856182646065e-15,0.3352583878335777
GALAXY,0.4914306,4.9700000000000015e-05,21.7277,0.0809909,0.10371,20.38877,0.04161578,0.07174609,113838.05383916381,5.791327502538004e-17,2.7016908521526415
GALAXY,0.1971482,1.41e-05,18.33446,0.008975657,0.04571821,17.46288,0.006883805,0.03162765,53370.53077304643,1.3184817572762159e-15,0.5662231901329547
GALAXY,0.1820932,3.02e-05,18.63461,0.01021042,0.0938325,17.4477,0.006241399,0.06491289,49688.662885979735,1.000032525011561e-15,0.6501561159689522
GALAXY,0.09288423,1.77e-05,18.35154,0.007682679,0.06691886,17.472929999999998,0.005936255,0.04629416,26557.849322186805,1.2979026680705756e-15,0.5706944542313254
GALAXY,0.4714659000000001,9.84e-05,21.3852,0.07663088,0.06072219,19.62449,0.02714272,0.04200733,110362.82866834737,7.939225275118397e-17,2.307467815851161
GALAXY,0.6922733,0.000188116,22.25206,0.14143540000000002,0.1515001,20.84248,0.06342633,0.1048071,144611.90126651773,3.573009123913403e-17,3.4395977190601554
GALAXY,0.1092988,2.17e-05,17.59202,0.006291754,0.05157398,16.71422,0.004795041,0.03567864,30985.851934229795,2.6124628610516815e-15,0.402253333930928
GALAXY,0.1295024,2.56e-05,18.52039,0.009106058,0.1194329,17.62453,0.006521435,0.08262311,36328.478012490916,1.1109694718657709e-15,0.6168415961442957
GALAXY,0.6043504,0.000222443,22.51899,0.2368135,0.06576280000000001,20.68879,0.07343626,0.0454944,132026.66410206805,2.794229833348688e-17,3.88949889352784
GALAXY,0.1630319,6.45e-06,18.44895,0.009093577,0.09957147,17.91701,0.007981122,0.06888308,44936.593798590446,1.1865283659175202e-15,0.5968781106563028
GALAXY,0.5555373,0.000247435,22.18106,0.1381384,0.09784636,20.70265,0.05940166,0.06768966,124459.66091600475,3.8144693113383494e-17,3.328952913292383
GALAXY,0.1164022,1.5e-05,17.85452,0.006843204,0.06751203,16.97413,0.00516882,0.0467045,32877.73747016097,2.051398932593159e-15,0.45394125319805056
GALAXY,0.527007,0.000136505,22.05091,0.1344168,0.1032081,20.4129,0.04337139,0.07139888,119831.52216569426,4.300254165431165e-17,3.1352895307359105
GALAXY,0.4985707,0.000153976,21.74925,0.14329160000000002,0.04724664,20.04385,0.04297175,0.032685000000000006,115061.18173777247,5.677512841701735e-17,2.7286362992030533
GALAXY,0.4901276,0.000198372,22.67428,0.14549949999999998,0.1299702,20.97368,0.04956909,0.08991276,113613.73097907197,2.4218437770619153e-17,4.177838543774069
GALAXY,0.1019212,1.89e-05,18.58459,0.008646078,0.04969956,17.6349,0.006113269,0.03438192,29005.400482520905,1.0471818955447466e-15,0.6353509041318909
GALAXY,0.07307432,1.98e-05,17.82142,0.005671903000000001,0.08145708,16.76366,0.004281913,0.05635163,21108.692296912996,2.1149014024642443e-15,0.44707424548859964
GALAXY,0.4959609,0.000169282,22.1277,0.1266885,0.09154938,20.61624,0.04897311,0.06333344,114615.30659823245,4.0066197289904053e-17,3.2481468248743326
GALAXY,0.1383666,1.15e-05,17.659270000000006,0.006902531,0.06243363,16.92215,0.005562367,0.04319129,38635.38378085189,2.4555575964556985e-15,0.41490593983649476
GALAXY,0.1313051,1.86e-05,18.36108,0.01174391,0.06168169,17.5524,0.008956813000000001,0.04267111,36799.457273468244,1.286548388667757e-15,0.5732072203099166
GALAXY,0.17411010000000002,3.01e-05,18.76844,0.01199867,0.07150624,17.56407,0.006929548000000001,0.04946768,47710.8046905966,8.840607820655396e-16,0.6914864148964442
GALAXY,0.5795697,0.000131347,22.53154,0.1913752,0.1347735,21.03442,0.07878450000000001,0.09323566,128239.38821991517,2.7621173458061275e-17,3.912043292774012
GALAXY,0.08989581,1.04e-05,18.35716,0.01141858,0.1391615,17.79324,0.01073181,0.09627125,25743.210259179556,1.2912018071254927e-15,0.5721733847583164
GALAXY,0.4752691,9.47e-05,21.79,0.1089739,0.1782562,20.10951,0.04033911,0.12331680000000002,111031.17317300249,5.4683729356540626e-17,2.7803255601111565
GALAXY,0.3837113,8.45e-05,20.99526,0.06211329,0.1683505,19.20489,0.02078979,0.1164641,94078.74147382731,1.1369834031021463e-16,1.9281803482525572
GALAXY,0.1290567,2.93e-05,18.07915,0.008421921,0.2288883,17.01594,0.00551661,0.15834389999999998,36211.88888981203,1.6680079844813492e-15,0.5034144209116035
GALAXY,0.1210675,2.48e-05,18.55147,0.01180689,0.06359871,17.72322,0.00822576,0.04399729,34112.31300363071,1.0796180210209532e-15,0.6257338541231301
GALAXY,0.06061789,1.17e-05,17.62377,0.005920458000000001,0.05630412,16.673479999999998,0.004275779,0.03895093,17622.940737688536,2.5371732577126224e-15,0.4081780553533916
GALAXY,0.3858634,9.12e-05,21.6023,0.09959389,0.1754204,19.6956,0.03005439,0.121355,94498.56243479202,6.500370716739064e-17,2.550090845975776
GALAXY,0.4926471,0.000133778,22.11361,0.1202346,0.04880351,20.468020000000006,0.04475357,0.03376204,114047.17395301038,4.058953959849917e-17,3.227138854725814
GALAXY,0.3774883,8.379999999999999e-05,21.3274,0.07527529,0.08718053,19.43361,0.02313308,0.06031108,92858.79351939814,8.373328414114171e-17,2.246858135173485
GALAXY,0.34411679999999994,7.37e-05,20.97285,0.06108177,0.2637059,19.10002,0.01837116,0.1824305,86162.35735595135,1.1606950309927428e-16,1.9083834969758031
GALAXY,0.28474520000000003,5.41e-05,20.58681,0.03991343,0.1062494,18.90052,0.01525854,0.07350281,73582.67511731108,1.656281401650038e-16,1.597561744443831
GALAXY,0.5191051,8.25e-05,21.6126,0.1092797,0.4000126,19.76206,0.03147632,0.2767269,118521.94188586368,6.438995553746736e-17,2.5622154892119227
GALAXY,0.1948192,4.13e-05,18.70737,0.01433844,0.2029771,17.343529999999998,0.007578417,0.1404186,52805.03647221165,9.352121172408386e-16,0.6723101257637017
GALAXY,0.0725132,1.95e-05,17.35811,0.005487751,0.06727393,16.4446,0.004195353,0.04653979,20952.65884520544,3.2405156648733275e-15,0.36117497573207924
GALAXY,0.4114633,7.25e-05,20.94797,0.05706933,0.1134655,19.1124,0.01739214,0.07849488,99411.74292608,1.187599825752638e-16,1.8866426685737416
GALAXY,0.6884884,0.00015400399999999998,23.02089,0.3038691,0.09374505,20.900170000000006,0.07501362,0.06485239,144096.27677568127,1.7599572760635953e-17,4.900875300029198
GALAXY,0.04362618,6.13e-06,17.505779999999998,0.007450786999999999,0.09711303,17.10841,0.007940073,0.06718235,12793.770601059914,2.8284344952197e-15,0.3865909225785626
GALAXY,0.02636245,9.13e-06,15.1128,0.002419078,0.06847789,14.28863,0.002120588,0.04737269,7799.124245409539,2.5629381469692814e-14,0.12842679729995926
GALAXY,0.2606935,5.85e-05,19.451220000000006,0.02179114,0.06766958,18.01851,0.01061878,0.0468135,68234.2075732558,4.713788854518594e-16,0.9469774823474859
GALAXY,0.6374363000000001,0.00028785,23.1009,0.2089129,0.08115774,21.41998,0.07462163,0.05614454,136914.78198348614,1.6349260933367063e-17,5.084820802572168
GALAXY,0.09041483,3.15e-05,18.18811,0.006625138,0.03707585,17.35279,0.005127023,0.0256489,25884.88239038357,1.5087390294083239e-15,0.529319205891453
GALAXY,0.2629284,0.000127809,19.88005,0.03877632,0.03849206,18.34282,0.01687927,0.02662863,68737.48478337069,3.1756901734598835e-16,1.1537338964066386
GALAXY,0.3931276,7.840000000000001e-05,20.55848,0.0366289,0.03021688,18.71308,0.01338811,0.020903900000000003,95907.80195256104,1.700067343894763e-16,1.5768546105729304
GALAXY,0.17624620000000002,3.16e-05,18.46649,0.01014931,0.06931799999999999,17.22764,0.005871660999999999,0.04795387,48241.776326770836,1.1675140757630075e-15,0.6017188991354835
GALAXY,0.02607233,1.66e-05,18.31304,0.01342091,0.07649381,17.55469,0.009550896,0.05291806,7714.427218806565,1.3447517719151136e-15,0.5606652666442973
GALAXY,0.1119769,2.1600000000000007e-05,17.96451,0.007566351999999998,0.1246232,16.99205,0.005298420999999999,0.08621379,31700.84482238501,1.853762639538551e-15,0.47752669222313365
GALAXY,0.4498837000000001,0.000117511,21.93569,0.1210463,0.1886828,20.36305,0.04540341,0.1305299,106512.81229109826,4.781697796341781e-17,2.9732652308512058
GALAXY,0.1787383,3.9299999999999986e-05,18.89331,0.01398974,0.1141716,17.70917,0.007544884,0.07898337,48859.63023605374,7.88014348179513e-16,0.7324157118889999
GALAXY,0.1676945,2.44e-05,18.23239,0.0101557,0.04212192,17.16067,0.006171741999999999,0.02913975,46108.40207181865,1.4484453877951298e-15,0.5402237238824923
GALAXY,0.2293172,4.45e-05,18.76204,0.01392556,0.04224379,17.369989999999998,0.007176106999999998,0.02922406,61030.131245922195,8.892873717620553e-16,0.6894513912132816
GALAXY,0.06747408,8.74e-06,18.22583,0.0069443280000000005,0.05586787,17.30344,0.005372784,0.03864913,19547.232216234348,1.4572233620992837e-15,0.5385941751936374
GALAXY,0.555088,0.000157515,21.87369,0.1303175,0.09906932,20.1751,0.04416779,0.06853569,124387.97443343591,5.0626992073812825e-17,2.8895728778955427
GALAXY,0.2909845,5.56e-05,20.25397,0.03800194,0.04803164,18.6342,0.01370832,0.03322806,74945.94860193803,2.250453922045709e-16,1.3705334898931303
GALAXY,0.06237834,7.93e-06,17.78201,0.01039927,0.08033306,17.22045,0.007754865,0.05557404,18118.36721774848,2.193078237024877e-15,0.4390334922946012
GALAXY,0.5287731,0.00015164899999999998,22.09704,0.1847067,0.09156235,20.58379,0.07028679,0.06334241,120122.55384771299,4.121374932035041e-17,3.202607027421448
GALAXY,0.5317569000000001,9.53e-05,21.267,0.09482513,0.16375309999999998,20.08727,0.0459285,0.1132836,120612.87373966615,8.852340800622453e-17,2.1852224432839558
GALAXY,0.4694861,9.57e-05,21.95885,0.08534752,0.15721629999999998,20.2216,0.0280881,0.1087615,110013.72532403795,4.680778876369695e-17,3.005146525577747
GALAXY,0.5504013000000001,0.000116222,21.55558,0.08740506,0.09436296,20.1069,0.03810501,0.06527986,123637.94040198345,6.786191724007475e-17,2.4958107574404287
GALAXY,0.5128,0.000209634,22.3174,0.1135275,0.2015022,20.66383,0.03739172,0.1393983,117468.2139920138,3.3643264130113947e-17,3.5446687154653556
GALAXY,0.05114594,9.16e-06,16.69114,0.004308559,0.15204589999999998,16.033920000000002,0.003584825,0.1051847,14941.539754449926,5.9896593741254314e-15,0.2656584609363639
GALAXY,0.4709068,9.07e-05,21.04675,0.06233808,0.2401604,19.35496,0.0206524,0.16614189999999998,110264.3237142452,1.084321640127569e-16,1.974447781052426
GALAXY,0.6162965,0.000109991,22.01115,0.1237723,0.3157382,20.48009,0.0459774,0.2184262,133813.46068505722,4.460649764425126e-17,3.078404266583705
GALAXY,0.3582601,4.820000000000001e-05,20.86206,0.0465016,0.334758,19.7472,0.02667953,0.231584,89032.45463336298,1.2853876568332509e-16,1.813458628770341
GALAXY,0.03057626,1.57e-05,15.51984,0.002752562,0.4282075,14.89216,0.002448897,0.296232,9026.456542990896,1.7616601289162725e-14,0.15490436375268057
GALAXY,0.4134487,0.000131982,21.54224,0.07970791,0.2730643,19.65479,0.02391849,0.1889046,99786.63030078352,6.870085234279885e-17,2.480525250409498
GALAXY,0.1783826,3.2e-05,18.61898,0.01028005,0.09838728,17.3638,0.005978682,0.06806386,48771.54920220299,1.0145328766229052e-15,0.6454931714064158
GALAXY,0.8853716,0.000422915,23.50186,0.3877511,0.1485606,21.88288,0.1550632,0.1027736,168149.39734615255,1.1300928448359213e-17,6.1160024720347215
GALAXY,0.5637063,0.000108699,22.31248,0.1104125,0.09235301,20.63696,0.04094622,0.06388938,125756.45123951262,3.37960641038462e-17,3.5366464961215143
GALAXY,0.2607803,9.02e-05,19.97603,0.0263642,0.07882652,18.3745,0.01122568,0.05453182,68253.77831556006,2.907007319027981e-16,1.2058732250296786
GALAXY,0.5731364000000001,0.000174045,22.22622,0.14750220000000006,0.06767377,20.86691,0.07476565,0.0468164,127238.02599368342,3.6590650067165565e-17,3.398909900294143
GALAXY,0.8796523,0.00029492900000000004,20.44395,0.02047281,0.09609076,20.12086,0.0224788,0.06647515,167524.06055749225,1.8892008191076321e-16,1.4958417560480894
GALAXY,0.5836283,0.0001064,21.87345,0.126698,0.07585873,20.0525,0.03854972,0.05247872,128867.23918782915,5.063818431467597e-17,2.8892535281469574
GALAXY,0.5127978,0.000174472,22.36379,0.1736444,0.02949998,20.43095,0.05029989,0.02040795,117467.84495247409,3.223607260090137e-17,3.6212095103058117
GALAXY,0.5954279,0.000169645,22.51246,0.1405249,0.05742536,20.86509,0.04908994,0.0397266,130675.69373263516,2.811085954384249e-17,3.8778200542563575
GALAXY,0.13471989999999998,3.3100000000000005e-05,18.693620000000006,0.01036089,0.09029445,17.53386,0.006652283,0.06246528,37689.06001525474,9.471311607633742e-16,0.6680664346983525
GALAXY,0.708517,0.00014802,21.40113,0.09467717,0.07112905,20.39247,0.06456808,0.04920675,146799.2775213875,7.823590761910639e-17,2.3244577261640327
GALAXY,0.0832466,9.28e-06,18.3549,0.008786752,0.05032995,17.782870000000006,0.007690959,0.03481802,23921.234673614566,1.2938922905622965e-15,0.5715781945259856
GALAXY,0.5136785,0.000187134,22.27707,0.1498685,0.07419432,20.69553,0.05903122,0.05132729,117615.50170666714,3.491645347312695e-17,3.479442406907999
GALAXY,0.4895137,0.000137103,22.21499,0.1112141,0.05253663,20.51421,0.0390671,0.0363446,113507.92315620683,3.697107896355279e-17,3.3813774515919826
GALAXY,0.4885813,0.000160478,22.08595,0.1522766,0.09959111,20.2343,0.04474984,0.06889667,113347.07408747672,4.1636874859406965e-17,3.1862925805193485
GALAXY,0.1963584,3.6e-05,18.17364,0.0118198,0.1134718,17.21444,0.007935294,0.07849927,53178.929978295644,1.5289811286827262e-15,0.525803717474856
GALAXY,0.07754672,1.35e-05,16.24786,0.003463665,0.2140438,15.27212,0.002706746,0.1480745,22349.029992252785,9.009778727422758e-15,0.21660458845050515
GALAXY,0.1160746,1.59e-05,18.9036,0.01642979,0.08298081,17.88814,0.009854197,0.05740574,32790.80808258011,7.805812682075097e-16,0.7358946613338947
GALAXY,0.07660502,1.6e-05,18.13052,0.00656385,0.1016658,17.24598,0.005177306,0.07033195,22088.35768383924,1.5909265339904872e-15,0.5154655580710967
GALAXY,0.685186,0.000343356,23.67899,0.562218,0.1237621,21.34307,0.10562839999999997,0.08561805,143644.52867758507,9.59979867505879e-18,6.635805564295
GALAXY,0.2167168,3.79e-05,19.04912,0.01482631,0.1102039,17.68394,0.007811433,0.07623852,58063.31299970121,6.826689107422533e-16,0.7869001938164006
GALAXY,0.3454798,5.85e-05,20.2065,0.0360537,0.1568275,18.33519,0.01311802,0.1084925,86441.02741441147,2.351029752535685e-16,1.3408977198617253
GALAXY,0.1955438,4.4e-05,18.54841,0.01479462,0.04436194,17.35134,0.008671789000000001,0.03068938,52981.13324956878,1.0826650695804952e-15,0.6248527021885567
GALAXY,0.1623206,9.77e-06,17.52589,0.005759542,0.04067136,16.984,0.00509271,0.02813626,44757.29160332298,2.7765284329072976e-15,0.3901877695347527
GALAXY,0.3265382,3.950000000000001e-05,19.99288,0.01688764,0.1310329,18.47654,0.008618892,0.09064792,82528.21380501242,2.8622405172397165e-16,1.2152668524648331
GALAXY,0.02278621,9.69e-06,17.11133,0.006441865,0.1153819,16.739810000000002,0.006688941,0.07982068,6753.325827966994,4.067486546985498e-15,0.3223752205601967
GALAXY,0.6108313,0.000188761,22.29888,0.1311962,0.125862,20.69314,0.052510900000000006,0.08707077,132999.12522035209,3.4222058173098776e-17,3.5145655867712224
GALAXY,0.2885683,5.58e-05,19.75817,0.03552861,0.1426267,18.25321,0.01541736,0.09866851,74419.1857220473,3.5529584216304125e-16,1.0907611277556237
GALAXY,0.7597210999999999,0.000166892,21.80108,0.13952179999999995,0.1093768,20.57064,0.07509753,0.07566633,153431.51714461448,5.4128516581762325e-17,2.7945485063405315
GALAXY,0.5641971,0.000155912,22.25745,0.1872463,0.06929639,20.55773,0.06434485,0.04793892,125833.96734202236,3.555315327888898e-17,3.44814604776078
GALAXY,0.1110542,1.98e-05,18.2917,0.00736924,0.07324774,17.5498,0.006122134,0.05067245,31454.73989399899,1.3714441465016027e-15,0.5551823518188151
GALAXY,0.1871653,2.8600000000000007e-05,18.89087,0.01190428,0.1399943,17.88419,0.007655113000000002,0.09684742,50936.09976515183,7.897872623978362e-16,0.7315931867394411
GALAXY,0.1807709,2.53e-05,19.56891,0.02827131,0.1767082,19.22142,0.03261244,0.12224589999999998,49362.28179921284,4.2295496282333796e-16,0.999718323638204
GALAXY,0.5472352,0.000148242,21.72416,0.09746693,0.2347503,20.37901,0.04452188,0.16239920000000002,123128.90836087361,5.810240713187587e-17,2.6972900621356883
GALAXY,0.4368367,0.00010462,21.69742,0.07864141,0.08218378,20.02448,0.03203867,0.05685436,104137.38401929755,5.955114624099746e-17,2.6642786970545056
GALAXY,0.09528371,1.56e-05,17.23565,0.005486778,0.08554004,16.32911,0.004264916,0.05917621,27210.04905899518,3.6274223555879274e-15,0.3413702359172084
GALAXY,0.03976593,9.2e-06,17.08097,0.004859569,0.1577779,16.215970000000002,0.003842946,0.10915,11684.670727879948,4.18282914289071e-15,0.3178993590419635
GALAXY,0.5115747,0.000119666,22.07167,0.1118954,0.2263626,20.45729,0.03927767,0.1565966,117262.52746687552,4.218811539108608e-17,3.1654076840535263
GALAXY,0.3810193,0.000153165,20.88374,0.06291154,0.14129360000000002,19.02437,0.02106759,0.09774627,93552.10118764143,1.2599755718998804e-16,1.8316549006946314
GALAXY,0.609262,0.000190309,21.85249,0.1162238,0.07944781,20.83474,0.08304551,0.05496163,132764.32849498568,5.162524493880581e-17,2.861499354516694
GALAXY,0.1163431,4.11e-05,18.142,0.008285704,0.13346729999999998,17.0936,0.006013442,0.09233208,32862.0574531192,1.5741935376394379e-15,0.518197904302529
GALAXY,0.1041676,4.03e-05,18.43512,0.01030439,0.1090408,17.50299,0.007059251,0.07543391,29610.106460491555,1.2017389160359648e-15,0.5930887036760432
GALAXY,0.1804578,3.3799999999999995e-05,19.18219,0.01507848,0.08898091,17.8638,0.007843671,0.06155658,49284.92867393522,6.039237724250777e-16,0.8366304214218292
GALAXY,0.13259,7.72e-06,19.89205,0.01811996,0.2879062,19.17196,0.01521824,0.1991722,37134.58437040956,3.140784400322241e-16,1.1601273149349554
GALAXY,0.4438771,9.88e-05,22.31539,0.1246309,0.1971566,20.50091,0.03756395,0.136392,105423.74901576967,3.370560486602521e-17,3.5413891492068443
GALAXY,0.08873554,1.44e-05,17.95339,0.006945801,0.2291309,16.975720000000006,0.005064026,0.1585117,25426.215996127466,1.8728462476961644e-15,0.47508755295281696
GALAXY,0.1387602,6.68e-06,18.11407,0.00705722,0.2186535,17.37162,0.005524281999999999,0.1512635,38737.29586559053,1.6152142044365183e-15,0.5115753997422627
GALAXY,0.2759864,5.5500000000000014e-05,19.63745,0.02381788,0.14118889999999998,17.99244,0.01040937,0.0976738,71652.16828254332,3.97080102398999e-16,1.0317765480574894
GALAXY,0.1666299,3.18e-05,20.61856,0.07141862,0.2913431,19.5414,0.04576651,0.2015498,45841.38428073284,1.6085483710270276e-16,1.6210919615796753
GALAXY,0.03823813,1e-05,16.12183,0.0032202840000000003,0.2007444,15.191529999999998,0.002719884,0.138874,11244.485744773863,1.0118732737713165e-14,0.20439094530937696
GALAXY,0.6815228,0.000155309,21.9786,0.1663812,0.16727679999999998,20.52704,0.06660260000000001,0.1157213,143141.3930547744,4.5964032727341103e-17,3.0326036425266816
GALAXY,0.6237613000000001,0.000145275,21.76189,0.1661608,0.1013417,20.23223,0.06467599,0.07010774,134917.35741221826,5.611799230829549e-17,2.7445658314615193
GALAXY,0.2085345,4.59e-05,19.7358,0.02070146,0.1004759,18.38824,0.01042354,0.06950877,56113.791760679866,3.6269212432858066e-16,1.079582043197313
GALAXY,0.7081189,0.00024155,24.23292,0.6842501999999999,0.101372,21.55354,0.1105937,0.07012868,146746.16033285763,5.763550797534501e-18,8.564059033119193
GALAXY,0.04888204,1.26e-05,21.12983,0.04820788,0.08387747,21.58084,0.09024133,0.05802604,14296.704313245067,1.0044449166465116e-16,2.0514533816920792
GALAXY,0.8951775,0.000332065,22.40004,0.206308,0.1040706,21.6755,0.1656226,0.07199554,169212.23521630038,3.1177560109248204e-17,3.682168448043295
GALAXY,0.4712626,0.000110606,22.50256,0.13359179999999998,0.2378298,20.68433,0.04359257,0.1645296,110327.01780526854,2.8368353182504675e-17,3.8601808533257618
GALAXY,0.1364986,1.29e-05,18.45515,0.009336504,0.144818,17.693270000000005,0.007264484,0.1001844,38151.111054135756,1.1797721101069288e-15,0.5985847555814094
GALAXY,0.6086891999999999,0.00016675700000000002,23.60245,0.2954272,0.16383770000000006,21.88285,0.111594,0.1133422,132678.51925461038,1.0300970067515035e-17,6.405981089336839
GALAXY,0.07748578,9.99e-06,17.81767,0.008135025,0.08680237,17.18411,0.008035121999999999,0.06004948,22332.16908841788,2.1222186422793416e-15,0.4463028418938761
GALAXY,0.2709756,3.6e-05,19.82369,0.02099891,0.02721742,18.31459,0.009961712,0.01882888,70538.90753981822,3.3448921955500655e-16,1.1241742992524117
GALAXY,0.5365962,0.00014189,22.01763,0.1417726,0.06974189,20.32986,0.04702814,0.04824712,121404.44746432525,4.434106553653775e-17,3.0876044080143132
GALAXY,0.6002023,0.000175117,22.9597,0.5402311,0.1017704,20.54344,0.09908456,0.07040426,131400.35159704965,1.861993348338633e-17,4.764700997761956
GALAXY,0.5333833,0.000188352,22.12629,0.1379668,0.08135195,20.86395,0.06215349,0.0562789,120879.41076609275,4.0118263377944845e-17,3.2460383935638197
GALAXY,0.07268102,1.05e-05,15.73895,0.003018334,0.04488275,14.84416,0.002408501,0.03104968,20999.335148603364,1.4397202899647467e-14,0.17135060899076993
GALAXY,0.5141527,0.000112316,22.39475,0.16511289999999998,0.08278224,20.57313,0.05458602,0.05726837,117694.94184188324,3.1329836265850577e-17,3.673209106021012
GALAXY,0.081809,1.3699999999999998e-05,17.10464,0.004916939,0.05186297,16.20337,0.003731203,0.03587856,23525.60249773786,4.092626624362005e-15,0.3213835563805508
GALAXY,0.4532157,0.000150175,21.94272,0.1346615,0.08528674,20.30055,0.04507575,0.05900097,107113.62116275355,4.7508369459701596e-17,2.9829065809051185
GALAXY,0.04157203,8.08e-06,16.07244,0.00320597,0.07138208,15.65855,0.003112348,0.0493818,12204.14008813505,1.058966264986671e-14,0.19979455686429856
GALAXY,0.1142579,2.84e-05,18.61773,0.0102723,0.04418635,17.62255,0.006916225,0.03056791,32308.178054503387,1.0157015733887826e-15,0.6451217025954653
GALAXY,0.4621557,0.000139828,21.91357,0.1230084,0.07307379,20.08205,0.04267403,0.05055211,108714.01335023477,4.88011577447461e-17,2.9431314006333023
GALAXY,0.3610075,6.459999999999997e-05,20.30442,0.03202028,0.05478003,18.74295,0.01488066,0.03789657,89584.48190181758,2.1482762402016271e-16,1.402747980968156
GALAXY,0.4683255,0.00017138,21.28098,0.07881211,0.02934194,19.70031,0.031594599999999994,0.02029862,109808.69417837173,8.739088253916971e-17,2.1993363504999706
GALAXY,0.4653232,0.000147464,21.02943,0.06916028,0.09239864,19.48106,0.02684896,0.06392094,109277.00454799231,1.1017577781346884e-16,1.9587619195702601
GALAXY,0.7233074,0.000107025,21.50325,0.08105760000000001,0.08635899,20.53061,0.05224089,0.05974275,148755.46147618524,7.121281035840113e-17,2.4363835147306454
GALAXY,0.6033129,0.000195774,22.38425,0.1914326,0.06515712,20.87198,0.07763876,0.04507539,131870.2998017985,3.1634292447742205e-17,3.6554904385065146
GALAXY,0.08797518,1.6e-05,16.94901,0.005020753,0.1889925,15.9584,0.003627441,0.1307441,25218.265639678375,4.7233934737867365e-15,0.2991559549628167
GALAXY,0.08869792,7.84e-06,18.26856,0.007518388000000002,0.1246613,17.73715,0.007012259,0.0862401,25415.931320146294,1.4009870638476981e-15,0.549297537745511
GALAXY,0.5050631,0.000200888,22.26795,0.1858803,0.02781664,20.44903,0.05621895,0.01924342,116164.44944950717,3.521098102011668e-17,3.464859688348694
GALAXY,0.03658557,6.42e-06,17.43078,0.005149308,0.0582282,17.16912,0.005321375,0.040282,10767.57071941394,3.030722165227876e-15,0.37346650056650427
GALAXY,0.10093660000000003,2.39e-05,17.25186,0.005743956,0.0946041,16.45465,0.004695950999999999,0.06544667,28739.892843515037,3.573667357140764e-15,0.34392809349914566
GALAXY,0.176647,1.86e-05,18.38716,0.01091132,0.1178255,17.604029999999995,0.007823949,0.08151113,48341.26151681051,1.2560129732171218e-15,0.5801331094219512
GALAXY,0.5608506,0.000116945,22.45335,0.1181631,0.03746597,20.76402,0.04064668,0.02591879,125304.53828018556,2.9683706253007755e-17,3.773685058276969
GALAXY,0.5901126999999999,0.000162366,21.70466,0.08085063,0.08387185,20.88445,0.05861121,0.05802216,129864.1640400407,5.915536320456853e-17,2.6731766090078124
GALAXY,0.3373062,7.020000000000001e-05,21.00009,0.05255631,0.04043333,19.27607,0.01886944,0.02797159,84763.22124971222,1.1319366588845331e-16,1.9324739677746723
GALAXY,0.562983,0.000164375,21.13306,0.07667997,0.0318366,20.18853,0.05152903,0.02202441,125642.13290376858,1.0014611937450789e-16,2.054507127606973
GALAXY,0.3843207,0.000144524,21.60954,0.1036811,0.23103850000000006,19.69788,0.03150159,0.15983139999999998,94197.72808242551,6.457168585082805e-17,2.558607403888997
GALAXY,0.7383735,0.000233483,24.05344,0.387468,0.3058531,22.0118,0.1082122,0.2115878,150714.01465924896,6.799580585501916e-18,7.8846723768710545
GALAXY,0.2662585,3.15e-05,19.70637,0.02240532,0.35881490000000005,18.18362,0.01006459,0.2482265,69484.98419071328,3.726577222936074e-16,1.065049155330911
GALAXY,0.1272788,2.04e-05,17.661479999999994,0.007118057,0.29463690000000003,16.61617,0.004888374,0.2038285,35746.245285980745,2.450564428739403e-15,0.4153284222437694
GALAXY,0.08380344,1.05e-05,18.40422,0.01123733,0.1997403,17.71813,0.008794618,0.13817939999999998,24074.315363582133,1.2364316832013995e-15,0.5847088298369114
GALAXY,0.1785754,7.68e-06,19.16538,0.01565293,0.2156295,18.4669,0.01190363,0.14917149999999998,48819.29612137375,6.133468302538047e-16,0.8301788258596192
GALAXY,0.1581017,3.06e-05,20.27811,0.02205161,0.2783782,19.05636,0.01242458,0.1925807,43690.872541695186,2.2009700111348408e-16,1.3858545507889721
GALAXY,0.426313,0.000120907,21.55582,0.07035777,0.1162703,19.83204,0.02600044,0.08043522,102194.55192356289,6.784691814535077e-17,2.4960866198838385
GALAXY,0.09662133,7.42e-06,21.98188,0.09453835,0.2639897,22.27098,0.1751171,0.1826268,27572.893897727645,4.582538530044374e-17,3.037187838988667
GALAXY,0.3356505,8.65e-05,20.02433,0.03914503,0.1118222,18.320970000000006,0.01423681,0.07735807,84421.39316437875,2.7805206526767813e-16,1.232995956245072
GALAXY,0.4755445,0.000120308,22.1382,0.1056096,0.1101598,20.32739,0.03764612,0.07620803,111079.45345162282,3.968059038973577e-17,3.2638910415796794
GALAXY,0.5874413,0.000456763,23.38068,0.3866646,0.07604241,21.09012,0.09223966,0.05260579,129454.37663013527,1.2635316506950314e-17,5.7840448556022865
GALAXY,0.03481603,4.67e-06,17.26766,0.0043661540000000006,0.1110951,16.89639,0.00439956,0.07685509,10255.99196196954,3.5220387124726638e-15,0.346439698745867
GALAXY,0.406046,8.56e-05,21.26896,0.05891441,0.06696598,19.54567,0.02304198,0.04632676,98384.36463035284,8.836374734058331e-17,2.1871957446782004
GALAXY,0.2386791,4.4e-05,19.16998,0.01424631,0.05068732,17.686139999999995,0.007342207,0.03506525,63206.897722534784,6.107537260947721e-16,0.8319393226982297
GALAXY,0.4038381,9.940000000000003e-05,21.59,0.1015147,0.0813358,19.50149,0.02648986,0.05626773,97963.75719032167,6.574430295761269e-17,2.5356870477596707
GALAXY,0.3353826,7.56e-05,20.70206,0.03935246,0.1009303,18.93797,0.01469251,0.06982309,84366.02149235568,1.4894781106196791e-16,1.6846421099436746
GALAXY,0.09429275,1.9e-05,17.49438,0.006156641,0.09631964,16.52415,0.004593531,0.06663348,26940.90189898371,2.8582889161290863e-15,0.3845666793893556
GALAXY,0.06631424,2.19e-05,18.39689,0.008698704,0.0503259,17.582829999999998,0.006573516,0.03481522,19222.685050484062,1.2448072962463627e-15,0.5827384202245722
GALAXY,0.02465479,2.21e-05,16.83669,0.005906761,0.03294014,16.0794,0.004725283,0.02278784,7300.231391580589,5.238200590722218e-15,0.2840754166195855
GALAXY,0.1052233,1.82e-05,17.63318,0.006655144,0.06227006,16.846970000000002,0.005230824,0.04307814,29893.780842297878,2.5152787700050873e-15,0.40995071884289036
GALAXY,0.6109393,0.00019185,23.56559,0.3425978,0.08108588,21.29414,0.07398526,0.05609483,133015.2681743566,1.0656684914310156e-17,6.298159462180516
GALAXY,0.1470509,1.41e-05,17.80834,0.008065789,0.08563789,16.99224,0.006104718,0.0592439,40873.666969163874,2.140533973846901e-15,0.44438936018797226
GALAXY,0.6777411,0.000221529,22.55431,0.26488090000000003,0.09684878,20.85523,0.09340865,0.06699953,142619.7288425166,2.704793569225759e-17,3.953280700519353
GALAXY,0.5513275,0.00016694,21.37481,0.08503894,0.08325451,20.08628,0.04345715,0.05759508,123786.49259713055,8.015564722171269e-17,2.2964534804172985
GALAXY,0.6391217,0.000205862,22.32865,0.1677445,0.07469448,21.04885,0.08755750000000001,0.05167329,137158.7552634858,3.329646478357299e-17,3.5630806467245844
GALAXY,0.4520273,0.00012351299999999998,21.57239,0.07460199,0.06914965,19.886,0.03040163,0.04783741,106899.60599284562,6.681933131808142e-17,2.5152065323087576
GALAXY,0.3826391,6.879999999999999e-05,20.69869,0.04553435,0.1235218,18.99225,0.0177742,0.08545181,93869.18505104937,1.4941084612660203e-16,1.6820296702064346
GALAXY,0.2728142,3.32e-05,19.39388,0.02396457,0.1498134,18.05829,0.01164142,0.1036402,70948.1436762478,4.969424825092058e-16,0.9222988184745835
GALAXY,0.06335831,1.55e-05,17.21861,0.004637973,0.07387716,16.31656,0.003619001,0.05110788,18393.752381437866,3.684801735799784e-15,0.3387019151187211
GALAXY,0.04409801,1.12e-05,19.21149,0.03431553,0.09358941,18.91571,0.04270302,0.06474473,12929.028635501427,5.878440479151199e-16,0.8479957043503806
GALAXY,0.1301533,1.44e-05,17.44146,0.006018295,0.2440192,16.586579999999998,0.004554734,0.16881129999999994,36498.64203817885,3.0010561777655505e-15,0.37530785345350326
GALAXY,0.2453076,5.24e-05,20.46687,0.03820603,0.10734589999999998,19.03856,0.01743656,0.07426142,64734.03430956883,1.8497376023834068e-16,1.5117140597951475
GALAXY,0.5187257000000001,0.000130634,22.66678,0.2402974,0.131155,20.68129,0.06047779,0.09073245,118458.75660697311,2.4386311961353117e-17,4.16343369126526
GALAXY,0.4948763,0.000191103,22.37767,0.14520139999999998,0.1307758,20.88216,0.05204495,0.09047007,114429.6023727619,3.182659115446753e-17,3.644430329777809
GALAXY,0.6062684,0.00016393,22.27016,0.1286495,0.07304513,20.98553,0.06025157,0.05053228,132315.23054603723,3.513938248219442e-17,3.468387818754807
GALAXY,0.1239339,1.97e-05,17.34966,0.005182044,0.1063658,16.393720000000002,0.003767368,0.07358339,34867.72576362368,3.265834143770113e-15,0.3597722417453344
GALAXY,0.5960890999999999,0.00017009,21.25363,0.08930621,0.07882801,20.40762,0.07580759,0.05453285,130776.2928598082,8.962024466342322e-17,2.17180911882768
GALAXY,0.353258,9.13e-05,21.60112,0.09167659,0.2115134,19.72382,0.02581725,0.146324,88022.81572459206,6.507439291145654e-17,2.5487054773459183
GALAXY,0.05716896,1.66e-05,17.5549,0.005781581,0.1232018,16.63222,0.004361891,0.08523044,16649.674808244785,2.7033241564137006e-15,0.3954354972750036
GALAXY,0.1240641,3.5e-05,18.82165,0.01095607,0.1033806,17.794220000000006,0.007339338000000002,0.07151824,34901.98242646085,8.417790737946823e-16,0.7086399826022314
GALAXY,0.6634456,0.000191581,22.36266,0.1857932,0.16143239999999998,21.14493,0.0920353,0.1116782,140626.87358000645,3.226964035370333e-17,3.619325580205716
GALAXY,0.1235914,2.87e-05,17.95635,0.007142469,0.05324665,17.01684,0.005192382,0.03683579,34777.58790975267,1.8677473341221908e-15,0.4757356008135731
GALAXY,0.08291119,8.67e-06,18.23148,0.009071775,0.06719612,17.67716,0.007887795999999999,0.04648596,23828.983180852374,1.4496598981173513e-15,0.539997379493917
GALAXY,0.4354677,8.39e-05,21.87773,0.09054517,0.04347572,20.12732,0.03269975,0.0300763,103886.00845298787,5.0438960222989206e-17,2.8949538998552886
GALAXY,0.1900531,2.47e-05,19.3301,0.01567551,0.04654768,17.95032,0.008436239,0.03220147,51643.14518742559,5.270091131698179e-16,0.895603232231539
GALAXY,0.06989865,1.7800000000000002e-05,15.45774,0.003417568,0.1172883,14.64507,0.002838899,0.08113949,20224.39031994152,1.8653577042692623e-14,0.15053713705492236
GALAXY,0.4604713,0.000144451,21.94124,0.10754260000000003,0.05315338,20.36471,0.04389307,0.03677126,108413.77013898962,4.7573173719473983e-17,2.9808742282910092
GALAXY,0.5317451,0.000191601,22.6399,0.30022600000000005,0.1231206,20.54655,0.06439766,0.08517424,120610.93807011838,2.4997589109988208e-17,4.112213479009195
GALAXY,0.295257,7e-05,20.58206,0.05419855,0.119643,19.10018,0.0218958,0.08276846,75873.79671298027,1.663543360124742e-16,1.594070968030386
GALAXY,0.6402165,0.000158106,22.6471,0.2341729,0.05330065,20.82853,0.06534614,0.03687314,137316.97792180843,2.4832367405788068e-17,4.125871067780568
GALAXY,0.4670312,0.000103724,21.82917,0.07193224,0.0379707,20.3152,0.03027595,0.02626796,109579.71223428029,5.2746072235572277e-17,2.830933399493742
GALAXY,0.1778144,4.28e-05,18.78867,0.01459973,0.06310557,17.53615,0.008062605,0.04365614,48630.77424210658,8.677410144537999e-16,0.6979585830173847
GALAXY,0.04056807,1.0800000000000003e-05,17.56782,0.005300333000000001,0.09219442,16.91668,0.004667286,0.06377967,11915.501891630445,2.6713458925799876e-15,0.3977953043067484
GALAXY,0.2348714,5.4299999999999985e-05,19.93261,0.03199871,0.05675057,18.43944,0.01496517,0.03925978,62324.37420159147,3.0256182089388955e-16,1.1820004782851088
GALAXY,0.5159189999999999,0.000198487,22.97755,0.27083240000000003,0.06059948,20.91906,0.07348735,0.04192244,117990.44993089838,1.8316315901759768e-17,4.80402935262036
GALAXY,0.3406663,6.47e-05,20.3034,0.03208252,0.06118742,18.53645,0.01261147,0.04232918,85454.89837315922,2.1502953967554977e-16,1.4020892265933427
GALAXY,0.4627075,7.32e-05,21.37748,0.07249905,0.06685707,19.75946,0.02980818,0.04625141,108812.24165169455,7.995877376078085e-17,2.29927889137646
GALAXY,0.0509638,1.13e-05,17.10877,0.005295286999999999,0.13765170000000002,16.55486,0.004605045,0.09522684,14889.716549237759,4.077088373859481e-15,0.3219953887553895
GALAXY,0.4923428,0.000108812,22.11763,0.13534649999999998,0.08395647,20.25129,0.04224072,0.0580807,113994.8919838933,4.043953239791361e-17,3.233118720719568
GALAXY,0.4997727,0.000130882,21.74423,0.14340260000000002,0.03354945,20.07434,0.04494504,0.02320936,115266.07799848798,5.70382411763726e-17,2.7223355361110704
GALAXY,0.5281773,0.000131991,21.88376,0.1378142,0.163512,20.50071,0.06223873,0.1131169,120024.44098300528,5.015960700694154e-17,2.903004120581878
GALAXY,0.5546477,0.000147882,21.85161,0.1076984,0.2366948,20.63355,0.05163266,0.16374439999999998,124317.68713670358,5.166710467521633e-17,2.86033995260596
GALAXY,0.2182674,3.21e-05,19.32974,0.01578248,0.1620675,17.949679999999994,0.007852725,0.1121175,58430.715981103516,5.271838837419629e-16,0.8954547659477777
GALAXY,0.1501834,2.5e-05,18.50642,0.01012379,0.1155188,17.63089,0.007204634000000001,0.07991534,41675.76110741997,1.1253565037861575e-15,0.6128859312622291
GALAXY,0.4316739000000001,0.000132205,21.86316,0.1312635,0.03177745,20.18901,0.04061209,0.02198349,103187.26686872155,5.112038609042748e-17,2.8755945529076374
GALAXY,0.1372247,2.56e-05,17.98087,0.00894108,0.0328513,16.960739999999998,0.00597112,0.02272638,38339.46873658632,1.8260393211192135e-15,0.4811379930150207
GALAXY,0.4767253,0.00010358,21.60581,0.08196287,0.204744,19.81258,0.0269995,0.1416409,111286.28134288306,6.479390058434354e-17,2.5542161836255817
GALAXY,0.28212020000000004,4.69e-05,20.27131,0.03775187,0.13165770000000002,18.66232,0.01413229,0.09108021,73006.16106472406,2.2147980129458012e-16,1.38152151349674
GALAXY,0.30647729999999995,5.05e-05,20.66942,0.05567197,0.3999901,18.65566,0.0125252,0.2767113,78288.63596345091,1.5349354810193766e-16,1.6595091536949027
GALAXY,0.4294090999999999,8.340000000000001e-05,21.487920000000006,0.0866216,0.2971016,19.65112,0.02826783,0.2055335,102768.64364476582,7.222542818256842e-17,2.419243886665451
GALAXY,0.04477865,1.55e-05,17.48249,0.008194652,0.1098192,16.75923,0.0075271040000000015,0.0759724,13124.028639338467,2.8897623283543595e-15,0.38246672078475463
GALAXY,0.5574343,0.000220093,23.04943,0.2309359,0.17127620000000002,21.23159,0.07658849,0.1184881,124761.9126478638,1.7142972371311445e-17,4.965713422631605
GALAXY,0.1629545,3.15e-05,18.6246,0.009783843,0.11075739999999998,17.49464,0.006423546,0.07662145,44917.08996736452,1.009295007946218e-15,0.6471659396435708
GALAXY,0.03747864,7.16e-06,16.36486,0.003455708,0.07788969999999999,16.08827,0.003542787,0.05388374,11025.404538475465,8.08935929204557e-15,0.22859548705532337
GALAXY,0.1719697,3.82e-05,18.29395,0.008560901999999999,0.07232652,17.1448,0.005359612,0.05003515,47177.485329218725,1.3686050091647045e-15,0.5557579095264419
GALAXY,0.1374403,1.1e-05,18.39921,0.009193277,0.07728173,17.62586,0.007142182,0.05346314,38395.36848617948,1.242150233118373e-15,0.5833613503614132
GALAXY,0.5040978,0.000115901,22.49054,0.1931779,0.06940316,20.76056,0.05595174,0.04801279,116000.94808264323,2.868415926528382e-17,3.838872182585025
GALAXY,0.08030810000000001,3.44e-05,18.66674,0.010312200000000002,0.07889582,17.67519,0.006815081,0.05457976,23111.900424489955,9.708723331166353e-16,0.6598476165007212
GALAXY,0.5594494000000001,0.000135399,22.04519,0.1332049,0.1172712,20.24476,0.03919781,0.08112766,125082.24340874045,4.322969039648494e-17,3.1270415527905713
GALAXY,0.620707,0.00017087599999999998,22.99213,0.2035209,0.08767856,21.18443,0.06872945,0.06065562,134466.85229872708,1.807199614216523e-17,4.836393761289014
GALAXY,0.4476401,0.000105005,20.94903,0.07014699,0.06607333,19.31601,0.0254907,0.04570922,106106.92537891075,1.1864409424974762e-16,1.8875638543132522
GALAXY,0.2682373,4.53e-05,19.08445,0.01608049,0.07358719,17.54639,0.007500680999999999,0.05090727,69927.79989431413,6.608123107955618e-16,0.7998078314392094
GALAXY,0.6031561,0.000149223,22.34271,0.1706755,0.06446403,20.53429,0.05492405,0.04459592,131846.65152082135,3.286806409474425e-17,3.5862259787894804
GALAXY,0.02146364,8.26e-06,17.82271,0.01244563,0.06394719,17.515520000000002,0.01654032,0.04423837,6365.597591694547,2.1123901085680668e-15,0.4473399164291761
GALAXY,0.43232,0.000118678,21.93953,0.09855188,0.08041763,20.37869,0.03819165,0.05563254,103306.48646871735,4.7648158989634724e-17,2.9785277612507586
GALAXY,0.5055423,0.00012387799999999998,21.88168,0.1259296,0.04676124,20.17223,0.04176494,0.03234921,116245.54666674194,5.0255792418282517e-17,2.900224735717199
GALAXY,0.1668245,2.35e-05,18.74499,0.01229243,0.1295648,17.8465,0.008658006999999999,0.08963235,45890.216677850134,9.033626390560588e-16,0.6840591434920854
GALAXY,0.12735839999999998,1.91e-05,18.13357,0.007677975,0.09218252,17.11528,0.005341962,0.06377143,35767.11250621743,1.5864636480519785e-15,0.5161900777928978
GALAXY,0.5575602,8.98e-05,21.60604,0.07449581,0.09098479,19.93138,0.02663205,0.06294286,124781.94861406978,6.478017623885942e-17,2.5544867377587246
GALAXY,0.09598105,8.59e-06,18.25487,0.01115447,0.08722556,17.81149,0.01061978,0.06034223,27399.275922849312,1.4187638861126415e-15,0.5458453969188949
GALAXY,0.1935891,3.2e-05,18.9685,0.0141308,0.0737505,17.640439999999995,0.007361522,0.05102025,52505.75909788017,7.352890952750094e-16,0.7582207269866494
GALAXY,0.07409267,1.3800000000000003e-05,16.42932,0.004158861,0.1412081,15.55703,0.003304423,0.09768712,21391.63231711858,7.623073816671911e-15,0.23548305004134631
GALAXY,0.5900162,0.00010972,21.71703,0.1026519,0.2256108,20.43426,0.05420563,0.1560765,129849.383493049,5.84852196363511e-17,2.6884480712767194
GALAXY,0.3625384,5.770000000000001e-05,20.51247,0.04310603,0.1122546,18.71855,0.01570357,0.07765722,89891.3097882079,1.7736589928055983e-16,1.543795079138309
GALAXY,0.5344696999999999,0.00018593,21.57035,0.1155561,0.09770765,20.49485,0.07223852,0.0675937,121057.16744502596,6.69449968102642e-17,2.5128447192473
GALAXY,0.3679014,6.159999999999999e-05,21.16103,0.06005638,0.2499193,19.1407,0.0163733,0.17289300000000002,90961.839421135,9.759917018772617e-17,2.0811417046926493
GALAXY,0.4537123,0.000112225,21.55838,0.1261008,0.3208223,19.80447,0.04369095,0.2219433,107202.96341594591,6.768713393116946e-17,2.4990310505151285
GALAXY,0.5934003999999999,0.000129517,23.20267,0.3311398,0.21011420000000006,20.79611,0.06502612,0.14535610000000002,130366.73012991028,1.4886415110324698e-17,5.328802842098894
GALAXY,0.4172503,9e-05,21.55391,0.0923304,0.3805531,19.70913,0.02745907,0.2632649,100502.01317389765,6.796637779273489e-17,2.4938920585761157
GALAXY,0.3035163,5.94e-05,19.01756,0.01984661,0.05593073,17.37764,0.00821485,0.03869262,77654.4285848305,7.028038391306879e-16,0.7755461607786599
GALAXY,0.1561438,1.34e-05,19.81887,0.02521826,0.2989278,19.18599,0.02140942,0.2067969,43194.262953964346,3.35977446625891e-16,1.1216817458942474
GALAXY,0.4343339,0.000115814,22.03467,0.1311094,0.1196637,20.25108,0.03929668,0.0827828,103677.51277710788,4.365059070482536e-17,3.111928802686005
GALAXY,0.05398375,1.44e-05,16.98701,0.004455668,0.1591346,16.10332,0.003549055,0.1100886,15747.68981475311,4.560937544099828e-15,0.3044371532626538
GALAXY,0.17155150000000002,3.89e-05,18.36669,0.01297726,0.1668014,17.17664,0.008355875,0.1153924,47073.133574490486,1.2799179364510328e-15,0.5746900160124406
GALAXY,0.4006267,0.000110404,20.96044,0.05248593,0.1123387,19.23536,0.01900703,0.07771537,97350.02603775686,1.1740379223802738e-16,1.897508160336069
GALAXY,0.4084195,0.000104653,21.218020000000006,0.07764876,0.1713723,19.31856,0.02254118,0.1185546,98835.30058453129,9.260834546729159e-17,2.1364840369851885
GALAXY,0.5772930000000001,0.000259908,23.14582,0.3115835,0.2482629,21.24904,0.08703812,0.1717471,127885.87814431534,1.5686647056579145e-17,5.191103074096276
GALAXY,0.4212502,7.52e-05,21.65756,0.1082642,0.1938309,19.86447,0.03313852,0.13409129999999994,101251.25933489042,6.17780399511064e-17,2.6158187730975286
GALAXY,0.6122259,0.000231843,21.41879,0.22801060000000006,0.08105599999999999,19.64227,0.07357026,0.05607416,133207.42156569223,7.697365787324003e-17,2.343438994672958
GALAXY,0.4059384,0.000109729,20.70798,0.05236177,0.06778365,18.97915,0.01947715,0.04689241,98363.89205591801,1.4813788000958408e-16,1.6892411498484503
GALAXY,0.435308,2.62e-05,20.9572,0.08125203,0.1111305,19.259,0.02800701,0.07687957,103856.65791896425,1.1775466606730362e-16,1.8946790467315062
GALAXY,0.15289339999999998,2.89e-05,18.38441,0.01119387,0.04151424,17.64359,0.009273474,0.02871936,42367.42306888572,1.2591982898923104e-15,0.5793988812240434
GALAXY,0.07569609,2.28e-05,18.62408,0.00999306,0.06510018,17.6831,0.007426386,0.045036,21836.508216928116,1.0097785131504843e-15,0.6470109821149458
GALAXY,0.03502192,1.15e-05,15.73265,0.003409898,0.033525,14.83017,0.002852508,0.02319244,10315.563398735549,1.448098571771776e-14,0.1708541972570346
GALAXY,0.409882,7.63e-05,20.68218,0.05110139,0.06069555,18.90992,0.01715619,0.0419889,99112.5304679836,1.5170019016601447e-16,1.6692894640397378
GALAXY,0.6113384,0.000134668,22.59925,0.1684244,0.1806434,20.97974,0.06049738,0.1249682,133074.9046506883,2.59512406632863e-17,4.035948838411507
GALAXY,0.17210720000000002,7.67e-06,18.56139,0.009895783,0.06435414,17.85359,0.008125339,0.0445199,47211.78445569183,1.069798846297528e-15,0.6285989514960522
GALAXY,0.1875553,2.98e-05,18.72453,0.01099065,0.05496231,17.44059,0.006258191999999999,0.03802267,51031.7215846542,9.205473353215896e-16,0.6776440857104905
GALAXY,0.189862,2.09e-05,18.45028,0.0144024,0.100952,17.53924,0.008744786,0.06983810000000001,51596.427712535726,1.1850757878804707e-15,0.5972438030981416
GALAXY,0.29509309999999994,5.36e-05,20.13486,0.0370838,0.06858283,18.48303,0.01468687,0.04744529,75838.2878993209,2.511389795193513e-16,1.2973813549898854
GALAXY,0.5152188,0.000180927,21.89242,0.1356463,0.1595768,20.59773,0.06619728,0.1103945,117873.37766717473,4.976111753810758e-17,2.9146046421659055
GALAXY,0.2467065,6.19e-05,19.54522,0.03389632,0.0551272,18.10838,0.01470228,0.03813674,65054.84215134308,4.32284959324988e-16,0.9888710261445188
GALAXY,0.5293465,0.00013708,21.56767,0.1215588,0.05582375,20.07629,0.04930799,0.03861862,120216.91299021961,6.711044602472777e-17,2.5097453154682214
GALAXY,0.1406922,3.18e-05,18.43728,0.009150323,0.04279673,17.43805,0.00624605,0.02960658,39236.89259950276,1.1993505129260452e-15,0.5936789524663724
GALAXY,0.1978295,3.9299999999999986e-05,19.12384,0.0178007,0.0630795,17.78709,0.009759,0.04363811,53535.67246138873,6.372680205315954e-16,0.8144485459398662
GALAXY,0.6338819,0.00012875200000000002,22.72602,0.2298353,0.06653707,21.36243,0.1174767,0.04603003,136398.68006905075,2.3091392599146656e-17,4.2785799559538065
GALAXY,0.5186718,0.000137144,21.98536,0.1258456,0.17099479999999995,20.49117,0.05362472,0.1182934,118449.77780787183,4.56787409841441e-17,3.042059136190751
GALAXY,0.5360984999999999,4.94e-05,20.84881,0.04496559,0.05291444,19.86799,0.0315996,0.03660597,121323.24572678354,1.3011702506097705e-16,1.802426866646101
GALAXY,0.6525831,0.000201275,23.29369,0.4272805,0.06255866,20.71686,0.07234272,0.04327779,139090.24681932788,1.368932786676579e-17,5.556913701564049
GALAXY,0.3184470999999999,7.4e-05,20.77153,0.04358901,0.05750724,19.07052,0.0171597,0.03978324,80830.21403480812,1.397159941114678e-16,1.739408757368337
GALAXY,0.1835655,3.55e-05,18.74123,0.01122001,0.04483385,17.43675,0.006188361,0.03101585,50051.4967069616,9.064964866157266e-16,0.6828756898900897
GALAXY,0.6031228,0.000172748,22.44243,0.1979969,0.04982624,20.59939,0.06114054,0.03446956,131841.62871777816,2.9983762224432116e-17,3.75475541488083
GALAXY,0.0592946,1.25e-05,18.36136,0.008165926,0.0581322,17.5377,0.006026182,0.04021559,17249.934426023443,1.2862166440865084e-15,0.5732811371458478
GALAXY,0.4999859,0.000122676,21.88532,0.1399384,0.05911203,20.09149,0.04444136,0.04089343,115302.3903405589,5.008758877735929e-17,2.9050904070651327
GALAXY,0.4999571,0.000116706,21.87672,0.1066357,0.0762684,20.3014,0.0417324,0.05276212,115297.48564203198,5.0485902612709377e-17,2.8936077056576117
GALAXY,0.540388,0.00021728,22.56178,0.1944116,0.199626,20.59369,0.05137929,0.13810029999999998,122021.53444051383,2.686248124017056e-17,3.966903650204365
GALAXY,0.09724762,1.67e-05,17.50779,0.005480205,0.10636860000000002,16.48847,0.003951408,0.07358532,27742.60228034347,2.823203119351809e-15,0.3869489319619197
GALAXY,0.233332,4.84e-05,21.81159,0.07889266,0.03881086,20.41539,0.03600479,0.02684917,61966.4869270631,5.3607076733331705e-17,2.8081070010683957
GALAXY,0.07520992,7.13e-06,17.836,0.0065507,0.04019834,17.26799,0.006154653,0.02780903,21701.698429479096,2.0866909148865056e-15,0.4500861533110071
GALAXY,0.06020557,1.6800000000000002e-05,17.313879999999994,0.0051562940000000005,0.1156773,16.43188,0.003819002,0.080025,17506.772561137575,3.3752513932205482e-15,0.3538927391576654
GALAXY,0.2458344,4.06e-05,19.45353,0.02256401,0.04669642,18.05127,0.01035324,0.03230437,64854.90522509016,4.703770512201421e-16,0.9479854076252459
GALAXY,0.6214347,0.000205188,22.82024,0.237617,0.4529792,21.08647,0.07973394,0.3133689,134574.33324453037,2.1172011694432736e-17,4.46831366833555
GALAXY,0.6403624,0.000153006,21.51003,0.07632613,0.159832,20.51404,0.04812456,0.1105711,137338.0484010503,7.07694996676556e-17,2.4440025363677615
GALAXY,0.02220963,1.24e-05,18.54677,0.01442184,0.404975,17.83706,0.01051928,0.2801598,6584.35844147365,1.0843016663687843e-15,0.6243809616538051
GALAXY,0.8207821,7.41e-05,21.78628,0.2818107,0.15436760000000002,20.83536,0.1896423,0.10679080000000002,160846.79563462813,5.4871410636902725e-17,2.77556659709612
GALAXY,0.02359403,8.66e-06,21.76323,0.07001510000000001,0.15375450000000002,21.54924,0.08218344,0.1063667,6989.890961334777,5.604877501201674e-17,2.7462600059664375
GALAXY,0.4024628,9.15e-05,20.77692,0.04627549,0.0713921,18.92278,0.01644646,0.04938872,97701.20755724922,1.3902411054346123e-16,1.7437316576076178
GALAXY,0.3671634,5.400000000000001e-05,20.21996,0.03620079,0.09750185,18.41569,0.01540057,0.06745133,90814.9241103371,2.322063677844761e-16,1.3492351669695815
GALAXY,0.0331418,4.27e-06,17.86427,0.005573280999999999,0.06745449,17.70704,0.006233892,0.0466647,9771.10630140212,2.0330596695298026e-15,0.45598405069554454
GALAXY,0.200144,5.19e-05,19.04762,0.01526876,0.02930592,17.73719,0.008341741,0.0202737,54095.73745958437,6.836127044961637e-16,0.7863568101192994
GALAXY,0.07680599,1.82e-05,17.38775,0.00513102,0.14240279999999994,16.45405,0.003975687,0.09851363,22144.0102257188,3.153247972832001e-15,0.3661387143866866
GALAXY,0.5134956,0.000131458,22.68498,0.2450467,0.06667802,20.52939,0.06083,0.04612754,117584.84959807448,2.3980935732754737e-17,4.19847578087011
GALAXY,0.6427348,0.000115916,21.33749,0.08376297,0.06362937,20.42743,0.05527687,0.04401851,137680.1604913107,8.295873578906191e-17,2.2573227173694486
GALAXY,0.07261045,2.35e-05,18.19513,0.007265646,0.04756159,17.404989999999998,0.0059754940000000005,0.03290289,20979.708307301655,1.499015505780845e-15,0.531033173609519
GALAXY,0.4151263,8.89e-05,21.52792,0.07273912,0.09506933,19.57759,0.02107519,0.06576853,100102.71525601782,6.961296392602898e-17,2.4642209885599837
GALAXY,0.120212,3.24e-05,18.68964,0.01025405,0.1175782,17.69308,0.006881623000000001,0.08134006,33886.39404619078,9.506094454156397e-16,0.6668430854217374
GALAXY,0.4884436,0.000126875,21.83174,0.07379209,0.07024734,20.31656,0.03062225,0.04859679,113323.3043522655,5.262136690155204e-17,2.8342858740104684
GALAXY,0.1236442,2.39e-05,18.10803,0.008401892,0.07847287,17.09723,0.005806072,0.05428717,34791.48582120679,1.624224754497361e-15,0.510154418270221
GALAXY,0.4605212,0.00015659,21.69891,0.119968,0.0927858,19.9619,0.04063338,0.06418879,108422.67336154528,5.946947782962089e-17,2.666107473475445
GALAXY,0.09588933,1.32e-05,16.87249,0.004541937,0.1265384,15.91699,0.0033235240000000004,0.08753871,27374.39535153927,5.068297802657557e-15,0.28879764820525405
GALAXY,0.4914839,7.7e-05,21.47308,0.07137379,0.1251068,20.33796,0.03950845,0.08654832,113847.22256188511,7.321939317041017e-17,2.402766964782007
GALAXY,0.3917222,7.659999999999999e-05,20.73415,0.04292529,0.06147288,18.97191,0.01546972,0.04252665,95636.0964165201,1.446099331005629e-16,1.7097225992804614
GALAXY,0.2801272,4.2700000000000015e-05,19.65414,0.02405734,0.1064229,18.11023,0.01005132,0.07362285,72567.2758695325,3.9102283957735034e-16,1.0397373669211245
GALAXY,0.31349970000000005,4.84e-05,20.27724,0.03054263,0.08416352,18.51691,0.01164204,0.05822394,79784.02056617831,2.202734354340955e-16,1.385299419645818
GALAXY,0.5781028,0.000283891,21.43361,0.1141359,0.07732195,20.09952,0.05101798,0.05349097,128011.72659243237,7.593012681258256e-17,2.359487344517962
GALAXY,0.5771611,0.00020436,21.10517,0.07818335,0.1014885,19.8695,0.04126962,0.07020929,127865.36864207998,1.0275196245634901e-16,2.0282881449659005
GALAXY,0.09077218,6.95e-06,17.23102,0.004970961,0.08793508,16.82229,0.004829283,0.06083308,25982.37898906795,3.642924119746563e-15,0.3406431438440755
GALAXY,0.1057114,8.599999999999999e-06,17.65994,0.006997953,0.07929602,17.01326,0.00601765,0.05485662,30024.82709867594,2.454042756977225e-15,0.4150339773233258
GALAXY,0.4067297,0.000107321,21.25093,0.07265028,0.142816,19.38955,0.02343655,0.09879943,98514.38858151059,8.98433889036159e-17,2.1691103783138894
GALAXY,0.4493991,0.000123052,22.07911,0.112947,0.07364327,20.40103,0.0395159,0.05094607,106425.23484591553,4.1900009863658105e-17,3.176271752287409
GALAXY,0.03443452,7.05e-06,17.310879999999994,0.005159021,0.1856403,16.9442,0.005130098,0.1284251,10145.573819459665,3.384590453919719e-15,0.3534041558493484
GALAXY,0.4063255,9.68e-05,21.28278,0.07431082,0.09082437,19.45761,0.02542428,0.06283188,98437.53173121937,8.724612061067707e-17,2.201160203593631
GALAXY,0.6011949000000001,0.000183071,23.41492,0.4618748,0.4513529000000001,21.00716,0.08481202,0.3122438,131550.4994678413,1.2243064153694274e-17,5.875971115708922
GALAXY,0.6957833000000001,0.000190207,23.87957,0.8105429,0.08246896,20.68607,0.0716783,0.05705164,145088.05484774435,7.980500427629251e-18,7.277959797626419
GALAXY,0.2548012,6.91e-06,19.07553,0.009650156,0.1099365,18.76576,0.009699288,0.07605354,66901.08148987697,6.66263658467231e-16,0.7965291101821764
GALAXY,0.1572078,2.8600000000000007e-05,18.06779,0.008875484,0.07289463,16.9152,0.005375567,0.05042816,43464.2746216398,1.6855518834466021e-15,0.5007876985986282
GALAXY,0.3723379000000001,7.120000000000001e-05,20.86885,0.06314971,0.09497618,19.10182,0.0209879,0.06570408,91842.34399354704,1.2773741559850184e-16,1.8191380265569101
GALAXY,0.06165269,2.28e-05,18.10232,0.007769916,0.08759081,17.26868,0.005899446,0.06059491,17914.26593390999,1.6327892229498893e-15,0.5088147028072747
GALAXY,0.1704122,3.4200000000000005e-05,18.44144,0.009718864,0.04838052,17.29062,0.006107276,0.03346942,46788.60024010574,1.1947639917656774e-15,0.5948173835198629
GALAXY,0.07231519,2.6e-05,17.8254,0.006239166,0.04356201,16.93636,0.004586735,0.030136000000000007,20897.57499581975,2.10716296779509e-15,0.4478944203794657
GALAXY,0.03198267,4.24e-06,15.94827,0.002874687,0.06662751,15.37127,0.0026723370000000003,0.0460926,9434.911672831575,1.1872717251248883e-14,0.1886903335896646
GALAXY,0.04286074,8.400000000000001e-06,17.247,0.006595201,0.1950231,16.85184,0.007118226,0.1349161,12574.203093896986,3.5896997533503885e-15,0.3431592044128008
GALAXY,0.05355148,1.34e-05,17.61325,0.00567623,0.03871902,16.877760000000002,0.004783812,0.02678564,15625.047509613303,2.561876118100682e-15,0.40620536236400245
GALAXY,0.4952459,0.000156436,21.97505,0.1532884,0.12521849999999998,20.27915,0.04952332,0.08662558,114492.9116373721,4.6114565947403184e-17,3.0276498850814892
GALAXY,0.311287,4.92e-05,20.19384,0.03424944,0.03396932,18.59774,0.01355241,0.02349981,79314.15778757776,2.37860389221586e-16,1.333102835847224
GALAXY,0.6352437,0.000190356,22.563370000000006,0.1988301,0.0783847,20.64969,0.05497932,0.05422618,136596.66799367248,2.682317142802946e-17,3.9698093682508593
GALAXY,0.1260788,1.42e-05,18.97923,0.01347099,0.06793254,17.9656,0.00901011,0.04699541,35431.44289723755,7.280582462386346e-16,0.7619766311351668
GALAXY,0.2113362,4.03e-05,19.27237,0.01632396,0.06078097,17.88625,0.008299033,0.042048,56783.37274612691,5.557892279184991e-16,0.8721067588132895
GALAXY,0.4892593,9.4e-05,21.64098,0.08212112,0.04001079,19.92347,0.0309653,0.02767928,113464.05395941755,6.272867659578187e-17,2.5959220792340862
GALAXY,0.2691386,4.57e-05,19.09365,0.01782796,0.07482123,17.48967,0.00802211,0.05176098,70129.15715243117,6.552365654330015e-16,0.8032036109907991
GALAXY,0.5946965,0.000100797,21.94256,0.1119324,0.05799567,20.21605,0.04133842,0.04012113,130564.32299267214,4.7515371067637744e-17,2.982686800322989
GALAXY,0.02657904,9.95e-06,16.0325,0.003074323,0.05136108,15.25851,0.002671532,0.03553136,7862.338659354729,1.098646876168669e-14,0.19615331506962638
GALAXY,0.5364279000000001,0.00017681400000000002,22.21682,0.127686,0.08403298,20.7388,0.05575502,0.05813363,121376.99397572341,3.6908816980863854e-17,3.3842282955009666
GALAXY,0.4406766,0.000106453,21.19475,0.08268160000000001,0.03951153,19.39018,0.02662975,0.02733389,104840.30370996155,9.461459293096901e-17,2.1137112177950046
GALAXY,0.1389529,2.6e-05,17.69541,0.007333696,0.04050557,16.63674,0.004862498,0.02802157,38787.174162997595,2.375166860849887e-15,0.4218690376702886
GALAXY,0.5256274000000001,0.000101859,21.83768,0.1174988,0.07441223,20.16664,0.04041583,0.05147804,119603.75921891103,5.233426452211979e-17,2.8420495949568685
GALAXY,0.4815786,0.00013977,21.221,0.07818824,0.04604506,19.616,0.02890475,0.03185376,112133.36134950204,9.235451356435003e-17,2.139418033778155
GALAXY,0.3147438,5e-05,20.23165,0.03151029,0.03224945,18.62065,0.01268039,0.02231002,80047.6707683132,2.2971963904184366e-16,1.356518285403155
GALAXY,0.5414488000000001,0.000143317,22.89892,0.3436677,0.1475028,20.77153,0.08110973,0.1020417,122193.67894134342,1.9692013516724223e-17,4.6331851134973405
GALAXY,0.5243182,0.000120978,22.1919,0.1947003,0.1898908,20.20801,0.05204513,0.1313656,119387.27614394425,3.776575098400284e-17,3.3456126091961407
GALAXY,0.08682463,1.6800000000000002e-05,16.84822,0.004575858,0.1883576,15.99652,0.003547181,0.1303049,24903.27950085532,5.182867726264622e-15,0.28558780089797925
GALAXY,0.03562376,8.08e-06,17.66314,0.006775906,0.14140129999999998,17.06803,0.005828771999999999,0.09782078,10489.624903041336,2.446820583088679e-15,0.41564604487212936
GALAXY,0.128943,7.12e-06,18.54417,0.008300307,0.1387646,18.19684,0.00839045,0.09599674,36182.137350077835,1.0869013425612138e-15,0.6236338100886619
GALAXY,0.03833591,2.9100000000000006e-05,17.48087,0.006486165,0.1095123,16.67879,0.004908116,0.07576010000000001,11272.678685144947,2.8940772892081505e-15,0.3821814926504053
GALAXY,0.6030707,0.00017664099999999998,22.61812,0.2272161,0.05102003,20.52609,0.05043207,0.03529542,131833.7698246923,2.5504107202205478e-17,4.071173887199968
GALAXY,0.2968508,4.01e-05,20.96601,0.04596251,0.0218134,19.818,0.02598635,0.01509041,76218.73962207107,1.1680303435719372e-16,1.9023816679721572
GALAXY,0.511576,7.52e-05,21.46114,0.06884693,0.02402845,20.34413,0.03783562,0.01662277,117262.74585051918,7.402904130657157e-17,2.389591431252511
GALAXY,0.4855735,9.62e-05,21.65585,0.1095776,0.09884266,19.93978,0.03641964,0.06837889,112826.9884441438,6.187541506093251e-17,2.6137596682630955
GALAXY,0.2940699,6.54e-05,20.13975,0.03021145,0.1254007,18.48136,0.01208961,0.08675160000000001,75616.45932308193,2.5001042893124603e-16,1.3003062567748915
GALAXY,0.1834657,1.19e-05,18.18109,0.01020848,0.1361027,17.3264,0.0068315,0.0941552,50026.92099445985,1.5185256257067457e-15,0.5276107701918833
GALAXY,0.2259866,3.64e-05,19.62556,0.01990395,0.2078913,18.06682,0.008692808,0.1438182,60250.076325167116,4.014524615677116e-16,1.02614244568658
GALAXY,0.34035429999999994,5.95e-05,21.0558,0.04649315,0.1844623,19.29175,0.0167924,0.1276101,85390.7876770388,1.0753209949426359e-16,1.9826938171222213
GALAXY,0.5504071999999999,0.00011734,21.84989,0.07186729,0.192496,20.26494,0.02982597,0.13316779999999998,123638.88720906054,5.174901946056383e-17,2.858075205074777
GALAXY,0.7238055,0.00027636,22.62335,0.1716249,0.1997515,21.20935,0.07756113,0.1381871,148820.75952926796,2.5381549131993987e-17,4.080991143526442
GALAXY,0.6436354999999999,9.990000000000003e-05,21.82076,0.08524889,0.29358,20.9469,0.06177530000000001,0.2030973,137809.79793202566,5.315622428574692e-17,2.8199905455193743
GALAXY,0.05218259,3.6e-05,20.41376,0.04845669,0.2282708,19.91191,0.04489228,0.15791670000000002,15236.30357231529,1.9424691279701914e-16,1.4751889556659017
GALAXY,0.3538449,4.36e-05,20.52797,0.03470709,0.4058183,19.20567,0.01672039,0.2807432,88141.58440832775,1.7485180713425383e-16,1.5548541325814589
GALAXY,0.5876946999999999,0.00017605599999999998,21.89015,0.1488783,0.09200119,20.31601,0.05647535,0.06364600000000001,129493.30287306164,4.986526429281034e-17,2.9115593833185947
GALAXY,0.4799965,0.000133837,21.85189,0.09289432,0.11263030000000003,20.33637,0.04055856,0.07791712,111857.75921577946,5.165378198781818e-17,2.8607088022496714
GALAXY,0.1530268,3.5600000000000005e-05,19.57712,0.01540607,0.08791704,18.42675,0.009615508,0.0608206,42401.4163912283,4.1976877042575744e-16,1.0035052577801813
GALAXY,0.7963085999999999,3.78e-05,22.91146,0.17715050000000002,0.08469361,22.43553,0.1762828,0.05859065,157936.77193887832,1.9465883739113883e-17,4.66001862298098
GALAXY,0.2438754,4.1e-05,19.82865,0.02020533,0.3472902,18.284370000000006,0.00977684,0.2402537,64405.054811027985,3.329646478357299e-16,1.1267450330515454
GALAXY,0.01556148,8.57e-06,16.668029999999998,0.01652393,0.097746,16.16439,0.02305182,0.06762023,4628.91984669276,6.118516354228683e-15,0.2628461694527592
GALAXY,0.5016611,0.000105185,21.46373,0.08816475,0.1237025,19.70917,0.03140231,0.08557683,115587.39380455994,7.385265710956744e-17,2.3924432907574698
GALAXY,0.9574432,8.62e-05,22.38737,0.1503885,0.06844645,22.26322,0.2413148,0.04735094,175695.48881981734,3.15435178049324e-17,3.6607464701115804
GALAXY,0.13539229999999994,1.09e-05,18.2688,0.0102487,0.05050658,17.72532,0.01056481,0.03494022,37863.8352682637,1.4006774124477443e-15,0.5493582517080838
GALAXY,0.2624754,4.15e-05,20.194000000000006,0.02663493,0.1551254,18.60328,0.01203375,0.107315,68635.57861406376,2.3782533940188074e-16,1.333201066113077
GALAXY,0.5306258,0.000103397,22.54894,0.1445668,0.03196431,21.02434,0.06239412,0.02211276,120427.20593461157,2.7182044880450715e-17,3.943516409091725
GALAXY,0.5655865,0.000221325,23.00241,0.3581804,0.04830815,21.35245,0.1218399,0.03341935,126053.1643334184,1.7901693830875128e-17,4.8593440871814435
GALAXY,0.3840144,7.329999999999999e-05,20.72084,0.04410276,0.054849,19.09933,0.01779453,0.03794428,94137.9330363188,1.4639361161155008e-16,1.6992749382908379
GALAXY,0.02992956,1.25e-05,15.756670000000002,0.003362946,0.0773458,15.24852,0.003231246,0.05350746,8838.440897601298,1.4164137210809708e-14,0.17275461271309264
GALAXY,0.399489,9.4e-05,21.27744,0.07154123,0.08089869,19.56345,0.02322572,0.05596533,97132.04259342115,8.76762820731432e-17,2.1957538468069715
GALAXY,0.04370091,1.35e-05,16.61581,0.009092661,0.08104102,15.92746,0.005415585,0.0560638,12815.197641484625,6.419986653317407e-15,0.2566005909854874
GALAXY,0.2251076,3.3e-05,19.14565,0.01582474,0.1508692,17.65975,0.007551348,0.1043706,60043.71092295243,6.245944562288528e-16,0.8226699847289068
GALAXY,0.2605388,4.57e-05,19.29164,0.02327112,0.06810609,17.77923,0.009837155,0.04711547,68199.32259799066,5.460119216360585e-16,0.8798804176419119
GALAXY,0.5088744000000001,0.000147447,22.19706,0.13624679999999995,0.07075,20.41433,0.04153102,0.04894452,116808.18776767467,3.7586693731794324e-17,3.3535721340000038
GALAXY,0.547358,0.000145236,21.79537,0.1258523,0.07975739,20.05966,0.04240911,0.0551758,123148.68700493382,5.441393396095386e-17,2.787209748286466
GALAXY,0.6271835,0.000222322,22.08458,0.1878047,0.07013968,20.18461,0.05420526,0.04852231,135420.21826800186,4.168944612123698e-17,3.1842829560457937
GALAXY,0.3966717,0.000103821,21.36976,0.07757092,0.05959603,19.96999,0.03453452,0.04122826,96590.98898737457,8.052933730655905e-17,2.291119028405289
GALAXY,0.5790702,0.000141835,22.71398,0.1632821,0.08215338,20.96573,0.05073632,0.05683333,128161.91029273682,2.334888387395711e-17,4.254922481495766
GALAXY,0.464957,0.000115658,21.77813,0.09946438,0.1132394,20.25224,0.0407309,0.07833848,109212.02370921243,5.528484867736389e-17,2.765168827246158
GALAXY,0.2005098,2.44e-05,18.87369,0.01377304,0.0919304,17.84958,0.009022963,0.06359703,54184.11969947213,8.023837509256858e-16,0.7258278904843908
GALAXY,0.2093969,3.72e-05,18.711,0.012774700000000002,0.1113863,17.417,0.006921069,0.07705651,56320.12497825041,9.320905935702884e-16,0.6734349508983128
GALAXY,0.6416079,0.00016784599999999998,24.02304,0.6032301999999999,0.118792,21.20832,0.08500522,0.08217978,137517.7740068382,6.992655377272126e-18,7.775058265649899
GALAXY,0.5318567,0.000120323,21.22587,0.1195461,0.06764332,19.38215,0.03452743,0.04679533,120629.24383471691,9.194119098541728e-17,2.144221529285787
GALAXY,0.6407390000000001,0.000169431,22.35969,0.1621226,0.08312023,20.84814,0.07267061,0.05750219,137392.41934859048,3.235803386582014e-17,3.61437868375412
GALAXY,0.05335547,1.17e-05,16.2804,0.003852287,0.07958015,15.63705,0.003394662,0.05505318,15569.417845712356,8.743757919759916e-15,0.21987489864908508
GALAXY,0.4825174,0.000120197,21.31631,0.1307379,0.08946,19.77116,0.05001615,0.06188801,112296.65745004869,8.459294121125694e-17,2.235412382563508
GALAXY,0.5416779,0.000117115,21.65817,0.1087026,0.1992672,20.26289,0.05603764,0.1378521,122230.8286027954,6.174334089621381e-17,2.616553700047019
GALAXY,0.3332296,7.159999999999999e-05,20.63847,0.04184964,0.16227039999999998,18.8855,0.01475135,0.1122579,83920.39167239587,1.579319963747919e-16,1.6360239318970777
GALAXY,0.08227497,8.8e-06,18.21009,0.008587000000000001,0.16134020000000002,17.52732,0.007267215,0.1116144,23653.905611043072,1.4785027110442108e-15,0.5347042700109345
GALAXY,0.5982192,0.00020612,22.52387,0.164107,0.07288837,21.04746,0.06925736,0.05042383,131099.84957740235,2.78169894117985e-17,3.898249683290005
GALAXY,0.2239159,4.74e-05,19.44811,0.02550757,0.08518887,18.07362,0.01277584,0.05893327,59763.60067554602,4.72731046256284e-16,0.9456221844556365
GALAXY,0.1096611,3.11e-05,17.64946,0.008048356999999999,0.09785561,16.77255,0.00584783,0.06769606,31082.699891486624,2.4778449390975024e-15,0.4130357585227858
GALAXY,0.5182854,0.000137555,21.95219,0.1051652,0.16356479999999998,20.32678,0.0363607,0.1131534,118385.39360602868,4.7095794219786726e-17,2.9959437308283534
GALAXY,0.259673,0.00015274,21.50478,0.09181039,0.10018989999999997,20.19434,0.04579343,0.0693109,68003.96897480873,7.111252921618641e-17,2.43810077363294
GALAXY,0.4839976,0.000115432,22.14125,0.09152768,0.1129045,20.40831,0.03099672,0.07810681,112553.7582403219,3.956927792803561e-17,3.268478648632012
GALAXY,0.1235843,2.05e-05,18.502,0.009737258,0.07602406,17.537770000000002,0.006469199,0.05259309,34775.71900043677,1.1299471346738623e-15,0.6116396797997541
GALAXY,0.6206865,0.000207982,22.70314,0.1852515,0.07561883,21.20781,0.06950199,0.05231275,134463.82313239202,2.3583166935813856e-17,4.233734817855069
GALAXY,0.5764948000000001,0.000159128,22.70852,0.15332939999999998,0.12127169999999997,21.02949,0.05317753,0.08389518,127761.71518409232,2.3466597545446922e-17,4.244237246108892
GALAXY,0.4861071,0.000207395,22.79548,0.2201895,0.09911973,20.95537,0.06927389,0.06857057,112919.38916803572,2.166038268224216e-17,4.417653534862322
GALAXY,0.1166706,8.88e-06,17.42067,0.005530406,0.1118154,16.90028,0.005190703,0.07735338,32948.93482957581,3.059075002795436e-15,0.37173174661872954
GALAXY,0.4710608,0.000140802,21.51783,0.110305,0.3041853,20.01759,0.04606379,0.210434,110291.46266735077,7.026290881705764e-17,2.4527972595178835
GALAXY,0.1799384,4.07e-05,18.56469,0.01128601,0.1109775,17.37373,0.006557616,0.0767737,49156.54782819587,1.0665522229141423e-15,0.6295549634403057
GALAXY,0.5608561,0.000176881,20.62771,0.1285315,0.1408137,18.96828,0.0443115,0.09741426,125305.41011186807,1.5950493527771027e-16,1.6279372184846475
GALAXY,0.2178922,3.97e-05,19.46113,0.02148027,0.2191583,18.00017,0.009344121,0.15161270000000002,58341.87475197712,4.670959752651975e-16,0.9513091025244134
GALAXY,0.4466445,0.000144417,22.15227,0.1276452,0.2588893,20.26851,0.03734728,0.1790985,105926.46817153125,3.916968916763772e-17,3.285108003347244
GALAXY,0.7842640000000001,0.00017580799999999998,22.65458,0.1995818,0.37429,21.46834,0.1171502,0.2589321,156474.45447992647,2.4661876875349232e-17,4.140107827300666
GALAXY,0.27207790000000004,4.25e-05,20.12038,0.02997641,0.17430510000000002,18.48021,0.01286137,0.12058339999999998,70784.3623296275,2.545107467507878e-16,1.288758825206728
GALAXY,0.3852673,6.51e-05,21.20733,0.07003763,0.2286192,19.3759,0.0216551,0.1581577,94382.38461921083,9.352465723631978e-17,2.125992128824582
GALAXY,0.346512,5.3799999999999986e-05,21.96164,0.12672619999999998,0.1206044,20.71281,0.061311800000000014,0.0834336,86651.76830684456,4.6687661902919614e-17,3.009010147039096
GALAXY,0.6342005000000001,0.000121308,21.83615,0.1111298,0.34399840000000004,20.96323,0.09361225,0.2379765,136445.02859108304,5.240806501664672e-17,2.8400478175814396
GALAXY,0.5249439,0.000140071,23.06264,0.2556183,0.4317157999999999,20.93267,0.07722882,0.298659,119490.7805856593,1.6935659960712643e-17,4.996014064188736
GALAXY,0.7199971,0.000135613,21.67834,0.05511714,0.198188,20.8033,0.04388725,0.13710550000000002,148320.54331665646,6.060690760286777e-17,2.640971121319027
GALAXY,0.2088705,2.9100000000000006e-05,19.22951,0.01904912,0.224707,17.81703,0.00956624,0.1554513,56194.2053916263,5.781680987839268e-16,0.8550620905528535
GALAXY,0.0850311,1.67e-05,17.53461,0.005898768,0.2746906,16.53424,0.004422336,0.1900297,24411.48860172143,2.75431828465857e-15,0.39175780012196504
GALAXY,0.3406677,6.53e-05,20.39964,0.05136033,0.3617786,18.57757,0.01888298,0.2502768,85455.18599657051,1.967895919506232e-16,1.4656276588924615
GALAXY,0.4915679,0.00014416600000000002,22.09675,0.09227105,0.3862146,20.34225,0.03704756,0.2671814,113861.67116109104,4.122475897774196e-17,3.2021793480187646
GALAXY,0.07526827,1.29e-05,17.16793,0.006015331999999999,0.09635481,16.29031,0.004473148,0.06665781,21717.881951615916,3.860878414690613e-15,0.33088848378815755
GALAXY,0.1407701,9.5e-06,17.71105,0.006321155,0.08623113,16.881510000000002,0.004898240999999999,0.0596543,39257.014417822065,2.3411978962968028e-15,0.4249185122966278
GALAXY,0.1496099,2.82e-05,18.57587,0.01191625,0.2266577,17.43923,0.007007350999999999,0.1568008,41529.12180575542,1.0556261139464394e-15,0.6328046361244906
GALAXY,0.5401157,8.08e-05,21.50647,0.06554987,0.06318185,20.41727,0.04633151,0.04370892,121977.31144485895,7.100192528745754e-17,2.4399990220754435
GALAXY,0.6139696,0.000203056,22.62534,0.15307279999999998,0.07484236,21.24583,0.07394207,0.0517756,133467.3809331484,2.5335070970306342e-17,4.08473279583362
GALAXY,0.07165676,1.3699999999999998e-05,18.31471,0.007849532,0.05039431,17.546860000000002,0.00649313,0.03486255,20714.3248342392,1.3426849630333258e-15,0.5610966196399776
GALAXY,0.4407669,0.000120503,21.87984,0.1189756,0.07414047,20.09179,0.03782227,0.05129004,104856.7954506374,5.0341033250317834e-17,2.8977682673686833
GALAXY,0.300746,0.000115435,21.74685,0.05678495,0.08303114,20.23502,0.02617255,0.05744056,77059.08313330048,5.690076760919765e-17,2.7256221648940198
GALAXY,0.4642665,0.000106049,21.68281,0.07232342,0.04131237,20.02603,0.02755369,0.02857971,109089.42061906721,6.035790055752925e-17,2.6464131889726477
GALAXY,0.3884198,7.5e-05,21.14541,0.0606554,0.04409703,19.34053,0.02146609,0.03050612,94995.87295739984,9.901343449216665e-17,2.0662251919825625
GALAXY,0.06121099,1.7800000000000002e-05,17.5667,0.006744312,0.09358655,16.74322,0.005157196,0.06474274,17789.953877846132,2.674102962925905e-15,0.39759018272154745
GALAXY,0.5641229,0.000138805,22.3341,0.1315819,0.05213965,20.59003,0.04407515,0.03606997,125822.25119295933,3.3129747447021844e-17,3.572034561428107
GALAXY,0.430992,8.45e-05,21.33205,0.06957426,0.09640899,19.55283,0.02204676,0.0666953,103061.34281642015,8.337543738061419e-17,2.2516747217668853
GALAXY,0.4896166,8.39e-05,21.64446,0.08828085,0.06441151,20.31219,0.04006602,0.04455958,113525.6636791226,6.252794061000864e-17,2.6000856373120578
GALAXY,0.1229915,2.95e-05,18.29983,0.008495635999999999,0.04381955,17.2823,0.005584377,0.03031416,34619.62690749722,1.3612131163291757e-15,0.5572648524221087
GALAXY,0.6522391,0.000227158,22.62846,0.2350198,0.05916977,20.97089,0.08641418,0.04093337,139041.26533976305,2.5262371951616748e-17,4.090606011763004
GALAXY,0.3252186,9.22e-05,19.88465,0.03323922,0.1017653,18.1987,0.01231737,0.07040074,82252.3765989082,3.1622640090282934e-16,1.156180531774765
GALAXY,0.2461012,4.22e-05,19.50372,0.01913395,0.09994732,18.00916,0.008537661,0.06914309,64916.09286455963,4.491279938602788e-16,0.9701517072543685
GALAXY,0.13658789999999998,1.93e-05,17.556720000000002,0.008403746,0.06513773,16.70761,0.006496876,0.04506198,38174.28452085226,2.6987964188740756e-15,0.3957670668994194
GALAXY,0.15957290000000002,2.46e-05,18.37655,0.01018212,0.05235409,17.40896,0.0070949759999999985,0.03621832,44063.32080996504,1.2683471144539944e-15,0.5773054431441672
GALAXY,0.6711925,0.000141561,21.5902,0.08974178,0.03479416,20.71212,0.0609359,0.02407044,141710.9408260544,6.573219352481221e-17,2.535920603923022
GALAXY,0.1294913,3.2500000000000004e-05,17.846729999999994,0.007841105,0.04126719,16.82791,0.005297054,0.02854845,36325.57509574023,2.0661703508144233e-15,0.45231568936857
GALAXY,0.6678398,0.000169727,22.82406,0.3193154,0.05946868,20.91414,0.09865408,0.04114015,141242.97888793173,2.1097652034981575e-17,4.476181132176334
GALAXY,0.01145083,1.46e-05,15.145879999999998,0.002427101,0.07482155,14.69302,0.002327821,0.051761199999999986,3413.219126197719,2.4860286264362158e-14,0.13039821675000376
GALAXY,0.03423879,7.499999999999999e-06,15.67856,0.002913846,0.1469366,15.04998,0.002471503,0.1016501,10088.907985227332,1.522068244520182e-14,0.1666508957265723
GALAXY,0.491107,7.92e-05,21.88382,0.1167296,0.03614985,20.16927,0.04020099,0.0250083,113782.37544567087,5.015683516121004e-17,2.903084334658238
GALAXY,0.2625929,3.6e-05,19.48281,0.02298804,0.05349582,18.05283,0.01068975,0.03700816,68662.01635056654,4.578614983878305e-16,0.9608545527701307
GALAXY,0.1075345,2.9100000000000006e-05,17.97297,0.007065114,0.04460242,16.99212,0.005010845,0.03085574,30513.68362870336,1.839374346743258e-15,0.4793907525970574
GALAXY,0.5227940999999999,0.000144125,22.55691,0.1903424,0.06894711,20.88932,0.0517444,0.04769729,119134.8371043632,2.69832418035668e-17,3.9580169733369273
GALAXY,0.1284656,2.9600000000000005e-05,18.2385,0.01136567,0.07522032,17.57154,0.009586013,0.05203707,36057.17691404236,1.4403171277664837e-15,0.5417459237862671
GALAXY,0.3919323,5.33e-05,20.80742,0.051999800000000006,0.206834,19.092,0.01888402,0.1430868,95676.7435611923,1.3517305374183404e-16,1.7683965227893512
GALAXY,0.06522524,1.88e-05,17.71846,0.0060901340000000005,0.06833504,16.8419,0.004598719,0.04727387,18917.597621972967,2.325273944433508e-15,0.4263709942841599
GALAXY,0.07174075,8.59e-06,18.12991,0.007273201,0.06642094,17.421,0.005879165,0.0459497,20737.707543720382,1.591820616596496e-15,0.5153207762039604
GALAXY,0.075459,2.43e-05,18.12243,0.008780521,0.06014651,17.03325,0.005512662,0.04160908,21770.774391930387,1.602825064581486e-15,0.5135487213994583
GALAXY,0.07785872,2.13e-05,18.3606,0.007367254,0.1431718,17.41935,0.005474649,0.09904557,22435.337113758356,1.287117292744794e-15,0.57308052790653
GALAXY,0.4973925,0.000173009,22.35465,0.1555454,0.06143801,20.56836,0.04954342,0.04250253,114860.06036469903,3.250858940259851e-17,3.605999417884502
GALAXY,0.3581626,6.56e-05,21.31241,0.06397863,0.12822550000000002,19.46889,0.02051028,0.08870581,89012.83151174162,8.489734821875264e-17,2.2314011485243106
GALAXY,0.5588714,0.000168512,22.72541,0.2058404,0.1143403,20.73568,0.04974656,0.0791001,124990.43918291111,2.3104369698987742e-17,4.277378205836819
GALAXY,0.13702060000000002,8.59e-06,17.795679999999994,0.006870856999999999,0.1117057,16.96239,0.005284485,0.0772775,38286.53838876716,2.165639305976959e-15,0.4418060434527456
GALAXY,0.1307056,2.07e-05,17.55859,0.007151672,0.03367096,16.46744,0.004471807,0.02329341,36642.93363904033,2.6941521915910798e-15,0.39610803516197857
GALAXY,0.455311,0.000267927,22.19449,0.130906,0.296469,20.61028,0.05112983,0.2050959,107490.22687957277,3.767576897769825e-17,3.3496054328205735
GALAXY,0.5599684,0.000127207,21.95749,0.1617402,0.1775534,20.46478,0.06538269,0.1228306,125164.62344353208,4.686645723092561e-17,3.0032649821264967
GALAXY,0.4631828,0.000123025,21.91698,0.1018375,0.21268320000000004,20.37747,0.04072349,0.14713320000000002,108896.8006023244,4.864812711596038e-17,2.947756816227661
GALAXY,0.4750528,9.42e-05,21.81949,0.0843086,0.2455255,20.0214,0.02667781,0.1698534,110993.24269344402,5.321843820353184e-17,2.818341737603586
GALAXY,0.4728696,0.000115229,22.04499,0.1450442,0.4240999,20.24095,0.03993637,0.29339040000000005,110609.85315589712,4.3237654333222695e-17,3.1267535548829812
GALAXY,0.6713251,0.00017302599999999998,22.63592,0.1518517,0.4089369,21.26171,0.06660611,0.2829006,141729.4112971484,2.5089391316637854e-17,4.1046832797302955
GALAXY,0.5591863,0.000201981,20.96375,0.08306292,0.1147108,19.67712,0.04121833,0.07935641,125040.46275454985,1.1704641740357325e-16,1.9004027591009776
GALAXY,0.5252863,9.9e-05,22.28875,0.1172863,0.3211164,20.67143,0.05136012,0.2221469,119547.38871902095,3.454284669896695e-17,3.498208190467437
GALAXY,0.4445939,0.000202929,22.41028,0.15044749999999998,0.1771657,20.63894,0.05532962,0.1225624,105554.118700717,3.088489471602404e-17,3.6995734347405973
GALAXY,0.3063574,5.08e-05,19.778,0.02484058,0.1117506,18.11256,0.01034687,0.07730858,78262.99743268813,3.4886558183375115e-16,1.1007676360551435
GALAXY,0.08399773,1.28e-05,17.04654,0.005007959,0.1040888,16.16861,0.003801562,0.07200815,24127.70608369855,4.317597217794563e-15,0.31289862326311346
GALAXY,0.1567148,3.19e-05,18.75235,0.01057223,0.08836124,17.53223,0.006441201999999999,0.0611279,43339.20563835711,8.972596238630611e-16,0.6863816308510804
GALAXY,0.03979267,7.91e-06,17.29278,0.005187378,0.08469221,16.82722,0.005122349,0.05858968,11692.368769538816,3.4414869352622028e-15,0.3504706485799509
GALAXY,0.5459166,0.00016904799999999998,22.45155,0.165479,0.0823482,20.78284,0.05949685,0.0569681,122916.34924527144,2.9732958535309115e-17,3.77055823127145
GALAXY,0.5628594,0.000193894,22.33116,0.1527953,0.07042881,20.58955,0.05416717,0.04872232,125622.58806163134,3.321957907459673e-17,3.567201584741088
GALAXY,0.2079991,1.21e-05,18.69317,0.01042022,0.108448,17.90639,0.008124862,0.07502384,55985.592964993615,9.475237951409668e-16,0.6679280038593104
GALAXY,0.5484393,0.000158183,21.26593,0.08088060000000001,0.08555252,20.198970000000006,0.05140037,0.05918484,123322.72199988899,8.861069139522303e-17,2.1841459331593733
GALAXY,0.4766657,0.000126985,22.27326,0.1512529,0.05365679,20.57231,0.04738429,0.03711952,111275.84876314075,3.50391954189168e-17,3.4733428348252215
GALAXY,0.0858107,2.11e-05,17.40991,0.0054578180000000006,0.07509426,16.47665,0.004079245,0.05194986,24625.373299465296,3.08954215441317e-15,0.3698943113327297
GALAXY,0.3633048,6.94e-05,20.28676,0.0443946,0.032896100000000005,18.79964,0.01904914,0.02275737,90044.70711609274,2.1835046704616002e-16,1.3913860739001216
GALAXY,0.4556735,0.000112342,20.96927,0.05635806,0.07040703,19.20303,0.01974908,0.04870726,107555.28760384177,1.1645285094640398e-16,1.9052398308713054
GALAXY,0.07144567,9.84e-06,16.917839999999998,0.005290234,0.07584726,16.201729999999998,0.004520648,0.05247078,20655.54843657399,4.860960871339022e-15,0.2948924490713286
GALAXY,0.5992373000000001,0.000144915,21.43343,0.133747,0.09462549,19.92561,0.05417876,0.06546147,131254.21104875332,7.594271601773518e-17,2.3592917674901472
GALAXY,0.6240581999999999,0.000258546,22.04638,0.14293029999999998,0.17475420000000005,20.82511,0.07413592,0.1208942,134961.06394839083,4.318233529317965e-17,3.1287556888990284
GALAXY,0.3941975,6e-05,20.80221,0.04900675,0.1040631,19.14563,0.01724587,0.07199035,96114.3442586924,1.358232522148232e-16,1.7641587061279485
GALAXY,0.4284803,0.000121958,22.76437,0.2193476,0.07459587,20.53281,0.04428571,0.05160508,102596.64170481825,2.22900029112916e-17,4.3548144195802925
GALAXY,0.1227261,2.07e-05,17.82755,0.00675706,0.1168242,16.79242,0.004660048,0.08081847,34549.710693096764,2.1029944435086532e-15,0.44833810544879243
GALAXY,0.6219718000000001,0.000140228,22.05751,0.1529214,0.1102616,20.21049,0.04729898,0.07627843,134653.60396248367,4.2741929654122065e-17,3.144833464999468
GALAXY,0.4001304,5.5e-05,20.51184,0.03206343,0.1224971,19.10645,0.01472763,0.08474295,97254.97081462873,1.7746884596422573e-16,1.543347249443389
GALAXY,0.5055025,0.000124546,21.54943,0.07791423,0.1113789,19.85422,0.02934529,0.07705138,116238.81287493523,6.824740225619544e-17,2.488752173274554
GALAXY,0.3259002,5.05e-05,20.24407,0.03570393,0.04412705,18.57617,0.01384278,0.03052689,82394.90519598282,2.2710679330874335e-16,1.3642992873586934
GALAXY,0.0653141,8.900000000000001e-06,17.77741,0.01036129,0.08675672,17.2354,0.01106384,0.0600179,18942.50525123146,2.202389486477051e-15,0.43810443766989376
GALAXY,0.258618,4.91e-05,19.19111,0.02652387,0.1223536,17.7725,0.01182639,0.08464365,67765.66149008735,5.989824876816592e-16,0.8400742101194846
GALAXY,0.03835863,1.76e-05,17.86553,0.006975256,0.08051537,17.01409,0.005251133000000001,0.05570016,11279.2291417211,2.030701666413508e-15,0.4562487128770221
GALAXY,0.6641130000000001,0.000194969,23.30362,0.3188787,0.1696447,21.40749,0.09809303,0.1173594,140720.652147778,1.356469787470217e-17,5.5823832921293075
GALAXY,0.5436449000000001,0.00013317,22.49728,0.13969700000000002,0.06565724,20.65745,0.04646878,0.04542138,122549.37499242106,2.8506646169068424e-17,3.8508061104253644
GALAXY,0.08029842,1.4800000000000002e-05,17.25348,0.005106214,0.08379176,16.36104,0.004004056,0.05796675,23109.230113661277,3.568339152946621e-15,0.34418477251250856
GALAXY,0.4696785,0.000187428,22.53394,0.1587325,0.06410732,20.62796,0.04707144,0.04434915,110047.68750992804,2.7560184791894412e-17,3.916369433080284
GALAXY,0.4891391,0.00014441,21.63143,0.09627116,0.0730337,19.84273,0.03187827,0.05052437,113443.32187316903,6.328286390566807e-17,2.584530444313667
GALAXY,0.6257243,0.000266605,21.65037,0.1287432,0.09194303,20.59667,0.08494078,0.06360576,135206.04842396255,6.218850623465554e-17,2.6071718135865303
GALAXY,0.6155176,0.000243519,22.58758,0.3248003,0.1585936,20.35282,0.07493993,0.1097143,133697.71990968919,2.6231681175621805e-17,4.014316886175301
GALAXY,0.5536124,9.06e-05,22.58009,0.2670171,0.07848711,20.14033,0.04555865,0.05429702,124152.27345134779,2.6413267226655475e-17,4.000494266152628
GALAXY,0.03634538,6.52e-06,18.17434,0.008121685,0.1291865,17.952360000000006,0.009061026,0.08937059,10698.186007937507,1.527995675826092e-15,0.5259732438900577
GALAXY,0.6385890000000001,0.000252006,22.08879,0.18166,0.1083226,20.90087,0.1010434,0.07493709,137081.69518481812,4.152810607645845e-17,3.1904625579808403
GALAXY,0.1887101,2.75e-05,18.94807,0.01731962,0.1016395,17.77741,0.01066754,0.07031371,51314.61349331518,7.492558201726476e-16,0.7511205642152163
GALAXY,0.06366061,1.6899999999999994e-05,17.50215,0.00563613,0.1038277,16.65082,0.004315031,0.07182755,18478.64539561011,2.8379067775153384e-15,0.3859452073748184
GALAXY,0.08851756,1.0800000000000003e-05,17.42279,0.006295209,0.4152332,16.401629999999994,0.004219656,0.2872564,25366.61815282503,3.0531077046773074e-15,0.3720948440820262
GALAXY,0.5404944,9.66e-05,22.44932,0.1016362,0.05279394,20.76922,0.04134144,0.0365226,122038.81052425162,2.9794089991996466e-17,3.7666880329630583
GALAXY,0.5799475000000001,0.000144264,21.33028,0.08030982,0.02964646,20.16336,0.038686800000000014,0.02050928,128297.95895392116,8.351146939201466e-17,2.2498400954666784
GALAXY,0.4532765,0.000149648,22.12179,0.1104058,0.05929969,20.40222,0.04312864,0.04102325,107124.56237422896,4.0284884720641766e-17,3.239318507213608
GALAXY,0.1455316,3.74e-05,18.60526,0.009364693,0.0841599,17.47873,0.005992468000000001,0.05822143,40483.63637523522,1.0274344538442363e-15,0.6414276133199768
GALAXY,0.4628953,0.000102668,21.23908,0.1146261,0.04964885,19.84089,0.04340525,0.03434685,108845.65815608384,9.082933304598419e-17,2.157305507850056
GALAXY,0.07686329,1.87e-05,18.21532,0.009940901,0.07596501,17.636779999999995,0.008854403,0.05255225,22159.875537797816,1.47139787739403e-15,0.5359936595145521
GALAXY,0.1397585,1.05e-05,18.44175,0.0101812,0.1097192,17.7076,0.007697021,0.07590327,38995.579948716375,1.1944229107869316e-15,0.5949023058751892
GALAXY,0.4853021,0.000121834,22.31867,0.147753,0.1272444,20.41447,0.04174742,0.08802710000000001,112779.96920186453,3.360393416592743e-17,3.546742444764725
GALAXY,0.4159963,2.1600000000000007e-05,22.77637,0.1375648,0.1198096,21.82082,0.08873604,0.08288372,100266.3903622536,2.2045001118811556e-17,4.378946631769118
GALAXY,0.3071762,4.18e-05,20.26829,0.03259892,0.05772514,18.63426,0.01280968,0.03993398,78438.01230762636,2.220967099849706e-16,1.3796014821699933
GALAXY,0.16016570000000002,3.76e-05,18.65558,0.01038265,0.06414591,17.50972,0.006143376999999999,0.04437584,44213.22104992075,9.809031409787199e-16,0.6564651149123752
GALAXY,0.4492923,8.94e-05,21.83535,0.1084162,0.07727195,20.23027,0.03773331,0.05345638,106405.9270980199,5.244669493605069e-17,2.8390016980127064
GALAXY,0.4784854,8.25e-05,21.26051,0.0592563,0.04682216,19.58988,0.02326343,0.03239135,111594.04450673572,8.905414229732887e-17,2.1787010980031227
GALAXY,0.4719195,9.16e-05,21.63912,0.121701,0.04991681,20.44843,0.05972043,0.03453222,110442.69838545201,6.283623065419142e-17,2.5936994639620887
GALAXY,0.5825359,0.00015947,22.37657,0.1666042,0.03687471,20.48801,0.05204266,0.02550975,128698.54305177099,3.185885220526241e-17,3.6425846428919537
GALAXY,0.12042160000000003,3.81e-05,18.61992,0.01079341,0.06483788,17.64027,0.007345895,0.04485454,33941.76442097728,1.0136549025878619e-15,0.6457726568500911
GALAXY,0.3583558,7e-05,20.11668,0.03290926,0.06653783,18.31098,0.01122982,0.04603056,89051.71329862351,2.553795546071366e-16,1.2865647621079046
GALAXY,0.3053189,5e-05,19.75666,0.03773998,0.08097992,17.97654,0.01230753,0.05602153,78040.78234105355,3.5579031767356385e-16,1.09000289718117
GALAXY,0.1123105,9.41e-06,18.23694,0.009534514,0.1357884,17.698529999999995,0.009152981,0.09393781,31789.76260724926,1.4423880817115662e-15,0.5413568697329411
GALAXY,0.3753662,0.00011686,20.81376,0.05935425,0.03769881,18.9351,0.0184697,0.02607986,92440.73488099943,1.343860302783688e-16,1.7735672157375102
GALAXY,0.5176902,0.000115804,22.20182,0.1113941,0.1796767,20.70845,0.04444852,0.1242995,118286.16054368686,3.7422269770969167e-17,3.360931431782231
GALAXY,0.54465,0.000194364,22.62929,0.2419354,0.09236654,20.75224,0.07216411,0.06389874,122711.86161449415,2.5243067302680885e-17,4.092169859376401
GALAXY,0.32194709999999993,9.68e-05,21.42106,0.05858596,0.04491501,20.13334,0.03053498,0.031072,81566.69473789253,7.681289352597956e-17,2.3458900449151283
GALAXY,0.6984419,0.00025293,23.51605,0.3357932,0.1739211,21.51013,0.0918875,0.12031780000000003,145447.42193247052,1.1154192240394512e-17,6.156099806654675
GALAXY,0.1901558,2.0600000000000006e-05,18.59925,0.009989765,0.1775691,17.60761,0.006672404,0.1228415,51668.247691054676,1.0331374992813806e-15,0.6396547839119725
GALAXY,0.48986,0.000137533,22.54851,0.14173039999999998,0.07429338,20.75051,0.043532199999999986,0.05139581,113567.61859967362,2.7192812315572887e-17,3.9427355821444565
GALAXY,0.5085854999999999,0.00011038,21.95028,0.127217,0.15256229999999998,20.31918,0.04293491,0.10554189999999998,116759.49309804387,4.7178716880455226e-17,2.993309694757884
GALAXY,0.5864965,0.000237955,23.0909,0.1791009,0.2849003,21.36865,0.06303249,0.1970927,129309.13830158,1.6500538782221546e-17,5.061458173142067
GALAXY,0.6657409000000001,0.000259692,23.29308,0.3768449,0.1461308,21.1197,0.08759061,0.1010926,140949.08812677092,1.3697021113230861e-17,5.555352898269549
GALAXY,0.5152542,0.00015531,22.24689,0.1359524,0.3933331,20.62686,0.04458665,0.2721061,117879.29880745662,3.590063457696401e-17,3.431418214811766
GALAXY,0.101304,6.39e-06,19.45723,0.01697474,0.1113961,18.79532,0.01473276,0.07706331,28838.999183822853,4.68776816314204e-16,0.9496020691897061
GALAXY,0.3906573,8.31e-05,21.15204,0.06528582,0.1571465,19.25671,0.02006092,0.1087132,95429.92013728197,9.841065563828804e-17,2.07254348894031
GALAXY,0.4721537,0.000139695,22.17968,0.111807,0.1485261,20.27482,0.03646874,0.1027497,110483.91950252585,3.8193206871760216e-17,3.326837990924865
GALAXY,0.5334044,0.00012355,21.72195,0.1061698,0.05424505,19.93888,0.03970545,0.03752648,120882.86531311933,5.822079416962516e-17,2.6945463115577195
GALAXY,0.489911,0.000152321,21.88148,0.1331643,0.2407565,20.15542,0.04436619,0.1665542,113576.40795628232,5.026505073005514e-17,2.8999576274484644
GALAXY,0.6331751,0.000168961,21.42078,0.13929270000000002,0.1817635,19.89773,0.06191362,0.1257432,136295.79627816487,7.68327053215386e-17,2.345587574175508
GALAXY,0.4572752000000001,0.0001013,21.77188,0.09199219,0.07093107,20.07308,0.03168772,0.04906978,107842.4244137579,5.560401159182005e-17,2.7572214742414314
GALAXY,0.07553858,1.25e-05,17.99889,0.008023399,0.09640478,17.091739999999998,0.0056981,0.06669237,21792.840006409137,1.7959826017471604e-15,0.48514733747028893
GALAXY,0.5194672,0.000184216,22.20632,0.1880601,0.06801461,20.32134,0.05871847,0.04705219,118582.21967341354,3.726748842110943e-17,3.3679036011450574
GALAXY,0.1309641,2.7399999999999995e-05,18.48277,0.009463903,0.05661782,17.40273,0.006293600999999999,0.03916794,36710.438148473506,1.150138457197178e-15,0.6062470694609693
GALAXY,0.2864511,5.08e-05,19.75319,0.02304631,0.07449477,18.11192,0.01004551,0.05153514,73956.39206040654,3.5692923831714823e-16,1.0882624699985484
GALAXY,0.1115029,3.08e-05,18.676,0.009945698,0.1294509,17.62023,0.006534767,0.08955356,31574.44921145049,9.62627191712625e-16,0.662667470691644
GALAXY,0.1702695,4.35e-05,18.86732,0.01377262,0.101987,17.67499,0.007806913,0.07055415,46752.93615103523,8.071051625010659e-16,0.7237017991141268
GALAXY,0.683153,0.000214665,22.09689,0.1727013,0.0998263,20.73953,0.07849865,0.06905937,143365.56341521567,4.1219443603577305e-17,3.202385806806219
GALAXY,0.07286151,2.21e-05,18.35668,0.008346946,0.09796374,17.43701,0.006151952,0.06777086,21049.526107671063,1.2917727689166088e-15,0.5720469208571294
GALAXY,0.06386639,1.31e-05,17.2965,0.006174323000000001,0.08338816,16.34123,0.004259387,0.05768755,18536.417802240514,3.429715729330664e-15,0.3510715625901559
GALAXY,0.1030452,2.58e-05,17.0138,0.0065255140000000005,0.07178882,16.111729999999998,0.004710111,0.04966317,29308.152859696467,4.449775752950043e-15,0.30821633523755726
GALAXY,0.1398448,5.3e-05,20.67509,0.04322204,0.08126508,19.77619,0.03230816,0.05621881,39017.89443995664,1.526940538280054e-16,1.6638480125133734
GALAXY,0.1152885,2.51e-05,17.82966,0.00894219,0.07979409,17.12795,0.0073005269999999985,0.05520118,32582.087826799838,2.098911490995614e-15,0.4487739632353551
GALAXY,0.6644106,0.000196571,22.6904,0.2657212,0.08255046,20.66111,0.06479578,0.05710803,140762.4454005454,2.3861521101276656e-17,4.208968275024218
GALAXY,0.5316423000000001,0.000106799,21.86723,0.1161062,0.06820645,20.11446,0.04010744,0.04718491,120594.07364102229,5.092911450013832e-17,2.8809893462072824
GALAXY,0.1239765,1.55e-05,21.01389,0.04946725,0.08122183,20.59818,0.04524748,0.05618889,34878.93470324759,1.1176404852261082e-16,1.9447942073734
GALAXY,0.10651960000000002,7.59e-06,16.78138,0.005179923,0.1991419,16.267129999999998,0.004737561,0.1377654,30241.66194575937,5.5119608623318495e-15,0.2769310499591554
GALAXY,0.09503487,1.41e-05,16.429679999999998,0.003820267,0.0778599,15.464570000000002,0.0029227420000000003,0.05386312,27142.490549916027,7.620546635903437e-15,0.23552209310042413
GALAXY,0.5005649,0.000128297,22.63869,0.1799343,0.1670428,20.67027,0.05199098,0.1155594,115400.95988104734,2.502546323208344e-17,4.109922686720167
GALAXY,0.5622355,0.000130088,22.491,0.12956189999999998,0.1276299,20.71596,0.04671928,0.08829375,125523.88750692744,2.867200905931337e-17,3.839685487073577
GALAXY,0.6371419,0.000241199,24.15161,0.5722119999999999,0.157058,21.33665,0.09536197,0.108652,136872.11623687003,6.21175223906674e-18,8.249310532967268
GALAXY,0.28327529999999995,4.99e-05,20.2165,0.03014304,0.1350948,18.79546,0.01344126,0.09345797,73260.06552805135,2.3294753822056874e-16,1.3470870225213873
GALAXY,0.3506407,6.45e-05,20.692,0.04361189,0.1305004,19.05549,0.01716186,0.09027956,87492.16652072687,1.5033431574085333e-16,1.6768555486652414
GALAXY,0.17602220000000002,1.98e-05,18.42608,0.009212431,0.07775997,17.56498,0.006734023,0.05379399,48186.15629829644,1.211786542709386e-15,0.5906247639442576
GALAXY,0.1369456,3.27e-05,18.72219,0.01084845,0.1519443,17.61205,0.006688183,0.1051144,38267.08523928802,9.225334565196374e-16,0.6769142431002857
GALAXY,0.1581606,2.18e-05,18.04574,0.009457096,0.06883311,17.120079999999998,0.006833443000000001,0.04761842,43705.795384429905,1.720133386255755e-15,0.49572823126410637
GALAXY,0.08920617,1.85e-05,18.05831,0.007989124,0.06585414,17.095579999999998,0.005736069,0.04555759,25554.84320885947,1.7003335541164394e-15,0.4986061744798928
GALAXY,0.4870582000000001,2.13e-05,21.79685,0.09420309,0.2079407,20.62884,0.05453274,0.1438524,113083.9420084693,5.433981120571248e-17,2.789110060941147
GALAXY,0.3718175,0.000116399,22.77085,0.2111334,0.460829,20.77473,0.05867958,0.3187994,91739.2985556942,2.2157365677566818e-17,4.367829249698318
GALAXY,0.8235468,8.669999999999999e-05,22.93962,0.2383265,0.07804829,22.51744,0.23614920000000006,0.05399345,161170.4578729867,1.8967501417982956e-17,4.720844030919711
GALAXY,0.1146815,2.89e-05,18.21271,0.009107856,0.1095365,17.26492,0.00645644,0.07577687,32420.79847621068,1.4749392238543223e-15,0.5353498092623893
GALAXY,0.6603664,0.00011504,21.52913,0.07523886,0.17207,20.18814,0.03400939,0.1190372,140193.25935052327,6.95354268895358e-17,2.4655944982022184
GALAXY,0.5149338,0.000125801,22.28227,0.1551125,0.05788455,20.49451,0.04905044,0.04004427,117825.69846553133,3.4749625234728025e-17,3.48778457207174
GALAXY,0.09626471,2.1600000000000007e-05,17.12151,0.005005398,0.2067093,16.062910000000002,0.003435211,0.1430006,27476.207817822728,4.0295275110374115e-15,0.3238900840977773
GALAXY,0.09010749,2.31e-05,16.922729999999998,0.005635245,0.06161854,16.04958,0.004360757,0.04262742,25801.000155686117,4.83911702909432e-15,0.29555727398757836
GALAXY,0.5036510999999999,0.000150774,22.01677,0.09719631,0.0955245,20.45966,0.04133942,0.06608341,115925.22354678268,4.437620153244371e-17,3.086381820965939
GALAXY,0.1899543,3e-05,18.31905,0.01129814,0.1507405,17.07104,0.006215265,0.1042816,51618.993194418574,1.3373285775559547e-15,0.5622191733729757
GALAXY,0.5973225000000001,0.000144377,22.18056,0.1815646,0.1373566,20.26009,0.05195701,0.09502266,130963.7416777172,3.81622634391379e-17,3.3281864817991145
GALAXY,0.5146442,9.83e-05,23.07354,0.2247439,0.16175789999999998,20.93293,0.06046303,0.1119034,117777.2332917047,1.6766488878730945e-17,5.021155280839589
GALAXY,0.08979414,2.4e-05,17.86206,0.006192058,0.155686,16.8901,0.004400123,0.1077028,25715.449069906,2.0372021469885575e-15,0.45552021237121915
GALAXY,0.5686654000000001,0.000235424,21.955070000000006,0.2021613,0.07795678,20.05711,0.0561529,0.05393014,126537.62908280359,4.6971034491478537e-17,2.9999198542453676
GALAXY,0.6146007,8.28e-05,21.3117,0.06539281,0.08447247,20.33304,0.04519344,0.05843767,133561.33764166076,8.495288365167078e-17,2.230671673063037
GALAXY,0.3073037,5.41e-05,21.05127,0.04514926,0.14032270000000002,19.17658,0.01456608,0.09707459,78465.24984556208,1.0798169123278561e-16,1.9785619474224478
GALAXY,0.5467493,0.00012827299999999998,22.11691,0.1575089,0.09607224,20.34958,0.04900166,0.06646233,123050.61937722798,4.046635854550302e-17,3.2320468859650195
GALAXY,0.5513756999999999,0.000114493,21.2689,0.08890697,0.07494925,20.06233,0.044008,0.05184955,123794.21890987629,8.836863063664907e-17,2.187135311061329
GALAXY,0.1513884,1.16e-05,18.40539,0.008754046,0.04815657,17.63411,0.00652156,0.03331449,41983.56553884232,1.2351000099144387e-15,0.5850239587152484
GALAXY,0.6357771,9.15e-05,21.86128,0.1068265,0.04413605,20.64346,0.05436161,0.03053312,136674.13153130162,5.1208979967687514e-17,2.873106021080883
GALAXY,0.3934649000000001,7.979999999999999e-05,21.27019,0.16773629999999998,0.2575715,19.17258,0.04267961,0.17818670000000006,95972.94520057422,8.8263699218819e-17,2.188435001887005
GALAXY,0.20907470000000006,1.39e-05,18.64769,0.01195085,0.06413561,17.85393,0.008813465,0.04436872,56243.06080819307,9.88057286404967e-16,0.654084190660344
GALAXY,0.09764792,1.6100000000000002e-05,16.65958,0.004142718,0.05523463,15.847879999999998,0.003420383,0.03821106,27851.01310504377,6.16632094560084e-15,0.26182532559603816
GALAXY,0.1023229,2.23e-05,17.60699,0.006077174,0.08969355,16.60494,0.004262587,0.06204959,29113.641780553146,2.5766897224132234e-15,0.4050360250181362
GALAXY,0.6502013000000001,0.00017748099999999998,22.40801,0.165391,0.04376958,20.90165,0.06650128,0.03027959,138750.7035212268,3.0949534774630735e-17,3.695708018975321
GALAXY,0.5734125,0.000203046,21.23865,0.09141295,0.05358,19.91652,0.04100702,0.0370664,127281.15742409478,9.086531264042178e-17,2.1568783555069913
GALAXY,0.5417786,0.000109313,22.1622,0.1228202,0.06427885,20.19472,0.03534851,0.04446781,122247.15441920877,3.881308158999667e-17,3.300164986468006
GALAXY,0.5357781999999999,0.000108853,21.27289,0.07719908,0.06601784,19.77484,0.030067400000000005,0.04567084,121270.96232421188,8.804447845768051e-17,2.191157785503928
GALAXY,0.5094653,0.000121825,21.6538,0.1497888,0.09223118,19.8752,0.0478613,0.06380509999999999,116907.73348905791,6.199235361803387e-17,2.6112932869920735
GALAXY,0.05073811,1.12e-05,17.24905,0.006588544,0.1548993,16.38251,0.00469808,0.1071586,14825.488624650909,3.5829283648631834e-15,0.3434833202212237
GALAXY,0.1090009,1.0800000000000003e-05,18.35999,0.009863204,0.07601175,17.70134,0.007708703000000002,0.05258458,30906.19041486214,1.2878406380148403e-15,0.5729195633812542
GALAXY,0.05046516,9.45e-06,16.65656,0.003730925,0.03852137,15.84208,0.003189935,0.02664891,14747.790969592537,6.1834965839969005e-15,0.2614614421368468
GALAXY,0.15685970000000002,3.33e-05,22.46206,0.1111311,0.17506370000000002,22.007620000000006,0.09710386,0.1211082,43375.97239584332,2.944653004306277e-17,3.7888520965537325
GALAXY,0.4135948,8.499999999999999e-05,20.99954,0.05323219,0.164426,19.24298,0.0184755,0.1137492,99814.18257659978,1.1325102078481879e-16,1.931984564323816
GALAXY,0.3280946,6.01e-05,20.961,0.04526813,0.17235910000000002,19.07528,0.01394609,0.1192372,82853.00315737355,1.1734325343399394e-16,1.8979975709287251
GALAXY,0.458897,0.000105966,21.3278,0.06898426,0.08467475,19.64262,0.02494221,0.05857759,108132.6121736012,8.370244134104797e-17,2.2472720598600393
GALAXY,0.5040555999999999,0.000204032,21.7918,0.1362124,0.1707265,20.43128,0.06087826,0.1181078,115993.79604942894,5.4593146427419696e-17,2.782631212619952
GALAXY,0.2801701,6.7e-05,19.54007,0.0218037,0.1703208,18.17753,0.01095385,0.1178272,72576.73370675402,4.343402982225958e-16,0.9865285365658293
GALAXY,0.11428239999999998,6.69e-06,19.29297,0.01222198,0.09645466,18.80241,0.01134378,0.06672689,32314.693165616525,5.45343480031026e-16,0.8804194985911157
GALAXY,0.4654165,0.000143158,21.96576,0.08986342,0.1379579,20.358970000000006,0.03633678,0.09543865,109293.55580104001,4.651083380237918e-17,3.014724652049251
GALAXY,0.3161212,0.00012552899999999998,22.57189,0.15744460000000002,0.08462499,21.20205,0.08005049,0.05854318,80339.12388799079,2.6613508081105092e-17,3.9854159290996414
GALAXY,0.7226313,5.97e-05,21.45617,0.05730772,0.06974272,20.73309,0.05249612,0.04824769,148666.76846064543,7.436868892454994e-17,2.384128461194855
GALAXY,0.3803201,8.32e-05,21.1508,0.07260098,0.07774185,19.33773,0.02271707,0.05378145,93415.0425750336,9.852311290248257e-17,2.071360319271644
GALAXY,0.07709421,9.89e-06,17.9159,0.007369098,0.06997949,17.232,0.006322876,0.04841149,22223.803201588365,1.938644267041699e-15,0.4669556690279815
GALAXY,0.3967899,8.93e-05,21.09775,0.05009428,0.05083446,19.31663,0.01975887,0.03516705,96613.72501429205,1.0345658179046678e-16,2.021369238601501
GALAXY,0.525185,0.000290044,22.19283,0.1489228,0.1322115,20.94123,0.07202063,0.09146331,119530.643423292,3.7733416140223466e-17,3.3470457778096434
GALAXY,0.4568413,0.000172912,20.90335,0.09343068,0.07343072,19.37505,0.03913916,0.05079903,107764.69272881722,1.237422832480591e-16,1.8482710125112378
GALAXY,0.5585901,0.000160657,22.91377,0.2092631,0.1197006,21.03616,0.06022230000000001,0.08280834,124945.73748005752,1.9424512372507482e-17,4.664978562000131
GALAXY,0.113195,2.08e-05,17.36213,0.0062202640000000005,0.07223246,16.50101,0.004873797,0.04997008,32025.360923736982,3.228539656075229e-15,0.36184423046588693
GALAXY,0.14678329999999998,4.91e-05,18.47373,0.01507756,0.07992555,17.37462,0.00996907,0.05529213,40805.017100787256,1.15975465726065e-15,0.6037284643476617
GALAXY,0.2594834,5.83e-05,19.38779,0.01782968,0.0925531,17.9279,0.008539330999999999,0.06402781,67961.16277329538,4.997377132714336e-16,0.9197158103535579
GALAXY,0.6594545999999999,0.000147787,22.81664,0.2398157,0.07860434,21.14412,0.08491933,0.05437812,140064.56039010073,2.124232872215078e-17,4.460911961373139
GALAXY,0.3366655,6.850000000000001e-05,20.55647,0.05097151,0.05384406,18.84431,0.01954857,0.03724907,84631.0238917301,1.7032175569331516e-16,1.5753956874434356
GALAXY,0.5664853,0.000170898,22.28348,0.188988,0.07474592,20.21725,0.04801109,0.05170888,126194.77176913987,3.471092004523469e-17,3.489728596476216
GALAXY,0.06906231,1.29e-05,16.86071,0.004599646,0.0795292,15.99117,0.003566804,0.05501793,19991.005525589717,5.123587119760465e-15,0.2872351944950907
GALAXY,0.1108887,2.61e-05,18.41753,0.008391988000000001,0.09413379,17.38156,0.005715651,0.06512132,31410.5711430657,1.221366841236287e-15,0.5883037981931918
GALAXY,0.1153243,9.87e-06,17.89859,0.007145284,0.12022089999999998,17.013820000000006,0.005280355,0.08316825,32591.597107772606,1.96979996412473e-15,0.46324810590001303
GALAXY,0.5909264,8.98e-05,21.19577,0.09342143,0.0797409,20.08554,0.05457934,0.05516439,129988.72890042471,9.452574854442723e-17,2.1147043190081116
GALAXY,0.4542931,0.000100642,21.81414,0.08777177,0.08537810000000001,20.10891,0.03171204,0.05906418,107307.38752092414,5.348132091562825e-17,2.8114065497628826
GALAXY,0.4787361,0.000105515,21.78846,0.1096271,0.1308849,20.04883,0.03113098,0.09054556,111637.82880122728,5.476134737700136e-17,2.778354462795131
GALAXY,0.0535019,1.24e-05,15.49226,0.0027188340000000003,0.0775841,14.69348,0.0022760370000000003,0.05367232,15610.977272880358,1.806983243163941e-14,0.15294935584850936
GALAXY,0.4975668,0.00016528400000000005,21.78415,0.10788219999999997,0.1647164,20.43608,0.04797418,0.1139501,114889.83138331317,5.497916316745998e-17,2.772845375195802
GALAXY,0.2885312,5.6100000000000015e-05,19.48986,0.02462605,0.07602089999999999,17.9012,0.009764741,0.0525909,74411.08591214052,4.54898102422977e-16,0.9639791759078361
GALAXY,0.5607656999999999,0.00014952799999999998,21.87094,0.1151751,0.11677930000000003,20.43921,0.04981864,0.08078735,125291.07965377232,5.075538485757112e-17,2.885915776012526
GALAXY,0.6195518,0.000169016,21.97829,0.1602366,0.07020579,20.38819,0.05021833,0.04856804,134296.0416677916,4.5977158277033893e-17,3.0321707380959015
GALAXY,0.1001715,9e-06,17.63266,0.006562165,0.1901339,16.90567,0.005546756999999999,0.13153370000000006,28533.38018479617,2.5164837203574245e-15,0.40985256016926985
GALAXY,0.1462246,2.19e-05,18.17669,0.009307705,0.08122760000000001,17.322010000000002,0.007121899,0.05619288,40661.6229875602,1.524692012728184e-15,0.5265427681391379
GALAXY,0.5350685000000001,0.000116746,22.33327,0.1055465,0.08044499,20.71662,0.04169676,0.05565147,121155.045845809,3.3155083438726934e-17,3.5706694866839577
GALAXY,0.114511,4.34e-05,17.48844,0.01127724,0.05847264,16.4017,0.00797063,0.0404511,32375.474749229794,2.8739693036614002e-15,0.38351614586264987
GALAXY,0.4464981,0.000142616,21.561120000000006,0.1014966,0.1069835,19.71548,0.03051939,0.0740107,105899.91459941896,6.751653178774157e-17,2.5021863597481384
GALAXY,0.4545826,0.00014117,22.05996,0.1128153,0.07070488,20.59781,0.0487716,0.048913300000000014,107359.41104165264,4.2645589800583796e-17,3.148383678278227
GALAXY,0.04815243,1.28e-05,16.09197,0.003552589,0.152176,15.37396,0.0029868670000000003,0.1052746,14088.561478481348,1.0400880945133461e-14,0.2015995935945559
GALAXY,0.5446305,0.000149413,22.67811,0.1447089,0.1077022,20.86199,0.04947209,0.07450785,122708.71103142673,2.4133156275743908e-17,4.185213834882107
GALAXY,0.05988706,7.13e-06,17.418129999999998,0.00538539,0.05473932,16.55441,0.004084468,0.03786841,17417.000124361388,3.06623986134534e-15,0.37129718128568057
GALAXY,0.6105562,0.000216072,22.25885,0.192825,0.08461123,20.9699,0.08961698,0.05853366,132957.99629974482,3.550733889284372e-17,3.450369866470855
GALAXY,0.06943191,1.7199999999999998e-05,16.92372,0.005018551,0.1137749,16.003339999999998,0.003760316,0.07870895,20094.169750084067,4.834706618579482e-15,0.29569205277196114
GALAXY,0.4854157,0.000106022,21.60977,0.08941129,0.1145261,20.14538,0.03548551,0.07922863,112799.6518958351,6.455800857384439e-17,2.5588784231600665
GALAXY,0.4447315,7.49e-05,20.62857,0.1059225,0.09493532,18.88173,0.03567214,0.06567582,105579.13241425749,1.5937864315356802e-16,1.628582081976703
GALAXY,0.6369140999999999,0.000203802,22.49219,0.1869335,0.13659870000000002,20.85795,0.07095931,0.09449834,136839.092381641,2.86406008780724e-17,3.8417902699577664
GALAXY,0.3343873,8.9e-05,20.80292,0.06288309,0.08880468,19.08177,0.02387712,0.06143467,84160.15296361568,1.3573446178431785e-16,1.7647356222655641
GALAXY,0.07391968,1.47e-05,15.79411,0.003176251,0.02666024,14.90004,0.002639828,0.01844343,21343.590099119683,1.368403338937168e-14,0.17575903210270913
GALAXY,0.6510354,0.000160225,23.02251,0.2153495,0.2209351,21.67736,0.09965379,0.15284189999999998,138869.71805481034,1.7573332456761427e-17,4.9045329013138765
GALAXY,0.501586,0.000261562,22.20128,0.1662907,0.1013907,20.33507,0.048769199999999985,0.07014164,115574.62901879469,3.744088667969549e-17,3.3600957419896282
GALAXY,0.7336854,0.000169295,23.7171,0.7095779999999999,0.09783304,21.05152,0.09986297,0.06768045,150108.22177582225,9.268685052651686e-18,6.7532939290242355
GALAXY,0.28110250000000003,6.09e-05,20.16375,0.03635615,0.04561152,18.59645,0.01544753,0.03155384,72782.17667435919,2.4454462701161264e-16,1.3147574859658546
GALAXY,0.08699653,1.1e-05,18.01076,0.01658569,0.07967419,17.263360000000002,0.01264673,0.05511824,24950.365292882885,1.7764546502812335e-15,0.48780657784713266
GALAXY,0.4975491,0.00017067,22.57805,0.1895856,0.07967476,20.60066,0.05144743,0.05511863,114886.80844377018,2.646294201628173e-17,3.9967377477559403
GALAXY,0.14733829999999998,2.6e-05,18.72448,0.009897007,0.03820534,17.56769,0.006361711999999999,0.02643028,40947.373614843345,9.205897290691742e-16,0.6776284825584258
GALAXY,0.09453778,1.89e-05,18.15401,0.0102034,0.07985634,17.37556,0.008437055,0.05524425,27007.47941464791,1.5568763633957313e-15,0.5210718985702659
GALAXY,0.5724398,0.00015956,22.24175,0.15889579999999998,0.04656449,20.61187,0.05985356,0.032213099999999995,127129.14322028142,3.607099524318582e-17,3.423305456145489
GALAXY,0.107737,1.3800000000000003e-05,17.32635,0.005138318,0.03975481,16.36787,0.003757148,0.02750219,30567.923424518656,3.336707405372354e-15,0.35593086683606384
GALAXY,0.5689569,0.000163806,22.94373,0.2155188,0.08864383,21.10736,0.07464879,0.061323400000000014,126583.40578019104,1.889583661910217e-17,4.729787751516824
GALAXY,0.6199414000000001,0.00019972900000000005,22.50338,0.2035268,0.1803008,20.83862,0.07306258,0.1247312,134353.6746700563,2.83469361316487e-17,3.861638825352834
GALAXY,0.04545766,9.71e-06,16.36903,0.004530722,0.1209609,15.70878,0.003986557,0.08368017,13318.42404203567,8.058349980300366e-15,0.22903489353644063
GALAXY,0.09856998,2.93e-05,18.68007,0.01147546,0.147101,17.674039999999994,0.007485291,0.1017638,28100.550716544964,9.590254342163347e-16,0.6639106758671321
GALAXY,0.08977056,1.19e-05,17.99223,0.00666891,0.1441953,17.22364,0.005120498,0.09975365,25709.010072016194,1.8070331726458942e-15,0.48366164905810693
GALAXY,0.2703496,4.79e-05,20.11448,0.03058182,0.1251903,18.54144,0.0124953,0.08660606,70399.37346757816,2.558975484056507e-16,1.2852619552498918
GALAXY,0.05069336,9.18e-06,18.02251,0.009563362,0.2233588,17.626520000000006,0.009672821,0.1545186,14812.751657430532,1.7573332456761428e-15,0.4904532901313877
GALAXY,0.4829641,0.000131688,21.94493,0.13603310000000002,0.17392470000000002,20.1141,0.0454173,0.1203203,112374.29354778776,4.741176522733285e-17,2.985943957409027
GALAXY,0.1152546,1.24e-05,17.52856,0.005575773000000001,0.05899458,16.784589999999998,0.004522779,0.04081218,32573.082885798784,2.7697088914163524e-15,0.39066783186110726
GALAXY,0.4539704000000001,0.000203924,22.3042,0.1673606,0.06825285,20.56113,0.05678988,0.04721701,107249.37697039847,3.4054783622419265e-17,3.5231866549077964
GALAXY,0.1276769,3.4899999999999995e-05,18.16064,0.01081436,0.06234312,17.31979,0.007895397,0.04312868,35850.589344073785,1.5473983349365464e-15,0.5226652810361652
GALAXY,0.1891526,3.18e-05,18.87614,0.01166364,0.06078173,17.66451,0.006746168,0.04204852,51422.91521474955,8.005751865096443e-16,0.7266472800780086
GALAXY,0.1162833,2.31e-05,18.08896,0.007506613,0.1089963,17.08353,0.005252872,0.07540314,32846.1906865714,1.6530048400582329e-15,0.5056938270492387
GALAXY,0.13537149999999998,1.99e-05,18.13433,0.00904003,0.1266805,17.0186,0.005533017,0.08763698,37858.43071902047,1.585353534495047e-15,0.5163707722918504
GALAXY,0.295469,5.98e-05,20.44916,0.03862189,0.05686601,18.7768,0.01522384,0.03933964,75919.71631896209,1.8801570400217897e-16,1.4994350286343776
GALAXY,0.3812003,6.8e-05,20.96512,0.05410125,0.04211308,19.26199,0.01936548,0.02913363,93587.56281821731,1.1689881942787227e-16,1.9016021173072104
GALAXY,0.4229899,0.000210043,21.24487,0.0871773,0.033623400000000005,19.36205,0.02682472,0.02326051,101576.03254616518,9.034624879024427e-17,2.163065408983993
GALAXY,0.482416,0.000133744,22.09265,0.1460839,0.04993744,20.30265,0.04590498,0.03454649,112279.02851325319,4.138072784569789e-17,3.196138954152704
GALAXY,0.5078045999999999,9.53e-05,21.40348,0.08199976,0.08169555,19.60465,0.02982946,0.056516599999999986,116627.78779738389,7.806675460053268e-17,2.326974650848692
GALAXY,0.6663983,0.000160495,22.78643,0.2259611,0.05933953,20.92526,0.08163513,0.04105081,141041.21543077673,2.1841684284284197e-17,4.399280485994307
GALAXY,0.4663661,0.000110842,21.48448,0.08617000000000001,0.060032,19.98639,0.03664633,0.04152986,109461.9095325049,7.245462703004465e-17,2.415414406498566
GALAXY,0.09207366,2.02e-05,17.2723,0.0068296780000000005,0.0477189,16.12944,0.004214595,0.03301171,26337.147983562463,3.5070190519669924e-15,0.34718076220588195
GALAXY,0.462757,0.000139017,21.79961,0.1016395,0.05320438,20.27553,0.03912168,0.03680655,108821.05023494572,5.42018518986848e-17,2.79265734892642
GALAXY,0.4584647,4.8e-05,21.48824,0.08228192,0.04312887,20.02863,0.03363715,0.02983635,108055.31525172209,7.22041442543723e-17,2.4196004258898016
GALAXY,0.005905702,5.7000000000000005e-06,17.3347,0.01038439,0.05516526,17.0147,0.0123581,0.03816307,1765.2570312646396,3.311144432980023e-15,0.35730216874222653
GALAXY,0.1024854,6.31e-06,18.06022,0.0064464480000000005,0.05006725,17.4925,0.005836394,0.03463629,29157.415333683886,1.6973449992837904e-15,0.4990449351770699
GALAXY,0.08441087,3.27e-05,18.19422,0.0073217959999999985,0.21797220000000006,17.18402,0.005004931,0.15079220000000002,24241.199666064043,1.5002724187582215e-15,0.5308106799024119
GALAXY,0.1232479,2.71e-05,18.19874,0.008878146,0.03506989,17.19725,0.005820566,0.02426118,34687.152873683175,1.4940396566129162e-15,0.5319167326778055
GALAXY,0.351184,7.26e-05,21.17537,0.06374548,0.1721193,19.305770000000006,0.02015847,0.1190713,87602.45285147587,9.631859196157645e-17,2.0949306572428332
GALAXY,0.5266759,0.000126385,22.18073,0.13726960000000002,0.1110744,20.57974,0.05014788,0.07684072,119776.89348415885,3.8156288620500295e-17,3.328447048706304
GALAXY,0.03954828,8.49e-06,17.43585,0.0053793980000000005,0.174488,16.87399,0.004903208,0.12070999999999997,11622.004646091473,3.016602767917692e-15,0.3743394968495627
GALAXY,0.4784454000000001,0.00022188,22.10549,0.1480217,0.2178427,20.27008,0.04479127,0.15070260000000002,111587.0573820513,4.0894238470598186e-17,3.215093832133682
GALAXY,0.1052502,2.78e-05,16.92826,0.004971953,0.1933308,16.03651,0.003728093,0.1337454,29901.004826405133,4.814532527625771e-15,0.296310916841158
GALAXY,0.04457287,2.56e-05,17.17944,0.007727065999999999,0.1177283,16.44112,0.005862206,0.08144387,13065.088250661542,3.820165034337752e-15,0.3326470315520616
GALAXY,0.5301798000000001,0.000145516,22.03697,0.1161383,0.1211466,20.41271,0.03822432,0.08380863,120353.92788144057,4.3558220113794646e-17,3.115226670111276
GALAXY,0.475633,2.37e-05,21.04555,0.04689639,0.0314709,20.34664,0.03316737,0.02177142,111094.9650253937,1.0855207392175513e-16,1.973356962317923
GALAXY,0.2000689,3.09e-05,18.9264,0.01493717,0.04925922,17.61729,0.007968442,0.034077300000000005,54077.58774483831,7.64360305268399e-16,0.7436621061877752
GALAXY,0.7261430999999999,0.000191006,23.87753,0.425559,0.2664252,21.64967,0.09603863,0.1843117,149126.7037232209,7.995509160795603e-18,7.271125694625305
GALAXY,0.04365568,1.2e-05,16.70466,0.003918772,0.1023911,15.88784,0.003272061,0.07083368,12802.229219545023,5.9155363204568536e-15,0.2673176609007812
GALAXY,0.5313845,0.000145222,22.13397,0.1499567,0.153196,20.32336,0.04874425,0.1059803,120551.77234266097,3.9835486476936624e-17,3.2575392129465897
GALAXY,0.5783375,0.000191945,23.1616,0.2053491,0.3222671,21.50777,0.08780551,0.2229429,128048.17820111109,1.5460307413596117e-17,5.228964005276092
GALAXY,0.3950076,8.170000000000001e-05,21.16908,0.0598168,0.1705526,19.50759,0.02460183,0.1179875,96270.55967601683,9.687821432077932e-17,2.0888711524416235
GALAXY,0.5419976,0.000228982,22.77255,0.17707910000000002,0.09571831,20.91739,0.05558218,0.06621748,122282.65273961112,2.2122699754331806e-17,4.371250070064185
GALAXY,0.02084552,2.39e-05,16.62986,0.004816696,0.07318674,15.88579,0.004030807,0.05063025,6184.208275553388,6.337443860374773e-15,0.2582662473877433
GALAXY,0.1392875,5.02e-05,18.74487,0.01098822,0.06703813,17.74361,0.007858425,0.04637667,38873.756498182236,9.034624879024428e-16,0.6840213420313058
GALAXY,0.0722579,1.13e-05,17.37079,0.006024422,0.0963752,16.62474,0.0046950640000000005,0.06667192,20881.635488686155,3.2028907499249195e-15,0.363290174608994
GALAXY,0.3204225,0.00010014,20.58569,0.0579755,0.06339708,18.64237,0.01701134,0.04385781,81246.25374390703,1.6579908337193567e-16,1.596737968009239
GALAXY,0.18063,3.41e-05,18.22748,0.009493551,0.07471629,17.03115,0.005981599000000001,0.05168838,49327.47503152872,1.4550104926589368e-15,0.5390035831621556
GALAXY,0.6413555000000001,0.000123175,22.63498,0.1904757,0.05410659,21.62966,0.122127,0.03743069,137481.37381740558,2.511112241474138e-17,4.102906804347786
GALAXY,0.5530326999999999,0.000187229,22.07534,0.143225,0.06004718,20.52241,0.05778177,0.04154036,124059.56460242317,4.2045752081321714e-17,3.170762054964506
GALAXY,0.6245608,0.000280441,22.09822,0.1059077,0.03312634,20.74531,0.04896096,0.02291664,135035.01690396192,4.116898171813215e-17,3.2043478293104806
GALAXY,0.41508,8.329999999999999e-05,20.97575,0.06630692,0.1742163,19.19939,0.02334795,0.120522,100094.00002598258,1.157598952715947e-16,1.910933844517764
GALAXY,0.2627619,3.3100000000000005e-05,19.88292,0.02251327,0.03335362,18.41541,0.01132875,0.02307388,68700.03540081592,3.1673067417999067e-16,1.155259776000158
GALAXY,0.3489986,0.00010823,20.85485,0.05506187,0.05730202,19.00861,0.01913611,0.03964127,87158.4036249099,1.2939518778763466e-16,1.8074473370967985
GALAXY,0.6367479,0.000166,22.66794,0.1803129,0.04864409,20.81914,0.05615577,0.03365176,136814.99304706685,2.4360271551514896e-17,4.165658390631208
GALAXY,0.1953361,3.510000000000001e-05,18.45312,0.01052443,0.07843575,17.2069,0.005877346,0.05426149,52930.67147610382,1.1819799923486219e-15,0.5980254303765558
GALAXY,0.4764827999999999,0.000124371,22.35707,0.1310009,0.2171901,20.72778,0.04404668,0.1502511,111243.82876575505,3.2436211622100766e-17,3.610020368369254
GALAXY,0.1040965,3.19e-05,17.9362,0.007340655,0.1058159,16.97117,0.0051015620000000005,0.07320293,29590.98968691774,1.9027342038849795e-15,0.4713414703689623
GALAXY,0.4991136,0.000119596,21.72391,0.1030649,0.1358978,19.86745,0.03420843,0.09401345,115153.76195415822,5.811578724591217e-17,2.6969795430165213
GALAXY,0.5878297,0.000186403,22.02082,0.1664394,0.05811273,20.37436,0.05988411,0.04020212,129514.03627817519,4.421097831303238e-17,3.0921435843962257
GALAXY,0.5437258,0.000220815,22.54568,0.17403229999999995,0.05833564,20.88637,0.06514107,0.04035633,122562.46057697687,2.7263783550746414e-17,3.937600507004205
GALAXY,0.142295,2.18e-05,18.36851,0.01100226,0.0418035,17.34435,0.007191816,0.02891947,39650.551891037045,1.2777742303495063e-15,0.5751718891727357
GALAXY,0.4366662,0.000110253,22.08037,0.1110708,0.1425433,20.26603,0.0327555,0.09861083,104106.09895928728,4.185141298511487e-17,3.1781153233720643
GALAXY,0.3474958,6.61e-05,20.87902,0.04711244,0.08772519999999999,19.06156,0.01560532,0.06068788,86852.39038410847,1.2654649626459266e-16,1.8276778656236692
GALAXY,0.5609699,0.000159327,21.95991,0.1099105,0.06863872,20.59013,0.05333073,0.04748395,125323.44783634508,4.676211280329886e-17,3.0066138400674682
GALAXY,0.5404641,0.000128321,22.55709,0.1604323,0.09328507,20.601,0.04465842,0.06453418,122033.8909576985,2.697876872721978e-17,3.9583450790872843
GALAXY,0.28980170000000005,4.71e-05,20.33701,0.0339571,0.08709842,18.67201,0.01350118,0.06025428,74688.26761543781,2.0847506849791224e-16,1.4239595489437917
GALAXY,0.4973578,0.000166104,22.10157,0.1554495,0.1237328,20.46984,0.06234152,0.08559778,114854.13275890285,4.1042152070887054e-17,3.209295094456258
GALAXY,0.5678521,0.000163008,22.10344,0.1451517,0.09518744,20.58683,0.05350259,0.06585023,126409.82676618178,4.097152463079285e-17,3.2120600232841396
GALAXY,0.5722347,0.000271735,22.89667,0.2970494,0.1849369,20.89168,0.08226777,0.1279385,127097.06786468133,1.9732864113090184e-17,4.628386863472979
GALAXY,0.4839208,0.000137782,21.85886,0.1548275,0.096743,19.74245,0.03616333,0.06692635,112540.4296375475,5.1323247082318417e-17,2.8699058682093277
GALAXY,0.2256568,4.71e-05,18.68457,0.01590706,0.0491827,17.31452,0.00769125,0.03402436,60172.672523439396,9.550588321858778e-16,0.6652879421898431
GALAXY,0.05950572,1.89e-05,17.20295,0.004889167,0.06691318,16.267870000000002,0.003697054,0.04629023,17309.47935920952,3.738334211366648e-15,0.3362680862649509
GALAXY,0.5058203,0.00013408,21.88087,0.1093886,0.1115715,20.16631,0.03877056,0.07718464,116292.57288195826,5.0293299116506105e-17,2.8991430991578
GALAXY,0.5712003999999999,0.000179377,21.9149,0.1918873,0.3595397,20.13092,0.0589246,0.2487279,126935.19699639465,4.874141413308133e-17,2.9449345843810972
GALAXY,0.3638492,8.1e-05,21.44041,0.07952941,0.520166,19.3331,0.02113855,0.3598484,90153.58663828092,7.545606013700599e-17,2.3668876973568174
GALAXY,0.4583586,0.00010681,22.04344,0.1128898,0.3809436,20.32219,0.03790943,0.263535,108036.33813230919,4.3299424609000286e-17,3.1245224702546306
GALAXY,0.5596126,0.000171065,21.41363,0.1326683,0.06660358,20.04279,0.05771361,0.04607605,125108.15330333427,7.734034859016218e-17,2.3378769670620523
GALAXY,0.5348214,0.00013601,23.05555,0.184987,0.12267,21.30144,0.06540035,0.08486252,121114.6638436385,1.7046613921998967e-17,4.979728351649964
GALAXY,0.3175996,4.9700000000000015e-05,20.61732,0.03533885,0.16411879999999998,18.90486,0.01444225,0.1135366,80651.4274028333,1.6103865149551999e-16,1.6201665156967393
GALAXY,0.2060666,1e-05,18.49011,0.008899667,0.1047703,17.7656,0.00744335,0.0724796,55522.21606243225,1.1423892960528873e-15,0.6082997700328695
GALAXY,0.4296552,6.840000000000001e-05,21.10782,0.0579595,0.2146459,19.30962,0.01803588,0.148491,102814.1866706999,1.025014774198979e-16,2.030764918153334
GALAXY,0.634948,0.00013822,22.81934,0.225477,0.06826809,21.14548,0.0700613,0.04722755,136553.70385987617,2.118956909942871e-17,4.466462091029504
GALAXY,0.5486048000000001,0.000191732,21.52786,0.1101878,0.07564399,20.03272,0.0427477,0.05233016,123349.33964617996,6.961681098687799e-17,2.4641529005584997
GALAXY,0.06112733,1.39e-05,17.683310000000006,0.007407653,0.1577394,17.08215,0.006744554,0.1091234,17766.40208482914,2.401784983571289e-15,0.41952481280168064
GALAXY,0.3017364,4.79e-05,20.24176,0.03110828,0.0916027,18.65894,0.01283183,0.06337032,77272.1435131036,2.2759049751838127e-16,1.3628487252222958
GALAXY,0.1094504,1.63e-05,18.03301,0.0076778190000000015,0.07988008,17.287860000000002,0.006166937,0.05526067,31026.381421126873,1.7404202399190638e-15,0.4928305850321451
GALAXY,0.08196591,1.02e-05,18.43145,0.009230455,0.0764978,17.70872,0.007526933,0.05292083,23568.814226252685,1.2058079009176767e-15,0.592087172546448
GALAXY,0.4651939000000001,0.000122985,22.05103,0.09881878,0.08854133,20.51966,0.04118359,0.06125248,109254.06394678076,4.299778910040641e-17,3.1354627980258734
GALAXY,0.4490755,0.000129853,22.23424,0.1418675,0.1654741,20.53656,0.04696396,0.1144742,106366.72561037829,3.6321361967932565e-17,3.4114864627465633
GALAXY,0.4273969,0.00015505100000000002,22.72767,0.3930894,0.1899785,20.01826,0.05880431,0.13142620000000002,102395.77164141602,2.3056327118900838e-17,4.281832283603414
GALAXY,0.1281583,2.8600000000000007e-05,17.94306,0.007709029,0.33547540000000003,16.76976,0.005051671,0.2320804,35976.705802603006,1.890750070246371e-15,0.4728328617638508
GALAXY,0.6216545,5.68e-05,21.99848,0.07706479,0.1268466,20.55443,0.03482665,0.08775186,134606.77960309642,4.5130082268359774e-17,3.060494844678075
GALAXY,0.04926328,1.53e-05,16.76776,0.003779409,0.05547061,15.87882,0.0030998690000000003,0.03837431,14405.401236849777,5.581541076376323e-15,0.27519950745707517
GALAXY,0.1592934,2.71e-05,18.69514,0.009477228,0.05738046,17.71411,0.006766631,0.03969554,43992.60975470333,9.458061316256013e-16,0.6685342354695675
GALAXY,0.5423818,0.000271476,22.5053,0.2192539,0.1088532,20.54029,0.05980625,0.07530411,122344.90667549796,2.8296852122002394e-17,3.8650547680716527
GALAXY,0.1158116,2.34e-05,17.9485,0.008393605,0.06011446,17.03855,0.006060738,0.04158691,32720.997940395213,1.8813003019662496e-15,0.474018893608583
GALAXY,0.4628600000000001,0.000115347,21.71093,0.06501167,0.03807409,20.03328,0.02474029,0.02633948,108839.37755716279,5.881473237710123e-17,2.680906404934906
GALAXY,0.02132167,4.760000000000001e-05,18.39061,0.01875464,0.05600021,17.98988,0.02080118,0.03874069,6323.946154979372,1.2520282415334638e-15,0.5810555480419407
GALAXY,0.5901715999999999,0.000169415,22.54028,0.17710050000000002,0.1191261,21.13916,0.07434808,0.08241086,129873.18471181091,2.739972002848043e-17,3.9278206791945003
GALAXY,0.1825562,3.12e-05,18.72182,0.01100767,0.08913035,17.52168,0.006664130999999999,0.06165996,49802.82955328391,9.228478934380611e-16,0.6767989126304571
GALAXY,0.5478955,0.000130912,22.28329,0.1152892,0.09151107,20.89786,0.05345206,0.06330694,123235.22520028803,3.471699486513177e-17,3.4894232647467
GALAXY,0.5197856,0.00018194,22.30701,0.116705,0.09263841,20.77407,0.04877765,0.06408682,118635.20158849868,3.3966760200794256e-17,3.527748795730895
GALAXY,0.04919937,6.36e-06,17.87245,0.01098657,0.07298725,17.56243,0.01148686,0.05049224,14387.182610389586,2.017800034869654e-15,0.45770499532403774
GALAXY,0.1248859,3.09e-05,18.54195,0.01012943,0.1121903,17.61626,0.007107291,0.07761275,35118.091729794,1.0891259985103073e-15,0.6229965652450132
GALAXY,0.07647648,1.8e-05,17.36497,0.005791227,0.1256468,16.63202,0.004587499,0.08692187,22052.756181632394,3.2201056818569637e-15,0.3623177846821078
GALAXY,0.5932598000000001,0.000119538,21.4992,0.06441823,0.06297234,20.43105,0.03723485,0.04356397,130345.27732488337,7.147894357326544e-17,2.431843665576108
GALAXY,0.2226087,3.950000000000001e-05,18.16104,0.01278161,0.06339222,16.738139999999998,0.005884479000000001,0.04385445,59455.902998973084,1.546828357322527e-15,0.522761568407065
GALAXY,0.1182449,2.54e-05,18.15426,0.007802129,0.04677813,17.11904,0.00542967,0.032360900000000005,33366.122746559704,1.5565179206339774e-15,0.521131892643035
GALAXY,0.11088019999999997,2.58e-05,18.23301,0.00824602,0.05823891,17.28664,0.006201806,0.04028941,31408.302442468645,1.4476185020585015e-15,0.5403779908802361
GALAXY,0.4199568,0.000200966,20.71441,0.05686439,0.03739834,18.88181,0.01889983,0.025872000000000003,101009.3709000089,1.4726316332023126e-16,1.6942506162510589
GALAXY,0.4292054,0.000108819,21.62365,0.07895795,0.02930641,19.81214,0.02496788,0.02027404,102730.93712275263,6.373795499421054e-17,2.575287099251821
GALAXY,0.2321407,3.19e-05,19.19092,0.01678926,0.06097265,17.7438,0.008234227,0.04218059,61689.09395658534,5.990873166729228e-16,0.8400007083257474
GALAXY,0.5699871,0.000200598,22.21557,0.185981,0.15172570000000002,20.76484,0.08275726,0.1049632,126745.06112590234,3.695133429699212e-17,3.382280737700818
GALAXY,0.4589694,0.000111633,21.29644,0.08822669999999999,0.05272212,19.50368,0.03045881,0.03647291,108145.55372118407,8.615532503206544e-17,2.2150506035883875
GALAXY,0.05172813,2.42e-05,18.37462,0.0071330540000000015,0.04242476,17.6088,0.005713348,0.02934925,15107.120575654435,1.2706037278993043e-15,0.5767925632669039
GALAXY,0.03168968,6.37e-06,17.64698,0.0076953440000000015,0.1282636,17.22137,0.007740854,0.08873219,9349.869125294224,2.4835112132137024e-15,0.41256430700192487
GALAXY,0.5482734,0.000144089,22.07675,0.1019841,0.05796637,20.71546,0.04538158,0.04010087,123296.03481606061,4.1991184469334867e-17,3.172821591292877
GALAXY,0.2188694,3.73e-05,19.26415,0.01770161,0.07416821,17.83374,0.008290613,0.05130923,58573.18031257576,5.600130212479674e-16,0.8688116829835509
GALAXY,0.7010741,1.7800000000000002e-05,21.92867,0.07108162,0.07019312,21.46368,0.06230479,0.04855927,145802.13026085083,4.812714788042593e-17,2.9636686917342834
GALAXY,0.6740616999999999,0.0002439,22.42715,0.186309,0.2447813,21.41455,0.1193496,0.1693386,142109.96922861077,3.040871898572338e-17,3.728427068263486
GALAXY,0.6619749,0.000153671,22.91747,0.2239389,0.17349620000000002,20.89256,0.05948294,0.1200239,140419.9630928813,1.935842967853106e-17,4.672934055280464
GALAXY,0.4756465,0.000152438,21.90336,0.1147374,0.3027969,20.02312,0.03336717,0.2094735,111097.33105527908,4.926223653765886e-17,2.929325635564288
GALAXY,0.1958267,3.05e-05,20.24614,0.02653158,0.4696365,19.15158,0.01575766,0.3248924,53049.84616204103,2.2667421751189925e-16,1.3656004533349588
GALAXY,0.3906357,4.4e-05,20.52518,0.05657796,0.1109978,19.26253,0.02908182,0.0767878,95425.73546682709,1.7530169898653718e-16,1.5528576727816072
GALAXY,0.9291795,7e-05,23.62049,0.30108520000000005,0.1350748,23.26403,0.3157983,0.09344411,172808.39367029633,1.0131228841717523e-17,6.459421910002446
GALAXY,0.16112939999999998,3.2200000000000003e-05,18.29515,0.009565737,0.08835541,17.061139999999998,0.005841388,0.06112386,44456.698489360446,1.3670932066152614e-15,0.5560651175740133
GALAXY,0.4881555,0.000113894,22.61799,0.1498908,0.1790003,20.71187,0.04978478,0.1238316,113273.56011845155,2.5507161104637482e-17,4.070930164663622
GALAXY,0.1256984,2.14e-05,18.43055,0.009250399,0.1175085,17.41025,0.006658149,0.0812918,35331.5639169478,1.2068078464103066e-15,0.5918418237967269
GALAXY,0.004539058,5.48e-06,14.39985,0.002205947,0.07963223,13.99306,0.002184666,0.05508921,1357.6870673646154,4.942175064975871e-14,0.0924837971088134
GALAXY,0.4726795999999999,0.000122287,21.8222,0.09180938,0.1007835,20.26968,0.04057756,0.06972157,110576.44070899952,5.308577050084235e-17,2.8218612269563144
GALAXY,0.07568918,8.24e-06,17.05465,0.004852897,0.1475473,16.467660000000002,0.004318183,0.1020726,21834.592636098634,4.285466704093864e-15,0.3140694198380232
GALAXY,0.06556966,1.74e-05,17.23949,0.005032679,0.04702077,16.36508,0.004149145,0.03252875,19014.12616951832,3.6146156550052045e-15,0.3419744441208279
GALAXY,0.05303242,1e-05,15.57706,0.003297202,0.05131017,14.934779999999998,0.003001956,0.03549614,15477.707977853395,1.67122192739409e-14,0.15904047065415977
GALAXY,0.5864345000000001,0.000191662,22.31808,0.2181175,0.09021166,20.52932,0.0683658,0.06240801,129299.60178652634,3.362219984497394e-17,3.5457789078682884
GALAXY,0.6364211,0.000207802,23.42722,0.3029834,0.06704484,21.30287,0.07543971,0.04638131,136767.59273654074,1.2105148602631388e-17,5.9093491709184995
GALAXY,0.48544,8.62e-05,21.33868,0.07817656,0.03399988,19.53067,0.02533613,0.02352096,112803.86184791823,8.286786029429577e-17,2.258560103669874
GALAXY,0.1164503,2.28e-05,18.23261,0.009135802,0.07769116,17.28215,0.006267768000000001,0.05374639,32890.498293648874,1.4481519226774903e-15,0.5402784587432548
GALAXY,0.1952444,4.02e-05,19.75098,0.01720439,0.07271899,18.41886,0.009560177,0.05030666,52908.388718066686,3.576565024236864e-16,1.0871554623307575
GALAXY,0.6023584,0.00013571700000000002,22.45692,0.1868247,0.05842142,20.84095,0.07010976,0.04041567,131726.27656627446,2.958626379805563e-17,3.7798942719000856
GALAXY,0.5257294,0.000117894,21.70588,0.09033599,0.06252944,20.10863,0.06353534,0.04325758,119620.61143212643,5.908892993016272e-17,2.6746789038390677
GALAXY,0.4904251,0.00013709,21.68776,0.12897360000000002,0.05610088,20.08666,0.0549031,0.03881032,113664.97859059018,6.008334807165137e-17,2.6524527257415036
GALAXY,0.4942454000000001,8.93e-05,21.33434,0.07308523,0.08663901,19.98549,0.03251758,0.05993646,114321.47089930518,8.319976990190566e-17,2.2540505543772564
GALAXY,0.486491,8.14e-05,21.84578,0.10034,0.08831421,20.14018,0.03598806,0.06109536,112985.83115406123,5.1945284021200966e-17,2.852670771002333
GALAXY,0.6871590999999999,0.000303767,22.88663,0.2997913,0.07512473,21.15558,0.08747578,0.05197094,143914.64507058493,1.991618378250568e-17,4.607036491969613
GALAXY,0.5052849,0.00014994799999999998,22.47268,0.1610162,0.05986435,20.63312,0.04958636,0.04141388,116201.99137960127,2.915990637255895e-17,3.8074275868720444
GALAXY,0.5595939,0.000113062,21.96841,0.1251397,0.07541111,20.42709,0.04983234,0.05216905,125105.18471356331,4.639745136547137e-17,3.0184059777051853
GALAXY,0.5404008000000001,0.000137739,22.1397,0.17066389999999998,0.1790344,20.54391,0.06800994,0.12385519999999997,122023.61288092364,3.9625807479595286e-17,3.2661464365330724
GALAXY,0.09414534,6.79e-06,18.08022,0.007847551999999999,0.1593108,17.3999,0.00669802,0.1102105,26900.8404047928,1.6663649616421215e-15,0.5036625411094091
GALAXY,0.1821049,3.99e-05,18.59847,0.01369599,0.06642862,17.47244,0.007744924,0.04595502,49691.54860857387,1.033879978696011e-15,0.6394250590804598
GALAXY,0.1044733,4.42e-06,18.17101,0.007285113,0.1005313,17.57855,0.006450895,0.0695471,29692.283727182326,1.532689298886469e-15,0.525167270668345
GALAXY,0.14422870000000002,2.9e-05,17.70383,0.007979309,0.0576265,16.650660000000002,0.005190662,0.03986575,40148.63569238062,2.356818427653692e-15,0.4235080329402152
GALAXY,0.1105923,3.4e-05,18.3827,0.007996324,0.06887098,17.41249,0.005472192,0.04764463,31331.44781871529,1.261183049717465e-15,0.5789427934209931
GALAXY,0.5745889,0.000123295,22.2921,0.1446667,0.3568292,20.98253,0.06027588,0.2468528,127464.77397905363,3.443643024466485e-17,3.503609153276489
GALAXY,0.6969044,0.00033292300000000005,23.04849,0.8225256,0.1990058,20.42933,0.13313010000000006,0.13767120000000002,145239.7308542889,1.7157820703408542e-17,4.963564300019543
GALAXY,0.2944474,6.879999999999999e-05,20.8474,0.06517218,0.4626116,19.13856,0.0209543,0.32003259999999994,75698.33160895255,1.3028611234503878e-16,1.8012568785127312
GALAXY,0.5360734,0.000161557,21.993,0.1240871,0.08545328,20.28702,0.04143522,0.05911618,121319.14930075263,4.5358441632312374e-17,3.0527810156218194
GALAXY,0.3955412,6.96e-05,20.64011,0.05824384,0.1637506,18.72495,0.01912093,0.1132819,96373.37493674082,1.5769362083221872e-16,1.6372600022641997
GALAXY,0.6441808000000001,9.92e-05,21.91107,0.1065295,0.09155666,20.4229,0.04646809,0.06333847,137888.21653412594,4.8913656031824614e-17,2.9397449451629254
GALAXY,0.3377834,9.77e-05,20.27165,0.03324978,0.07419463,18.4694,0.01091959,0.0513275,84861.61880697537,2.214104554049502e-16,1.3817378432495933
GALAXY,0.17133489999999998,2.22e-05,18.22776,0.00884174,0.0769346,17.02747,0.005214486,0.053223,47019.06700785833,1.4546353090662823e-15,0.5390730893337633
GALAXY,0.2407596,4.58e-05,19.67304,0.02052384,0.08458585,18.14351,0.009108592,0.0585161,63687.47560931244,3.8427499466113274e-16,1.048826501034917
GALAXY,0.4703272,0.000253812,22.56667,0.2241167,0.1096063,20.61985,0.04671934,0.07582516,110162.13834456327,2.674176852142162e-17,3.9758468984812305
GALAXY,0.6709921,0.000245702,22.88455,0.2659812,0.1020448,21.19531,0.07560124,0.07059415,141683.02076648228,1.9954374798021367e-17,4.602625637914663
GALAXY,0.5418465,0.000149392,22.22176,0.15197529999999998,0.08690654,20.52662,0.04970999,0.06012155,122258.16149863091,3.674126671211976e-17,3.39193602348133
GALAXY,0.6878459,0.000157922,22.18702,0.0907995,0.02898411,20.91499,0.04869464,0.02005107,144008.5224555253,3.793587671049651e-17,3.338102378978162
GALAXY,0.1965642,4.24e-05,19.34665,0.01959532,0.1016408,18.0015,0.009517404,0.07031464,53228.87234930591,5.19036769573392e-16,0.9024552011755325
GALAXY,0.05217925,1.8100000000000006e-05,17.995160000000006,0.006538391,0.04545303,17.156779999999998,0.005104087,0.0314442,15235.354381339184,1.8021632332420186e-15,0.48431470139810234
GALAXY,0.3205646,4.95e-05,20.47598,0.05105592,0.07281177,18.743,0.01707361,0.05037085,81276.14449253808,1.834282088265231e-16,1.5180694911478085
GALAXY,0.4475814,7.55e-05,21.17975,0.07239733,0.0709788,19.40164,0.02331601,0.04910281,106096.29160541552,9.593081302955068e-17,2.0991605321195737
GALAXY,0.7692699000000001,0.000219575,23.97689,0.8102146,0.05799527,21.17687,0.1148298,0.04012086,154625.6186971901,7.29629063795515e-18,7.611559598932752
GALAXY,0.4287905,0.000126418,22.19841,0.11318219999999997,0.06332858,20.67188,0.04807079,0.04381042,102654.10775031603,3.753998763213111e-17,3.3556576912312748
GALAXY,0.6372648,0.000274997,22.19161,0.3153857,0.04147435,20.35103,0.09085185,0.02869176,136889.9292317479,3.777583955847922e-17,3.345165832682487
GALAXY,0.5549145999999999,0.000196268,23.06702,0.236055,0.0615055,21.02052,0.05999371,0.04254922,124360.29806856882,1.6867476944339892e-17,5.006101517107949
GALAXY,0.4395832,0.000241055,20.9263,0.06113855,0.05075954,19.08473,0.01960306,0.03511522,104640.47354611308,1.211541026321042e-16,1.8679087318041654
GALAXY,0.5369955,0.000252634,21.26293,0.09974691,0.2076319,19.61248,0.03959686,0.14363879999999998,121469.56044264359,8.88558703549881e-17,2.181130507501277
GALAXY,0.5316451,0.000165332,21.75255,0.1128567,0.06725822,20.09834,0.04584341,0.04652893,120594.5330105084,5.660282737168406e-17,2.732786177097939
GALAXY,0.03487653,1.23e-05,16.8519,0.006464784,0.08358721,16.37769,0.0062143580000000006,0.05782525,10273.49811794896,5.16533062410954e-15,0.2860721976330895
GALAXY,0.4937356,0.000129087,22.13493,0.13145410000000002,0.1133168,20.3986,0.04651731,0.07839205,114234.03624093563,3.980027979859762e-17,3.2589796774916415
GALAXY,0.5309401,0.000269558,21.68784,0.16166,0.05533242,20.20275,0.05907448,0.03827871,120478.8224785619,6.007892113005638e-17,2.6525504475112953
GALAXY,0.4056844,8.09e-05,21.17519,0.06522793,0.08823635,19.31173,0.01905351,0.0610415,98315.5543090319,9.633456157159972e-17,2.0947570092203622
GALAXY,0.3854829,8.690000000000001e-05,20.98241,0.06512213,0.09592641,19.26846,0.02291724,0.06636144,94424.41371398764,1.1505198744273304e-16,1.9168037584850495
GALAXY,0.3583328,6.96e-05,20.87679,0.05076131,0.1571048,19.11619,0.01769719,0.1086844,89047.08497672385,1.2680667796316628e-16,1.8258018898795059
GALAXY,0.3293819000000001,7.49e-05,21.03566,0.05545893,0.1618781,19.180770000000006,0.01726211,0.1119865,83121.1905584387,1.0954539487880549e-16,1.9643897179778225
GALAXY,0.2494082,6.97e-05,19.72791,0.02722626,0.1461356,18.25693,0.012542200000000002,0.101096,65672.95993078331,3.653373928510255e-16,1.0756665220061432
GALAXY,0.09625852,2.75e-05,17.81687,0.008648328,0.14649389999999998,16.980610000000002,0.006718271,0.1013438,27474.529269118146,2.1237829269954803e-15,0.4461384481348728
GALAXY,0.0348548,1.0800000000000003e-05,17.47877,0.006910284,0.2108886,16.84165,0.005452341,0.1458918,10267.21049554317,2.8996803478477415e-15,0.38181206904007603
GALAXY,0.2738416,5.6100000000000015e-05,20.16176,0.03230402,0.04083747,18.62503,0.01367143,0.02825117,71176.44366459636,2.4499325353124465e-16,1.3135531561781781
GALAXY,0.1617011,2.95e-05,18.09579,0.008300452,0.06576848,17.32992,0.006412763,0.04549833,44601.01391832434,1.642638982779638e-15,0.5072869057064858
GALAXY,0.3768606,6.92e-05,20.95171,0.0497826,0.1179079,19.17612,0.01716037,0.08156811,92735.24376176321,1.183515977256278e-16,1.8898948966334643
GALAXY,0.1236155,1.64e-05,17.298170000000002,0.00518265,0.1720325,16.271810000000002,0.003812942,0.1190113,34783.93156384914,3.42444444649659e-15,0.35134166273587697
GALAXY,0.3600981,8.55e-05,20.59107,0.04240785,0.10876760000000002,18.738570000000006,0.01408654,0.07524496,89401.95580432273,1.6497955399639859e-16,1.6006989213213065
GALAXY,0.06062336,1.15e-05,17.39524,0.004955333,0.08825141,16.60458,0.003939042,0.06105192,17624.481531446865,3.131570009163097e-15,0.36740380714469334
GALAXY,0.5141209,0.000152177,22.225720000000006,0.134413,0.1368907,20.58901,0.04618814,0.09470036,117689.61595083732,3.6607504564836386e-17,3.398127362463729
GALAXY,0.1204361,2e-05,17.51139,0.006400988000000001,0.1268708,16.5426,0.004675895,0.08776864,33945.594439910696,2.8138576631830064e-15,0.38759097166783324
GALAXY,0.4681952999999999,0.000141233,22.24546,0.1134353,0.07175288,20.58709,0.04060939,0.04963831,109785.6755756201,3.594794968914206e-17,3.4291592348322335
GALAXY,0.0956037,9.4e-06,17.60435,0.005727448,0.09148735,16.93287,0.004840358,0.06329053,27296.897699308898,2.58296264371567e-15,0.40454389564133336
GALAXY,0.6315189,0.000166887,22.83194,0.2886347,0.2008776,20.70458,0.07004116,0.1389662,136054.38189812907,2.094508490523475e-17,4.49245413847085
GALAXY,0.2080098,1.09e-05,19.37419,0.01453779,0.2681828,18.51585,0.01068758,0.1855276,55988.15578971168,5.060368284992152e-16,0.9139736018917476
GALAXY,0.5477208,0.000212109,21.96317,0.1144208,0.1790495,20.53916,0.04774222,0.1238656,123207.10428032887,4.662191682082839e-17,3.0111310157081115
GALAXY,0.389942,6.36e-05,21.16403,0.0592684,0.1169639,19.35232,0.01982498,0.08091506,95291.285092808,9.732986594339249e-17,2.0840188952472185
GALAXY,0.0925732,9.23e-06,18.53788,0.009007275,0.1151845,17.8645,0.007766596,0.07968413,26473.18510497192,1.0932163673259632e-15,0.6218299737404976
GALAXY,0.07794346,6.22e-06,16.734679999999994,0.004065198,0.14143060000000002,16.05811,0.0035549220000000007,0.09784103,22458.773390085855,5.7542155353326554e-15,0.2710389163449757
GALAXY,0.1483747,1.17e-05,18.20583,0.009133775,0.1338228,17.635270000000006,0.008716115,0.092578,41212.973746543576,1.4843151671055937e-15,0.5336563141150282
GALAXY,0.30806690000000003,5.12e-05,20.31853,0.03008908,0.08410908,18.71597,0.014241299999999997,0.05818627,78628.20595122945,2.1205383212299575e-16,1.411892568354952
GALAXY,0.5276194000000001,0.000129066,22.04897,0.1269362,0.08152447,20.2771,0.03958142,0.05639825,119932.50680031875,4.307944754262905e-17,3.1324897044857036
GALAXY,0.2070474,3.7e-05,19.14561,0.01522681,0.06508682,17.824370000000005,0.007766134,0.04502676,55757.520526984525,6.24617467562883e-16,0.8226548307273325
GALAXY,0.3666697,0.000115249,20.53584,0.05873014,0.05940707,18.81532,0.02162685,0.04109754,90716.5710282836,1.7358896958029784e-16,1.5604995662200987
GALAXY,0.08379196,9.79e-06,18.40409,0.009589932,0.03669363,17.65168,0.007911779,0.02538448,24071.16032213962,1.2365797355011384e-15,0.5846738259969946
GALAXY,0.03883374,5.72e-06,16.69504,0.003851883,0.07120241,16.371570000000002,0.004088411,0.0492575,11416.173915842157,5.9681829166829915e-15,0.26613601660223496
GALAXY,0.02125385,7.23e-06,15.21449,0.002433392,0.02823252,14.47808,0.002217495,0.01953113,6304.046860618038,2.3337918839889743e-14,0.1345840682876996
GALAXY,0.5466011,0.000198071,22.44669,0.1743918,0.06968299,20.84774,0.0631454,0.04820637,123026.73224289223,2.986634827869717e-17,3.762128733570457
GALAXY,0.1614955,2.94e-05,18.1486,0.009537034,0.07576989,17.0526,0.006055534,0.05241726,44549.124489213755,1.5646533172071743e-15,0.5197753173885276
GALAXY,0.5187496,0.000129503,22.09501,0.1006918,0.1057168,20.35708,0.03698443,0.07313441,118462.73774720464,4.1290878712085345e-17,3.1996144707033163
GALAXY,0.4289511,9.29e-05,21.7126,0.08525912,0.1272876,20.13742,0.03269445,0.08805697,102683.8514169476,5.872433739581544e-17,2.682968985012003
GALAXY,0.2519479,4.47e-05,19.143320000000006,0.02054135,0.05312363,17.68929,0.01014586,0.03675068,66252.26384795937,6.259362810140865e-16,0.8217877294238065
GALAXY,0.04477493,2.53e-05,16.82165,0.005202264,0.07985234,16.328210000000002,0.0048341420000000005,0.05524148,13122.963253055213,5.311266890404902e-15,0.2821146584148536
GALAXY,0.1278408,3.45e-05,18.84584,0.01124535,0.1001751,17.73687,0.007238915,0.06930064,35893.535114604965,8.232317755304035e-16,0.7165782998410661
GALAXY,0.1425111,1.7100000000000002e-05,17.59783,0.00602142,0.05513137,16.67661,0.004351148,0.03813962,39706.26803201832,2.598520367387933e-15,0.40333104563302774
GALAXY,0.1326098,1.6899999999999994e-05,18.69717,0.009830273,0.09207185,17.70431,0.006783915,0.06369488,37139.74488869956,9.440394108895172e-16,0.6691595066189459
GALAXY,0.5722244000000001,0.000186156,22.0827,0.13417320000000002,0.07744012,20.44533,0.04668447,0.05357272,127095.45685549322,4.176169576477783e-17,3.1815272861014687
GALAXY,0.5821095000000001,0.00013472,21.06282,0.06091395,0.06020411,19.29099,0.02134266,0.04164892,128632.63659861415,1.0683907645332395e-16,1.9891139000505051
GALAXY,0.6297424,0.000199965,22.59832,0.225441,0.09223802,20.98006,0.08007532,0.06380983,135794.91190337142,2.5973479023831295e-17,4.034220688997116
GALAXY,0.5439456,0.000136238,21.86172,0.139181,0.09620339,20.09849,0.0426292,0.06655306,122598.00695976056,5.118823147821923e-17,2.873688250323051
GALAXY,0.5747348000000001,0.000225042,21.53206,0.1094593,0.08169384,20.28232,0.06121344,0.05651542,127487.52886419347,6.934802949113672e-17,2.4689236070113756
GALAXY,0.612717,0.000255848,22.75397,0.199339,0.06629357,21.07059,0.07505745,0.04586158,133280.69088941716,2.2504539220457093e-17,4.3340074376016515
GALAXY,0.03531749,1.06e-05,16.74563,0.004179436,0.1566646,15.91356,0.003444369,0.1083799,10401.060368902516,5.6964740747871015e-15,0.2724091256610263
GALAXY,0.12191580000000002,2.72e-05,18.63799,0.009533594,0.08835682,17.64271,0.006224925,0.06112484,34336.121724044024,9.9692416952576e-16,0.6511689028817341
GALAXY,0.13836410000000002,2.52e-05,18.53306,0.009842586,0.08325773,17.474970000000006,0.006523841,0.05759731,38634.73633174005,1.0980803632250117e-15,0.6204512334594864
GALAXY,0.349959,5.7e-05,20.8432,0.04318126,0.15143470000000006,19.05565,0.01475985,0.1047618,87353.68648010715,1.3079107977392425e-16,1.7977763059307346
GALAXY,0.03388641,1.66e-05,16.64359,0.004755706,0.1667217,15.79179,0.003780407,0.1153373,9986.861520401137,6.257806430394737e-15,0.25990441221607713
GALAXY,0.4896753,0.000148371,21.38016,0.1396149,0.06415543,19.66466,0.04921145,0.04438243,113535.78291559465,7.97616492132355e-17,2.3021183801648903
GALAXY,0.1432972,2.68e-05,18.60739,0.01151834,0.07924475,17.50256,0.007097348000000002,0.05482115,39908.83242764455,1.0254208062002135e-15,0.6420570991486617
GALAXY,0.3715904,7.120000000000001e-05,21.14872,0.06122192,0.2198254,19.35435,0.02154111,0.15207420000000002,91694.31027974187,9.871203954498612e-17,2.069377164139392
GALAXY,0.6732463000000001,0.000207215,22.72065,0.2057201,0.09936177,21.22723,0.08063992,0.06873801,141996.70455929058,2.3205884438781278e-17,4.268012201030428
GALAXY,0.1277902,2.01e-05,18.0909,0.006594524,0.059051199999999984,17.20293,0.0048491,0.04085135,35880.27751418331,1.6500538782221546e-15,0.5061458173142067
GALAXY,0.6179451,0.00017109999999999998,22.30759,0.2730165,0.08055131,20.35552,0.05623637,0.05572503,134058.0867771046,3.394862001194604e-17,3.5286911828285534
GALAXY,0.1689505,4.28e-05,18.35361,0.01445082,0.1859782,17.33413,0.00818749,0.1286588,46423.01682439614,1.2954305214972185e-15,0.5712387396484379
GALAXY,0.5295812,0.00017319900000000002,22.93623,0.2053328,0.08827998,20.857570000000006,0.05601559,0.06107168,120255.51701783911,1.902681630122359e-17,4.713479822370039
GALAXY,0.08916678,2.71e-05,17.88148,0.008024748,0.07488995,17.042460000000002,0.006101737,0.05180852,25544.080078304614,2.0010877123870158e-15,0.4596123102168764
GALAXY,0.0591355,5.83e-06,18.65585,0.01200443,0.9787471,18.052670000000006,0.009908383,0.6770927,17205.052628589914,9.806592411077843e-16,0.6565467445937031
GALAXY,0.1137517,1.86e-05,18.05325,0.007831394,0.08217975,17.12428,0.005476424000000001,0.05685157,32173.528911966874,1.7082763374362582e-15,0.4974456669792856
GALAXY,0.5890882,0.000266864,22.36475,0.1584968,0.03673167,20.98985,0.07521707,0.0254108,129707.15968103596,3.220758229892828e-17,3.62281078770228
GALAXY,0.473248,0.000127679,21.5944,0.08327810000000001,0.04167308,19.93852,0.03176641,0.02882924,110676.37437109149,6.547841003425152e-17,2.540830255749569
GALAXY,0.2460098,3.12e-05,19.64899,0.02323646,0.0292454,18.17276,0.01094489,0.02023183,64895.13339598657,3.928819939029862e-16,1.0372743824851434
GALAXY,0.5411366999999999,0.000181255,22.77587,0.1892524,0.05453949,20.99522,0.06013279,0.03773016,122143.05430329405,2.2055155554967648e-17,4.377938458120123
GALAXY,0.5633338999999999,0.000129301,22.59676,0.1709934,0.03874055,21.19641,0.07392941,0.02680053,125697.60516745095,2.6010824881778315e-17,4.031323519231433
GALAXY,0.5248446,0.000143278,22.12834,0.130827,0.15121070000000006,20.5449,0.04918139,0.1046069,119474.35929232433,4.004258675721652e-17,3.249104295176155
GALAXY,0.08896012,1.56e-05,18.1031,0.008510539000000001,0.2357414,17.24023,0.006292555,0.1630848,25487.603748484402,1.6316166377258427e-15,0.5089975035439871
GALAXY,0.1959002,1.11e-05,18.23055,0.008715377,0.05549678,17.46286,0.006862396999999999,0.03839241,53067.69480191302,1.4509021531563508e-15,0.5397661584867842
GALAXY,0.5998648,0.000157296,21.74259,0.1161288,0.06861541,20.2487,0.04609959,0.04746782,131349.25907117847,5.712446230323973e-17,2.720280274099591
GALAXY,0.23044770000000006,2.24e-05,22.16466,0.08300169,0.09459561,21.8201,0.08616112,0.06544080000000001,61294.22883058286,3.8725240643798706e-17,3.303905769047109
GALAXY,0.4854889,7.780000000000001e-05,21.80295,0.1289233,0.1124813,20.05659,0.039774800000000006,0.07781403,112812.33336098389,5.403536945449511e-17,2.796956115332127
GALAXY,0.2965386,4.23e-05,19.80055,0.02161406,0.09441734,18.28989,0.009897659,0.06531748,76151.22115604283,3.416946076794014e-16,1.112258292348708
GALAXY,0.5226323,9.4e-05,21.02843,0.05900986,0.03441375,19.64213,0.02628225,0.02380727,119108.01128575005,1.1027730020051972e-16,1.9578600840421594
GALAXY,0.06657689,8.86e-06,17.756529999999994,0.008319589,0.1902591,17.10011,0.006410165,0.1316204,19296.214840256154,2.2451539464342342e-15,0.4339119914129435
GALAXY,0.7958611,6.52e-05,22.70707,0.1457656,0.4077261,22.10703,0.1103172,0.282063,157882.8012595737,2.3497958107651896e-17,4.241404104078957
GALAXY,0.7279975999999999,0.000378758,23.39696,0.368781,0.1862875,21.96255,0.16493929999999998,0.1288729,149368.83269873154,1.2447270431411824e-17,5.827572057945494
GALAXY,0.35426929999999995,8.2e-05,20.36234,0.04655133,0.3662406,18.9297,0.01940168,0.2533636,88227.41767107796,2.0366768416218082e-16,1.440667145847229
GALAXY,0.6161652,0.000469331,23.96249,0.4335083,0.07822649,21.68601,0.1511801,0.05411673,133793.9575370369,7.393705109839084e-18,7.561250953445989
GALAXY,0.5837694999999999,0.000244255,22.4657,0.2283864,0.09165961,21.22544,0.1241698,0.06340969,128889.0285005104,2.934797396967378e-17,3.7952086070891826
GALAXY,0.06776907,8.03e-06,16.77824,0.004551022,0.10627169999999997,16.2236,0.0042571020000000005,0.0735183,19629.712954456932,5.527924784607836e-15,0.2765308905597557
GALAXY,0.4103869000000001,5.75e-05,20.536720000000006,0.03614273,0.1039322,19.31931,0.02026011,0.07189979,99208.12787846633,1.7344833099495266e-16,1.561132094593912
GALAXY,0.1154856,2.7600000000000007e-05,16.95566,0.005084606,0.07128222,15.95673,0.003629852,0.04931271,32634.437387913422,4.694551689166512e-15,0.30007350583347886
GALAXY,0.5098899,0.000139088,22.3359,0.1242538,0.08021522,20.87526,0.05617607,0.05549252,116979.22073560167,3.307486842541706e-17,3.5749967578579853
GALAXY,0.5386883000000001,0.000122197,22.20204,0.1145342,0.07028437,20.59053,0.04387,0.04862241,121745.2617898749,3.741468775863121e-17,3.361271957578907
GALAXY,0.091286,1.09e-05,17.182679999999998,0.005162974,0.158373,16.28296,0.003878096,0.1095617,26122.499976236162,3.808782080448695e-15,0.3331437363866376
GALAXY,0.04110832,1.0800000000000003e-05,16.199370000000002,0.003280551,0.05996213,15.32201,0.002772963,0.04148152,12070.860977691074,9.421284642491825e-15,0.21182131131329401
GALAXY,0.7161202,8.27e-05,23.59879,0.3892777,0.05727003,22.21254,0.1896291,0.03961914,147809.0615667629,1.0335753072280125e-17,6.395192951828485
GALAXY,0.6582553000000001,0.000192972,22.94765,0.3629091,0.05683605,20.9325,0.1047123,0.03931892,139895.0728873738,1.8827737090111238e-17,4.73833380217085
GALAXY,0.5456205,0.000266485,22.27218,0.15962720000000002,0.07720596,20.72083,0.06005831,0.05341072,122868.57236195108,3.507406683457847e-17,3.471615768180543
GALAXY,0.1097664,1.7e-05,17.90662,0.00789213,0.1096104,17.1652,0.006218559,0.07582799,31110.84092393428,1.9552852548880874e-15,0.46496434633321715
GALAXY,0.1237006,1.66e-05,17.96847,0.008533332,0.123136,17.19034,0.006242902,0.08518492,34806.33042875541,1.8470137358287068e-15,0.47839832706654545
GALAXY,0.3682555,8.83e-05,21.02156,0.05175773,0.1068491,19.26865,0.01947028,0.07391775,91032.28569832788,1.1097729250703329e-16,1.9516756885515445
GALAXY,0.1185213,2.94e-05,18.50301,0.01002455,0.1342141,17.5348,0.006594322,0.09284871,33439.29441233998,1.1288964964557942e-15,0.6119242331572802
GALAXY,0.4897026,0.000151243,22.24949,0.1173782,0.08394521,20.55898,0.04094928,0.05807291,113540.4888975691,3.58147665948864e-17,3.4355292643546096
GALAXY,0.5037604999999999,0.000110971,22.55219,0.1531211,0.07241929,20.60262,0.04313806,0.05009932,115943.77271186712,2.710080087467781e-17,3.949423011500292
GALAXY,0.1134133,2.57e-05,17.98919,0.007237011,0.09377903,16.97265,0.004889351,0.0648759,32083.473083758636,1.8120998532828747e-15,0.48298501016755196
GALAXY,0.04958313,1.41e-05,16.51384,0.003645856,0.129407,15.65783,0.003052316,0.08952318,14496.561613890899,7.0521594828863205e-15,0.24482944736598503
GALAXY,0.4739834,0.000159936,22.64413,0.16656379999999998,0.05698527,20.79269,0.0498752,0.03942215,110805.56984581376,2.4900388621553513e-17,4.120231824641854
GALAXY,0.01796215,2.68e-05,18.1403,0.008644429,0.0677523,17.41431,0.007089898000000002,0.04687073,5336.562418032334,1.5766602742013921e-15,0.5177923768410057
GALAXY,0.0913052,1.73e-05,17.31407,0.005978836,0.08752093,16.3647,0.004324149,0.06054657,26127.734399944795,3.374660787829678e-15,0.35392370550193397
GALAXY,0.1989824,5.59e-05,18.21957,0.01789202,0.07599141,17.13963,0.01095603,0.05257051,53814.83600191791,1.4656495034449092e-15,0.5370437321378053
GALAXY,0.3044553,5.78e-05,20.33967,0.03195606,0.1352958,18.6689,0.01317748,0.09359703,77855.78697657344,2.0796494004139124e-16,1.4257049329838698
GALAXY,0.6641727,0.000130954,20.27898,0.07491733,0.08826007,19.52844,0.0568304,0.06105791,140729.0372384073,2.1992070811299973e-16,1.3864099043898663
GALAXY,0.3040671,8.43e-05,19.72767,0.03015027,0.1013458,18.32524,0.01272174,0.07011054,77772.5683866379,3.6541815893902445e-16,1.0755476415183105
GALAXY,0.5224224000000001,0.000182478,21.69987,0.124185,0.1149631,20.32846,0.0622745,0.07953096,119073.20304804108,5.941691859256604e-17,2.6672864104084457
GALAXY,0.7760669,0.000405385,23.32653,0.2927034,0.2572127,21.95937,0.14640250000000002,0.1779386,155467.65817806986,1.3281469375281347e-17,5.641591707789547
GALAXY,0.1629797,3.55e-05,18.83598,0.01146964,0.1362225,17.64954,0.0064888490000000005,0.09423808,44923.44023717222,8.307419186358804e-16,0.7133319103436735
GALAXY,0.5099489,0.000171399,22.14526,0.1543305,0.157813,20.49401,0.05605045,0.1091743,116989.15136466912,3.942340442084387e-17,3.274520037221384
GALAXY,0.2385629,3.09e-05,19.67006,0.02580051,0.1360761,18.22435,0.01229294,0.09413683,63180.02264882477,3.853311558532982e-16,1.047388140909949
GALAXY,0.6883434,0.000153635,20.77575,0.14458859999999998,0.08668516,19.92208,0.1050259,0.05996839,144076.47802090395,1.3917400504007418e-16,1.7427923794922648
GALAXY,0.5799279,0.00017417799999999998,22.94115,0.2461073,0.04648176,21.52522,0.1054803,0.03215586,128294.92098440423,1.894079157887436e-17,4.72417146742114
GALAXY,0.08504073,1.83e-05,17.662779999999994,0.007093754,0.06133529,16.68222,0.005225102,0.04243147,24414.13170040471,2.44763201541986e-15,0.4155771422359809
GALAXY,0.4126059,7.659999999999999e-05,20.8693,0.07094851,0.07418139,19.2302,0.0233399,0.05131834,99627.59817524542,1.2768448384003306e-16,1.8195150504305757
GALAXY,0.7046468000000001,0.000225857,22.51545,0.1950168,0.1121824,21.05234,0.07371365,0.07760728,146281.84906633777,2.8033551776532623e-17,3.883163280447659
GALAXY,0.36010640000000005,7.070000000000001e-05,21.14873,0.06788237,0.163161,19.33122,0.02347056,0.112874,89403.62258235687,9.871113037768985e-17,2.0693866939953565
GALAXY,0.3049664,6.459999999999997e-05,20.4868,0.04082282,0.0591319,18.8465,0.01801109,0.04090717,77965.29432059934,1.8160931703459697e-16,1.525652595749299
GALAXY,0.6078266,0.000142115,22.08779,0.15121600000000002,0.1209225,20.43326,0.05575822,0.08365365,132549.18732065926,4.156637249528712e-17,3.1889936339339124
GALAXY,0.1448077,2.9600000000000005e-05,18.82372,0.01010531,0.2126252,17.73237,0.006203311,0.1470931,40297.567468516434,8.401757168527485e-16,0.7093158300818301
GALAXY,0.4656149000000001,0.000207809,21.98318,0.08808183,0.1197524,20.4269,0.033605300000000005,0.08284414,109328.745549522,4.5770549374216996e-17,3.0390066630690837
GALAXY,0.09963854,2.21e-05,18.1059,0.007477587,0.09458578,17.16098,0.005262125,0.06543401,28389.42474698248,1.6274142902767432e-15,0.5096542525105525
GALAXY,0.3399279000000001,6.27e-05,20.29248,0.04977757,0.08400106,18.60626,0.01757899,0.05811155,85303.1318344138,2.1720315293200568e-16,1.3950560352540795
GALAXY,0.6109185,0.000152344,23.20007,0.4287957000000001,0.13829629999999998,20.84867,0.07496417,0.09567276,133012.15931980568,1.4922106154757505e-17,5.322426248915675
GALAXY,0.1639059,4.25e-05,19.98176,0.04523857,0.1512012,18.941370000000006,0.02350222,0.1046003,45156.7137999908,2.891705927383859e-16,1.2090594400792267
GALAXY,0.4867468,0.000143416,22.09587,0.12797750000000002,0.1333373,20.46353,0.05635705,0.09224212,113030.08603193497,4.1258185599667406e-17,3.200881911816758
GALAXY,0.2273653,3.47e-05,19.85293,0.01973657,0.15631910000000002,18.48578,0.0108764,0.1081408,60573.34019753147,3.2560129626104156e-16,1.1394142648283831
GALAXY,0.1701094,3.43e-05,18.7473,0.01175304,0.170402,17.477870000000006,0.00649005,0.1178833,46712.91660071221,9.014426981266019e-16,0.6847872289165658
GALAXY,0.03709844,6.72e-06,17.85333,0.007269674,0.155469,17.51963,0.008818265,0.1075527,10915.667994014162,2.0536485610051717e-15,0.45369255461925756
GALAXY,0.01751655,9.11e-06,17.89053,0.008052181,0.1527084,17.425629999999998,0.0072297490000000015,0.105643,5205.343925029675,1.984477253076263e-15,0.46153182397892006
GALAXY,0.5109765000000001,8.759999999999999e-05,21.64168,0.06468009999999999,0.1903727,20.11854,0.02782387,0.1316989,117162.00186809213,6.268824695778111e-17,2.596759040536562
GALAXY,0.511645,9.15e-05,22.36485,0.1564208,0.2708462,20.18889,0.03872865,0.1873701,117274.33650199376,3.220461600757794e-17,3.6229776281461774
GALAXY,0.5882803000000001,0.000148527,22.14282,0.1186247,0.1457531,20.61228,0.04324621,0.1008313,129583.2159946502,3.9512101174137297e-17,3.2708426514968307
GALAXY,0.6241460999999999,0.000128367,21.63685,0.08581112,0.2332463,20.61214,0.05146754,0.16135870000000002,134974.00076107003,6.29677427629242e-17,2.590989495644066
GALAXY,0.617963,0.000156669,22.21904,0.1175328,0.2454291,20.70545,0.0493233,0.1697867,134060.74026266183,3.683342678782547e-17,3.3876899229823287
GALAXY,0.4767805000000001,0.00013341,21.8434,0.09470192,0.16165929999999998,20.20902,0.03280329,0.11183519999999998,111295.94307778623,5.205927614608116e-17,2.8495458696251355
GALAXY,0.06837736,2.01e-05,18.61137,0.009001272,0.3388997,17.594279999999994,0.005987343000000001,0.2344493,19799.712656761723,1.0216687864096245e-15,0.6432349775805757
GALAXY,0.144224,1.57e-05,18.65298,0.009884068,0.03938117,17.785870000000006,0.007564026999999998,0.02724371,40147.42635602119,9.832549132039071e-16,0.65567957056014
GALAXY,0.6756674,0.000182967,22.36894,0.1940838,0.06721683,20.89962,0.08001649999999999,0.04650029,142332.6980638078,3.208352849160764e-17,3.6298079899500713
GALAXY,0.08153376,2.32e-05,17.89815,0.007344318000000002,0.09500346,17.01621,0.005374758,0.06572296,23449.78613910876,1.970598397136186e-15,0.4631542486092636
GALAXY,0.5209817,0.000208068,22.60673,0.1324991,0.07733981,20.85275,0.0446551,0.05350332,118834.05565020237,2.5773068332234493e-17,4.049875311658941
GALAXY,0.6790932,0.000280849,22.79349,0.2594779,0.0330866,21.01409,0.08858049999999999,0.02288916,142806.50696307095,2.1700119486994013e-17,4.413606924137163
GALAXY,0.05463766,1.4800000000000002e-05,17.448,0.008937863,0.0433457,16.76861,0.006483476,0.02998635,15933.109520791339,2.9830334629718718e-15,0.3764399025152717
GALAXY,0.1078877,1.7100000000000002e-05,17.34177,0.005375846,0.04623865,16.34013,0.003796036,0.03198768,30608.280799942495,3.2896532666034063e-15,0.35846738877429196
GALAXY,0.08403689,7.82e-06,18.16379,0.009700004,0.05627881,17.59154,0.008604909,0.03893342,24138.46587188849,1.5429154405088812e-15,0.5234240244399384
GALAXY,0.5682115,0.000134431,22.7093,0.1993959,0.14124779999999998,20.9708,0.06273446,0.09771454,126466.3181079844,2.344974504228608e-17,4.245762063868872
GALAXY,0.1253251,2.28e-05,17.52159,0.00738191,0.04992807,16.47573,0.00472339,0.03454001,35233.508579317175,2.7875465287197552e-15,0.38941587518275506
GALAXY,0.01497157,1.11e-05,17.75219,0.01063043,0.06330338,17.499879999999994,0.01198978,0.04379299,4454.768553841979,2.254146433542448e-15,0.4330456219456235
GALAXY,0.0652735,7.72e-06,17.39965,0.006021586999999999,0.06376031,16.91606,0.005524411999999999,0.04410909,18931.125283318488,3.1188761202545136e-15,0.36815071839452007
GALAXY,0.5378054,8.08e-05,21.91337,0.09993599,0.05194989,20.43354,0.04337098,0.0359387,121601.53505332496,4.881014807822817e-17,2.9428603406966825
GALAXY,0.7015195,0.000123055,21.78096,0.1254378,0.08921818,20.82869,0.07738087,0.06172073,145862.04414498495,5.5140934902897816e-17,2.768774919250193
GALAXY,0.1725375,3.4e-05,18.80429,0.0121787,0.06369602,17.56975,0.006978593000000001,0.04406461,47319.08783075838,8.553465838542022e-16,0.7029972923096199
GALAXY,0.05207286,1.19e-05,16.12572,0.003437358,0.1023047,15.61569,0.0030898,0.07077394,15205.117785838807,1.0082543983005564e-14,0.20475742169540903
GALAXY,0.4895785,0.000147445,22.17497,0.1176368,0.07304899,20.35596,0.03660473,0.05053496,113519.09528177234,3.8359251585156845e-17,3.3196297826135637
GALAXY,0.1216231,2.51e-05,17.95611,0.007032912,0.07486761,16.9762,0.004876649,0.05179307,34258.92158127077,1.8681602418850004e-15,0.47568302347742936
GALAXY,0.04698915,5.23e-06,17.057479999999998,0.004770844000000001,0.08187452,16.98317,0.005667763,0.05664041,13756.373488596948,4.274311067359901e-15,0.3144790017819659
GALAXY,0.347171,8.329999999999999e-05,21.2249,0.06443974,0.07087178,19.38364,0.02094125,0.04902877,86786.18090317854,9.202336822597733e-17,2.1432639161946088
GALAXY,0.04496666,9.27e-06,17.51999,0.007289367,0.1148373,17.05995,0.007188787,0.07944394,13177.868232671384,2.7916574373783976e-15,0.3891290486459981
GALAXY,0.12832449999999998,7.46e-06,18.38117,0.007897486,0.07411839,17.745639999999995,0.006551246,0.05127476,36020.231139110256,1.262961539080191e-15,0.5785350191908737
GALAXY,0.1968955,3.77e-05,19.25041,0.0166358,0.02899917,18.38684,0.01166483,0.02006149,53309.24589705108,5.671450229138834e-16,0.8633316295405615
GALAXY,0.4241779000000001,0.000127728,20.7322,0.07110742,0.04866074,19.15629,0.02849476,0.03366327,101797.43005496393,1.4486988828004523e-16,1.7081879435598872
GALAXY,0.6621623999999999,0.000340965,22.21749,0.2494645,0.11859,20.77402,0.103701,0.08204,140446.36190142715,3.688604784152517e-17,3.385272648073988
GALAXY,0.2973962,5.42e-05,20.3723,0.03348431,0.07854102,18.75587,0.01374304,0.05433431,76336.63266813956,2.018078823504109e-16,1.4472903029352684
GALAXY,0.6213553,0.00013587,21.67683,0.13585,0.04407132,20.58931,0.07378960000000001,0.03048834,134562.61035102038,6.069125599094818e-17,2.639135279355577
GALAXY,0.5308218000000001,0.000105177,22.05519,0.09234466,0.1215823,20.40407,0.03426621,0.08411007,120459.39666847783,4.283335821266124e-17,3.141475320790084
GALAXY,0.1176014,3.35e-05,18.74651,0.009358004,0.07096903,17.73189,0.006591984,0.04909605,33195.68262272791,9.020988417402078e-16,0.6845381428524238
GALAXY,0.3644243,7.82e-05,20.08297,0.03523067,0.07297834,18.373620000000006,0.01505817,0.05048608,90268.53056058973,2.6343296816398874e-16,1.2667463228416198
GALAXY,0.5179431,0.00017006400000000002,22.22716,0.1372941,0.1352645,20.64601,0.05611828,0.09357537,118328.33309889346,3.655898461656798e-17,3.4003815593039914
GALAXY,0.4325729,0.00013021,22.09315,0.1211034,0.06446934,20.36122,0.03740924,0.04459959,103353.12732511644,4.1361675703537546e-17,3.1968749770783176
GALAXY,0.07212189,1.05e-05,17.64347,0.006359312,0.06980129,16.834870000000002,0.005066008,0.0482882,20843.790227611247,2.4915529732698855e-15,0.41189797065985967
GALAXY,0.11372939999999998,2.52e-05,17.76182,0.007612199,0.09539517,16.6632,0.00497615,0.06599393,32167.5954047076,2.2342415557328225e-15,0.4349703482411112
GALAXY,0.5596946,0.000214819,22.76261,0.185823,0.06907234,21.1597,0.07006434,0.04778392,125121.1698778832,2.2326164751316562e-17,4.351286229160773
GALAXY,0.07531904,2e-05,17.10228,0.005663446,0.03982418,16.367729999999998,0.004578226,0.02755019,21731.96232332765,4.1015321978898206e-15,0.3210344599879939
GALAXY,0.4523779000000001,9.41e-05,21.70444,0.09102552,0.05488335,19.95747,0.03325472,0.03796805,106962.77563825072,5.916735092170649e-17,2.6729057931958544
GALAXY,0.5298844,0.000137372,22.08984,0.115553,0.06887595,20.60948,0.04852203,0.04764806,120305.37229099948,4.1487964250724184e-17,3.1920056564483077
GALAXY,0.09370272,1.76e-05,16.45007,0.003922373,0.06953707,15.47882,0.002987511,0.04810543,26780.51167280364,7.478769103595395e-15,0.23774404758242318
GALAXY,0.06862938,1.12e-05,16.26908,0.003959204,0.03715812,15.42878,0.003073356,0.02570582,19870.112962814885,8.83539815579951e-15,0.21873166169216132
GALAXY,0.5656725,0.00020606,21.60759,0.08012459,0.1624727,20.76981,0.05989588,0.1123979,126066.72025226807,6.468776186182433e-17,2.5563107848405524
GALAXY,0.1097645,2.09e-05,19.55906,0.02835388,0.5472252,18.45829,0.02242349,0.3785679,31110.333184580923,4.2680954691848483e-16,0.9951937783514829
GALAXY,0.1138348,9.68e-06,18.04188,0.008752199,0.08708293,17.47985,0.007252854,0.06024357,32195.638603225598,1.7262596732578552e-15,0.4948478096445844
GALAXY,0.4630593,9.54e-05,21.52955,0.07839002,0.07712376,19.96725,0.03009199,0.05335386,108874.83371189944,6.950853340365048e-17,2.466071432579884
GALAXY,0.1378741,1.57e-05,17.830370000000006,0.007186739,0.08202656,16.91402,0.005239936,0.05674559,38507.8017761489,2.0975393897402016e-15,0.4489207215403948
GALAXY,0.038358800000000005,1.24e-05,16.32884,0.003493838,0.1003056,15.50191,0.002911962,0.06939094,11279.278154239559,8.362230321897241e-15,0.22483486209524575
GALAXY,0.605463,0.000190268,22.47944,0.17867629999999998,0.09633537,20.84914,0.06520285,0.06664437,132194.13572384175,2.8978915279592035e-17,3.8192989395668784
GALAXY,0.1401757,2.6e-05,18.00422,0.008757629,0.06827026,16.99134,0.005938405,0.04722905,39103.43513837193,1.7871875287096324e-15,0.48633962130217945
GALAXY,0.1281033,2.63e-05,18.76054,0.01025772,0.1734361,17.65539,0.007039309000000001,0.1199823,35962.30036010451,8.905168167443788e-16,0.6889752995197312
GALAXY,0.2041784,4e-05,18.57091,0.01487786,0.1103863,17.6319,0.00954733,0.07636475,55068.477620310536,1.0604595932059062e-15,0.6313608558382574
GALAXY,0.1163451,1.56e-05,17.90731,0.008369857,0.05665467,17.26645,0.007347121,0.03919344,32862.58809629947,1.9540430395044064e-15,0.4651121153655011
GALAXY,0.338973,7.979999999999999e-05,20.93214,0.05009114,0.2280563,19.15147,0.0184947,0.1577683,85106.67243216425,1.2050418371832218e-16,1.8729390830937567
GALAXY,0.6469831,0.000322876,23.77339,0.608133,0.1004866,21.15074,0.09001134,0.06951615,138290.423569219,8.800394181158129e-18,6.930644971268887
GALAXY,0.2404508,3.63e-05,18.7553,0.01389849,0.05234476,17.50757,0.007528285,0.03621186,63616.21795170272,8.948250331849637e-16,0.6873147312734585
GALAXY,0.6253085,0.000160346,22.61748,0.173332,0.1461388,21.05874,0.06327429,0.1010981,135144.95362202928,2.5519145330496826e-17,4.069974163295631
GALAXY,0.06788758,1.86e-05,16.62104,0.00497747,0.06342749,15.77985,0.00397456,0.04387885,19662.841711527406,6.38913588999614e-15,0.2572193593911194
GALAXY,0.145176,2.0600000000000006e-05,18.23306,0.008696676,0.2455099,17.01536,0.0053355040000000005,0.1698426,40392.252763751654,1.4475518382978422e-15,0.5403904336865519
GALAXY,0.5306649,0.000130165,22.39068,0.1283432,0.1944695,20.9578,0.05210892,0.13453310000000002,120433.62825111787,3.144749995713764e-17,3.6663308425177314
GALAXY,0.5108550999999999,9.71e-05,21.91474,0.1144068,0.2428568,20.16751,0.03766924,0.16800720000000002,117141.59232956106,4.8748597462585446e-17,2.944717601575981
GALAXY,0.7723498000000001,0.00028863900000000004,23.69441,0.3822918,0.06766244,21.82531,0.1110118,0.04680856,155007.98292847245,9.464422627916364e-18,6.683095271257679
GALAXY,0.1779696,1.23e-05,18.31668,0.01056401,0.09771258,17.556720000000002,0.008069701,0.06759711,48669.234903536686,1.3402509545308911e-15,0.5616058878624038
GALAXY,0.5828396,0.000233972,22.79747,0.2442015,0.1071407,21.04004,0.07860088,0.07411941,128745.46427648822,2.1620718642695714e-17,4.421703855718139
GALAXY,0.5397158000000001,0.000152382,22.67976,0.1855279,0.06329445,20.90996,0.05637227,0.04378681,121912.33980572237,2.409650882319087e-17,4.188395191036464
GALAXY,0.4121431,0.000105877,21.53667,0.08319002,0.1079437,19.68734,0.02357363,0.07467498,99540.2029376402,6.905420428003228e-17,2.474170658713791
GALAXY,0.0625479,7.37e-06,17.662979999999994,0.006180936,0.05171408,17.107779999999998,0.005513503,0.03577556,18166.03630837521,2.4471811864646657e-15,0.4156154200680215
GALAXY,0.1912617,3.2e-05,18.08111,0.008442192,0.03590839,16.80548,0.004997303,0.02484125,51938.37340175798,1.664999568164169e-15,0.5038690146220632
GALAXY,0.07990337,1.25e-05,17.45018,0.00681904,0.09141029,16.69281,0.005329023,0.06323722,23000.228628212495,2.9770499756964645e-15,0.37681801049980335
GALAXY,0.6007755,0.00014411,22.15602,0.14609760000000002,0.13281700000000002,20.58231,0.05522023,0.09188216,131487.0793052432,3.9034635218241667e-17,3.2907860853242212
GALAXY,0.4471944000000001,9.63e-05,22.55529,0.1495185,0.4948359000000001,20.97533,0.05557294,0.3423252,106026.16635053794,2.7023532879046505e-17,3.9550652451585764
GALAXY,0.5196907999999999,8.109999999999999e-05,21.47314,0.07267324,0.12827650000000002,20.130370000000006,0.03331675,0.08874106,118619.42890114975,7.321534702901268e-17,2.40283335660398
GALAXY,0.05064212,2.28e-05,18.18159,0.008755248,0.1248837,17.2565,0.006625001,0.08639397,14798.166742134756,1.517826479809579e-15,0.527732271049084
GALAXY,0.11127089999999998,1.17e-05,18.54674,0.008601657,0.04488837,17.793960000000006,0.006578507,0.03105357,31512.56090187002,1.0843316271449405e-15,0.6243723355716256
GALAXY,0.4304771,0.00012942299999999998,22.3537,0.12693610000000002,0.07917572,20.5953,0.04174712,0.05477339,102966.19093862713,3.2537046291894446e-17,3.6044221700297334
GALAXY,0.08100663,8.94e-06,18.22235,0.01070792,0.06598862,17.649829999999994,0.009151055,0.04565062,23304.52300845632,1.4619015454078942e-15,0.537731715858952
GALAXY,0.2107176,4.86e-05,20.32433,0.03548522,0.3382428,19.008470000000006,0.01724266,0.2339948,56635.716498252346,2.1092406140261115e-16,1.4156687724537929
GALAXY,0.5021426999999999,0.000124005,21.24804,0.08185461,0.166002,19.94848,0.04032061,0.1148394,115669.2247370974,9.008285154915387e-17,2.1662254421257066
GALAXY,0.4645048,0.000144555,21.83693,0.1268603,0.2088493,20.15667,0.04464775,0.1444809,109131.7437345824,5.237042824038991e-17,2.841068155300617
GALAXY,0.1834603,1.88e-05,18.92394,0.01559023,0.07382163,18.01914,0.01090577,0.05106946,50025.591167659804,7.660941132792713e-16,0.7428201093373693
GALAXY,0.1739071,3.15e-05,18.64273,0.01204419,0.08328684,17.4814,0.007263104,0.05761745,47660.27854959405,9.925813828988948e-16,0.6525918598427386
GALAXY,0.5151988000000001,0.000209547,21.44592,0.1142153,0.07488079,20.24076,0.07698892,0.05180219,117870.03228093138,7.507409839079986e-17,2.3729011798644257
GALAXY,0.03688712,1.11e-05,16.834310000000002,0.004168198,0.04806852,16.02571,0.00345133,0.03325358,10854.65636153835,5.249695640314043e-15,0.283764231862604
GALAXY,0.5991766,0.000150765,20.61935,0.05952208,0.05347458,19.15411,0.02831556,0.03699347,131245.01305093354,1.6073783897655493e-16,1.6216818358190335
GALAXY,0.2834058,5.73e-05,21.17078,0.06044181,0.02224434,20.4364,0.04651265,0.01538853,73288.72956748924,9.67266451861774e-17,2.0905071259587835
GALAXY,0.6576175,0.00018136,22.06067,0.1401356,0.07589369,20.69769,0.06357063,0.0525029,139804.84113133454,4.2617711508644024e-17,3.1494132644175292
GALAXY,0.1469672,3.54e-05,18.671,0.01209429,0.05000275,17.702370000000005,0.007949213,0.03459167,40852.19683532125,9.670704769458564e-16,0.6611433778021814
GALAXY,0.5236733,0.000129968,22.13754,0.1184703,0.04446721,20.65332,0.04646955,0.03076221,119280.51569855593,3.970471885770979e-17,3.262899161258797
GALAXY,0.4835582000000001,0.00016125700000000002,22.76391,0.1344264,0.1195946,21.0398,0.04703865,0.08273501,112477.48426881863,2.229944864374425e-17,4.35389200285471
GALAXY,0.1370092,2.79e-05,18.01691,0.00831112,0.09354319,17.027829999999998,0.00600177,0.06471274,38283.58161386395,1.7664206178219228e-15,0.48919009197255703
GALAXY,0.1065707,2.69e-05,16.64878,0.005262753,0.03018213,15.80759,0.004087048,0.02087986,30255.36535079593,6.227964454408198e-15,0.26052634836174404
GALAXY,0.4959355,0.000212695,21.88747,0.1000039,0.1100058,20.35486,0.03829928,0.07610153,114610.9603496668,4.9988502312069924e-17,2.9079681951777125
GALAXY,0.516755,0.000323586,22.41947,0.1348443,0.13459549999999998,21.04193,0.05752186,0.09311254,118130.10121288209,3.06245788654161e-17,3.715263768149244
GALAXY,0.08190033,9.97e-06,17.80634,0.007467668,0.1418264,17.23224,0.006492916,0.09811483,23550.75491356077,2.144480617019001e-15,0.4439802508921837
GALAXY,0.3643382,7.240000000000001e-05,21.24473,0.05423307,0.2786428,19.94235,0.02656509,0.1927638,90251.32689067896,9.035789921719598e-17,2.162925955498852
GALAXY,0.1762501,3.8e-05,19.68361,0.01897783,0.336744,18.40189,0.01015457,0.232958,48242.74458719872,3.8055210206166166e-16,1.053944282684021
GALAXY,0.163138,3.2299999999999986e-05,18.92951,0.01366402,0.1083932,17.689020000000006,0.007806466999999998,0.07498593,44963.326929281175,7.621739922402596e-16,0.7447279480232637
GALAXY,0.8054156,0.00031378900000000003,21.32338,0.1333584,0.1234529,20.45785,0.1048246,0.08540415,159029.1458453158,8.404388603995338e-17,2.242702423083728
GALAXY,0.06654572,1.6e-05,18.44293,0.0105201,0.11415739999999998,17.76763,0.009034973,0.07897357,19287.489758011947,1.1931254930408672e-15,0.5952256696375811
GALAXY,0.1162412,2.4e-05,17.294810000000002,0.006700588,0.12224160000000002,16.39377,0.005263265,0.08456615,32835.01964907219,3.4350584018363938e-15,0.35079843910081643
GALAXY,0.5198429,0.000118169,21.98741,0.1646265,0.03392694,20.21578,0.059498,0.0234705,118644.73422531685,4.559257542098802e-17,3.0449323782414184
GALAXY,0.3341551,0.000100667,20.85014,0.06366422,0.08833619,19.10034,0.02161306,0.06111057,84112.09005320993,1.2995773250777825e-16,1.8035311689656734
GALAXY,0.4920576,0.000107898,22.33641,0.13649470000000002,0.1067617,20.444000000000006,0.03797384,0.07385724,113945.87455652274,3.30593359031342e-17,3.57583649335851
GALAXY,0.4544824000000001,9.990000000000003e-05,20.69285,0.05186841,0.033585500000000004,19.0404,0.02003008,0.02323429,107341.40698413005,1.502166682302477e-16,1.677512064590191
GALAXY,0.908839,6.61e-05,22.39274,0.1680224,0.07810334,21.95769,0.1831543,0.05403153,170673.59508884026,3.138789023591837e-17,3.669810612787497
GALAXY,0.34373000000000004,0.000107074,21.29959,0.07702874,0.106782,19.56039,0.02854011,0.07387127,86083.19365806683,8.590572852043552e-17,2.218266151082138
GALAXY,0.6340760999999999,0.00017737,22.881,0.2456965,0.09060118,20.934,0.07336253,0.06267748,136426.93348213955,2.0019725815206702e-17,4.595107249853156
GALAXY,0.02832534,8.56e-06,14.29809,0.00196547,0.08896675,13.46958,0.001810744,0.06154678,8371.504726178677,5.427778609987719e-14,0.08824978424293271
GALAXY,0.3416672,6.31e-05,20.44384,0.03689685,0.06167744,18.7126,0.01501764,0.04266817,85660.40826001731,1.889392230812123e-16,1.4957659833028694
GALAXY,0.6153503,0.00012451200000000002,22.77382,0.1996345,0.06345519,20.71661,0.05041085,0.04389801,133672.84616194648,2.20968376683675e-17,4.373807372332145
GALAXY,0.06671026,5.97e-06,17.45194,0.004861739,0.1316467,16.81083,0.004193963,0.09107255,19333.544417037483,2.9722280277190116e-15,0.3771235490519746
GALAXY,0.5650727,0.00028224900000000004,22.27479,0.30683940000000004,0.04343393,20.17212,0.07510266,0.0300474,125972.14703283246,3.498985358672074e-17,3.4757909834306426
GALAXY,0.05733105,1.26e-05,17.415770000000002,0.005796993,0.06377150000000001,16.70745,0.005058018,0.04411683,16695.49468563991,3.072912012764304e-15,0.3708938672268884
GALAXY,0.2160351,5.94e-05,21.57869,0.05085043,0.06572014,20.36832,0.02702857,0.04546489,57901.583621748105,6.643273388690352e-17,2.522514389273639
GALAXY,0.6497625,0.000187564,22.38564,0.15755770000000002,0.1145396,20.8159,0.05937001,0.07923795,138688.04631555083,3.159381895958413e-17,3.657831135214381
GALAXY,0.4145605,6.92e-05,21.54539,0.09632342,0.05528009,19.94059,0.03572178,0.03824251,99996.17989923852,6.850182235731178e-17,2.4841261824781458
GALAXY,0.32642340000000003,6.890000000000001e-05,21.08792,0.04922649,0.1015009,19.3123,0.01705159,0.07021783,82504.23394724648,1.0439750635423904e-16,2.01223941838993
GALAXY,0.1071609,3.78e-05,18.1466,0.0140178,0.1504728,17.1205,0.009400265,0.1040964,30413.583224997135,1.5675381713634307e-15,0.519296807025509
GALAXY,0.1904812,2.12e-05,18.30522,0.01031179,0.07550004,17.10985,0.005812181,0.05223058,51747.76453079996,1.3544722918893466e-15,0.558649805989618
GALAXY,0.2843738,4.98e-05,19.83958,0.02642432,0.07766672,18.31384,0.01041275,0.05372948,73501.21321339865,3.296295406121226e-16,1.1324307463553125
GALAXY,0.1757051,4.3e-05,18.61653,0.01235472,0.05994866,17.432760000000002,0.007140466,0.04147221,48107.395255111915,1.016824788851117e-15,0.6447652936562299
GALAXY,0.09672175,3.13e-05,18.05409,0.008370431,0.05973084,17.15575,0.006228531999999999,0.04132152,27600.11284528686,1.7069552088125706e-15,0.4976381332473593
GALAXY,0.15411370000000002,1.41e-05,18.64474,0.01137039,0.08424096,17.8112,0.00844238,0.0582775,42678.19500482517,9.907455382639321e-16,0.6531962041138528
GALAXY,0.5835161,0.000107663,21.6992,0.08014012,0.1517757,20.41615,0.0421395,0.1049977,128849.922440944,5.945359566093403e-17,2.6664635557331273
GALAXY,0.526087,0.000114016,23.13453,0.3511927,0.1395797,20.67792,0.06620812,0.09656057,119679.67731159809,1.5850615284773537e-17,5.1641833398782575
GALAXY,0.06673391,9.78e-06,17.92161,0.009064073,0.08307716,17.413510000000002,0.00874255,0.05747239,19340.16338034944,1.928475497287231e-15,0.4681851691325494
GALAXY,0.08271298,2.17e-05,17.19325,0.005414351,0.1518803,16.28966,0.004214677,0.1050701,23774.451740107506,3.7718822383634596e-15,0.3347693216468414
GALAXY,0.4484467,9.48e-05,21.03991,0.04369888,0.1192789,19.35636,0.01677083,0.08251662,106252.97009979874,1.0911742913015196e-16,1.9682381811594802
GALAXY,0.3578451,8.499999999999999e-05,20.36502,0.0436351,0.1339511,18.54119,0.01414291,0.09266675,88948.91501491281,2.0316557666100537e-16,1.4424462941810114
GALAXY,0.6006387,0.000197051,22.3169,0.1510567,0.060102599999999985,20.8142,0.06122372,0.0415787,131466.38615315515,3.3658760993817904e-17,3.5438526192911235
GALAXY,0.561715,0.000138863,22.30645,0.12846680000000002,0.07408968,20.49985,0.04182406,0.05125489,125441.48932822596,3.398428406330194e-17,3.5268391435504856
GALAXY,0.6834416,0.000157668,21.81826,0.09657561,0.08010047,20.76244,0.05796377,0.05541313,143405.20483731135,5.327876203804795e-17,2.816745779618924
GALAXY,0.5603804,0.000130141,22.14612,0.2034714,0.083222,20.30448,0.06152076,0.0575726,125229.98374072865,3.939218992910065e-17,3.275817150157947
GALAXY,0.3151604,5.22e-05,20.01057,0.03169365,0.09506372,18.26944,0.01148876,0.06576464,80135.87132127742,2.8159836260169904e-16,1.2252075159117857
GALAXY,0.6122239,0.000234729,22.7704,0.230023,0.08950414,20.94501,0.07785655,0.06191855,133207.12309089114,2.2166551040526183e-17,4.366924186614151
GALAXY,0.06064894,5.79e-06,18.10117,0.007664963,0.08187319,17.74853,0.007814769000000001,0.05663949,17631.68680742312,1.6345195717888642e-15,0.5085453086439646
GALAXY,0.6303795999999999,0.000234437,23.42054,0.383337,0.3894652,21.35121,0.09869455,0.2694302,135888.04132959855,1.2179855199391411e-17,5.8911984461907725
GALAXY,0.1112474,2.78e-05,17.53678,0.006268131,0.08764756,16.56317,0.0046792890000000005,0.06063418,31506.291170684784,2.7488188808339855e-15,0.3921494879615425
GALAXY,0.611839,0.00020233,22.48085,0.28112750000000003,0.09602922,20.5646,0.07587009,0.06643257,133149.66859592672,2.894130600572941e-17,3.821779726449855
GALAXY,0.32918390000000003,5.59e-05,20.34459,0.03663197,0.1175908,18.62474,0.01343641,0.08134878,83079.96683901372,2.0702468151667507e-16,1.428938877259758
GALAXY,0.04795088,1.16e-05,16.439989999999998,0.004099071,0.1516669,15.76694,0.003353967,0.1049225,14031.035429019379,7.548525477525954e-15,0.23664299449592077
GALAXY,0.4265942,0.000173965,21.94313,0.1144731,0.109086,20.31415,0.03779349,0.07546517,102246.77977184349,4.749043254823539e-17,2.9834698425693382
GALAXY,0.5428361999999999,0.000189157,22.17935,0.1921625,0.0948045,20.32138,0.05944172,0.06558531,122418.49914059934,3.8204817126449603e-17,3.32633244772042
GALAXY,0.22953920000000005,5.1e-05,18.67567,0.01670475,0.08862769999999999,17.2405,0.008110817,0.06131223,61082.01992968678,9.629198182758837e-16,0.6625667723596158
GALAXY,0.4320835,0.000114606,21.1716,0.06887887,0.08657227,19.40748,0.021839,0.0598903,103262.85757891128,9.66536201689777e-17,2.0912967005999343
GALAXY,0.5492454000000001,0.000143148,22.3135,0.1465705,0.03957474,20.6517,0.05167769,0.02737762,123452.31956637002,3.376432914108997e-17,3.5383081459704115
GALAXY,0.5273666,0.000219828,21.28982,0.07232325,0.06825557,20.07675,0.03954964,0.04721889,119890.82896420591,8.668223991721022e-17,2.2083080331170692
GALAXY,0.2792781,4.96e-05,19.97181,0.02661532,0.09956107,18.37015,0.0114577,0.06887589,72379.98442058623,2.9183281558244607e-16,1.2035320285849
GALAXY,0.3869637,5.21e-05,20.49207,0.03251679,0.07427547,18.82678,0.0130386,0.05138342,94712.79319997263,1.8072994865174727e-16,1.5293597363552103
GALAXY,0.4306243,0.000116972,21.29796,0.08304837,0.08872251,19.48538,0.02666131,0.06137782,102993.39892709327,8.603479440149212e-17,2.2166016505005297
GALAXY,0.4862617,8.79e-05,22.10052,0.08075111,0.2304986,20.5498,0.03449439,0.1594578,112946.14957565712,4.108186254947903e-17,3.207743637825238
GALAXY,0.3370677,1.63e-05,21.63617,0.06135957,0.13764179999999998,21.00316,0.05261109,0.09521997,84714.02248573373,6.300719201057298e-17,2.590178250236813
GALAXY,0.17277160000000005,2.0600000000000006e-05,18.58944,0.009841318,0.08209974,17.39003,0.006135356,0.05679622,47377.44330006179,1.042514550536784e-15,0.63677155108921
GALAXY,0.3903279000000001,0.000137902,22.01465,0.1822477,0.17385599999999998,20.25006,0.05054011,0.1202728,95366.09235296199,4.4462934805393285e-17,3.083370068914598
GALAXY,0.511444,9.73e-05,21.015970000000006,0.06068895,0.1184808,19.63246,0.0288569,0.08196449,117240.56980260243,1.115501414193091e-16,1.9466579703840192
GALAXY,0.4033609,9.67e-05,21.07181,0.05629329,0.1046612,19.26139,0.01880989,0.07240411,97872.70620178925,1.0595809099975593e-16,1.9973659973212712
GALAXY,0.5814885000000001,0.000195201,23.6793,0.4561867,0.34044640000000004,21.22752,0.08143998,0.2355193,128536.59276806854,9.597058126506593e-18,6.6367529613510055
GALAXY,0.2532269,1.5399999999999998e-05,19.83235,0.02205297,0.09502713,19.21676,0.017509200000000003,0.06573933,66543.36202543972,3.3183189348360055e-16,1.128666545105669
GALAXY,0.14593670000000006,2.7300000000000006e-05,18.84336,0.01201422,0.1133762,17.674870000000006,0.0070547840000000014,0.07843312,40587.696816796044,8.2511432145881e-16,0.7157603756727466
GALAXY,0.7152331000000001,0.000199546,22.92057,0.2035657,0.1274822,21.57191,0.105769,0.08819158,147691.70299043885,1.9303236215181153e-17,4.6796099129267255
GALAXY,0.4522358,9.83e-05,21.81928,0.1059848,0.240124,20.12903,0.03628571,0.1661167,106937.17580213411,5.3228732557580496e-17,2.818069192972273
GALAXY,0.7788988,0.000127186,23.26874,0.4437668,0.07373662,21.04414,0.1022586,0.05101065,155816.55210771653,1.4007548188808628e-17,5.49343072588339
GALAXY,0.6170073,0.00016884099999999998,23.25805,0.3987935,0.253382,20.62291,0.05549424,0.1752885,133918.9900426863,1.414614564669278e-17,5.466453425952844
GALAXY,0.548488,0.000199349,22.81164,0.19762520000000006,0.2358359,20.56604,0.04371602,0.16315020000000002,123330.55504210913,2.1340378856556904e-17,4.4506521485687776
GALAXY,0.4492489000000001,9.45e-05,22.40795,0.10857160000000002,0.03496637,20.56516,0.03573085,0.02418957,106398.08037043136,3.095124515638765e-17,3.695605904199786
GALAXY,0.5906354,0.000105221,21.75966,0.112699,0.05860161,20.15388,0.04328785,0.04054032,129944.1949739789,5.6233371832741e-17,2.7417487382390746
GALAXY,0.1468545,2.65e-05,16.727970000000006,0.005805291999999999,0.04239561,15.588870000000002,0.003823155,0.02932908,40823.284676126044,5.7898874989623146e-15,0.2702026800184452
GALAXY,0.5148002,0.00013960899999999998,22.40598,0.1591871,0.07420084,20.39188,0.04560736,0.0513318,117803.3422783997,3.100745522183615e-17,3.6922547024223555
GALAXY,0.6210073,0.000150493,22.14701,0.1143759,0.04779699,20.85965,0.05553913,0.03306574,134511.21756132727,3.935991258263153e-17,3.2771600522374005
GALAXY,0.0961613,2.11e-05,17.20512,0.004790376,0.04883412,16.222920000000002,0.003585316,0.03378322,27448.164549773763,3.730870074206439e-15,0.3366042943000863
GALAXY,0.45105,0.000164172,21.1847,0.08978565,0.06760497,19.31755,0.02696199,0.046768800000000006,106723.38215619676,9.549444856116764e-17,2.1039511510865108
GALAXY,0.0670655,9.64e-06,15.75888,0.002856358,0.0613548,15.02223,0.002515714,0.04244497,19432.9485585035,1.4135335641360541e-14,0.17293052194369118
GALAXY,0.4866745,0.000137323,21.34682,0.08191096,0.15186629999999998,19.52384,0.02689923,0.1050604,113017.5790681744,8.224890507814214e-17,2.2670424499080153
GALAXY,0.05303804,1.56e-05,17.296039999999998,0.004808482,0.0358544,16.55719,0.00401974,0.02480391,15479.303691129937,3.4311691242583117e-15,0.350997200229326
GALAXY,0.4814204000000001,0.000109255,22.27823,0.115457,0.02798446,20.41263,0.03577475,0.01935952,112105.8260218999,3.487916867336011e-17,3.4813016206941314
GALAXY,0.4612779,0.000109461,21.87411,0.09873196,0.2072896,20.15849,0.03373743,0.143402,108557.6205266444,5.060741160443691e-17,2.89013182489321
GALAXY,0.4884372,0.000111709,22.24162,0.128451,0.3831805,20.7007,0.05719453,0.2650825,113322.1994921583,3.607531444162773e-17,3.4231005185251573
GALAXY,0.31200370000000005,7.13e-05,19.80729,0.02436657,0.07890484,18.16696,0.01005857,0.054586,79466.48050647712,3.395800165837297e-16,1.1157159772023237
GALAXY,0.04705135,1.62e-05,17.50297,0.005263123000000001,0.06783441,16.7235,0.004247072,0.04692753,13774.145616384345,2.8357642635178733e-15,0.386090977051866
GALAXY,0.09661011,2.14e-05,17.718,0.006649664,0.07141396,16.824579999999994,0.00480308,0.04940385,27569.852521536777,2.326259315123931e-15,0.42628068234465166
GALAXY,0.4035891,7.57e-05,20.95766,0.06291904,0.1935255,19.20938,0.02185442,0.13388010000000006,97916.25373432146,1.1770478684883188e-16,1.8950804539416843
GALAXY,0.1264355,3.37e-05,18.79096,0.01133392,0.08704821,17.72317,0.007566262,0.06021955,35525.06124344008,8.659127316768806e-16,0.6986950272054334
GALAXY,0.7280335,0.00013586299999999998,22.68967,0.1563513,0.1080503,21.97999,0.1252352,0.07474873,149373.51479109013,2.3877569905290672e-17,4.207553552725766
GALAXY,0.5232675999999999,0.000116069,21.22351,0.08944757,0.0529586,19.69207,0.03521525,0.03663652,119213.31220146336,9.214125542122033e-17,2.1418924119869844
GALAXY,0.6736749,0.000112015,21.24413,0.07116343,0.2390601,20.35767,0.0484146,0.1653807,142056.25344696007,9.040784663733187e-17,2.162328399530581
GALAXY,0.7242297,0.000205956,22.28446,0.2189486,0.04964816,20.86069,0.09659395,0.03434637,148876.3400770215,3.467960364061592e-17,3.4913038897404434
GALAXY,0.16604670000000002,1.7899999999999998e-05,18.44269,0.01317462,0.08905986,17.5797,0.009561957,0.0616112,45694.973934439535,1.1933892603979738e-15,0.5951598865007731
GALAXY,0.5111548,0.000156544,22.47481,0.1577291,0.08384807,20.76819,0.05862189,0.05800571,117191.97203117996,2.910275647209783e-17,3.8111641296399728
GALAXY,0.5385401999999999,0.000134645,21.78148,0.1031955,0.05155402,20.41779,0.04683817,0.03566483,121721.16311503873,5.511453215353644e-17,2.769438033989599
GALAXY,0.6147715,0.000141275,21.55634,0.09088007,0.06327765,20.70704,0.06159258,0.04377519,133586.75401178328,6.78144314786329e-17,2.496684426450542
GALAXY,0.09524642,8.65e-06,18.30233,0.00817647,0.1709318,17.802139999999994,0.007574794,0.1182499,27199.926211490452,1.3580824130377116e-15,0.557906796755084
GALAXY,0.5713339,0.000163339,22.44056,0.2007998,0.14412850000000002,20.813,0.06510089,0.09970742,126956.1011854366,3.003544876500873e-17,3.751523335961681
GALAXY,0.5708972,0.000161212,22.24345,0.15713529999999998,0.2268374,20.39093,0.04438847,0.15692509999999998,126887.70802961635,3.6014560991465325e-17,3.42598653920838
GALAXY,0.3915044,8.53e-05,21.02076,0.05665768,0.1763494,19.21072,0.01702546,0.1219977,95593.94897398447,1.1105909373102064e-16,1.9509567970888895
GALAXY,0.7033194,0.000191138,22.76304,0.2081773,0.2670656,21.41653,0.08867719,0.1847548,146103.8464133508,2.2317324344237777e-17,4.35214796626493
GALAXY,0.2737857,5.19e-05,20.03992,0.02705793,0.1737876,18.50696,0.01196793,0.1202255,71164.0290316256,2.740880652172376e-16,1.2418800551447502
GALAXY,0.06180567,1.4800000000000002e-05,17.5914,0.005997112,0.2191068,16.73199,0.004473835,0.1515771,17957.307131066096,2.61395511075299e-15,0.40213849873185226
GALAXY,0.3011762,3.66e-05,19.8892,0.03323556,0.3265675,18.2441,0.01287387,0.2259179,77151.66033745973,3.149039622951246e-16,1.1586056773469269
GALAXY,0.1201444,6.99e-06,19.75397,0.01869595,0.313208,19.37305,0.018992,0.2166758,33868.53333439147,3.566729100997652e-16,1.0886534476573202
GALAXY,0.06782465,7.37e-06,18.50946,0.01057546,0.1201838,18.03345,0.01019636,0.08314261,19645.250526690692,1.1222099762936904e-15,0.6137445551280576
GALAXY,0.2516328,1.57e-05,19.79654,0.0271704,0.08305632,18.81418,0.01810377,0.05745798,66180.48176775854,3.429589376261213e-16,1.1102062100650516
GALAXY,0.9477501,4.1e-05,23.0912,0.1709851,0.07861774,22.52862,0.16245079999999998,0.05438739,174715.5639198184,1.6495980144694343e-17,5.062157487736208
GALAXY,0.7099441999999999,0.000247497,23.56091,0.26583670000000004,0.3776872000000001,22.36363,0.1612162,0.2612823,146989.50297108825,1.070271905010771e-17,6.284600162050968
GALAXY,0.06801729,1.47e-05,17.706039999999994,0.005837106,0.1293179,16.93393,0.004658996,0.08946154,19699.096594588944,2.352026037646954e-15,0.42393927452072544
GALAXY,0.5590729999999999,0.000219896,22.86405,0.16932750000000002,0.1242848,21.15274,0.06440578,0.08597963,125022.4665696958,2.0334716650433728e-17,4.55937855584261
GALAXY,0.04385091,1.86e-05,18.10651,0.008927165,0.1075109,17.39357,0.007291144,0.07437553,12858.201528433607,1.626500215666464e-15,0.5097974423404253
GALAXY,0.1118605,2.18e-05,17.70551,0.00632465,0.0904221,16.679289999999998,0.004550118,0.06255359,31669.811945659287,2.353174454822569e-15,0.4238358145842737
GALAXY,0.3239641,5.98e-05,20.19556,0.03475343,0.03687196,18.57423,0.01413456,0.02550785,81989.752585409,2.374838742087613e-16,1.3341591906103716
GALAXY,0.4587868,9.8e-05,22.02342,0.14956960000000002,0.1179505,20.35173,0.05109837,0.08159763,108112.91172901643,4.410523345536796e-17,3.0958481621169245
GALAXY,0.09510549,2.08e-05,17.85138,0.006568659,0.05472341,16.922629999999998,0.004879639,0.0378574,27161.665282665104,2.057340261629212e-15,0.453285317869494
GALAXY,0.5331566,0.000126351,22.03645,0.09192809,0.06784839,20.30651,0.03217411,0.0469372,120842.28943285152,4.3579086784042133e-17,3.1144807596788375
GALAXY,0.364452,7.54e-05,21.22098,0.066579,0.119406,19.29271,0.01976608,0.08260454,90274.06493709146,9.235621481302892e-17,2.1393983291006062
GALAXY,0.08659024,8.09e-06,16.95938,0.005398946,0.1064879,16.33134,0.004642745,0.07366785,24839.062836248126,4.678494520934058e-15,0.30058800932892654
GALAXY,0.07813769999999999,2.08e-05,18.38661,0.007986439,0.07173913,17.50339,0.005821593000000001,0.0496288,22512.48574567724,1.256649391282974e-15,0.5799861893855432
GALAXY,0.5513741,4.85e-05,22.24931,0.12798330000000002,0.07474086,21.08717,0.06166743,0.05170539,123793.96244179753,3.5820704678531266e-17,3.435244494612535
GALAXY,0.07199904,1.41e-05,16.96923,0.005485001,0.08894499,16.105729999999998,0.004345027,0.06153173,20809.60208193236,4.6362423016483716e-15,0.3019546015348253
GALAXY,0.13457,2.07e-05,18.46179,0.009202518,0.06014813,17.41677,0.006183912,0.0416102,37650.079210409545,1.172579035557124e-15,0.6004179291433267
GALAXY,0.1492635,1.88e-05,18.36125,0.01796523,0.06975631,17.613770000000006,0.008518966,0.04825709,41440.50486648901,1.2863469621118335e-15,0.5732520972521767
GALAXY,0.2150087,3.67e-05,19.18235,0.0214227,0.09050003,17.79671,0.009998213,0.06260750000000001,57657.838967524425,6.038347814862867e-16,0.8366920689005549
GALAXY,0.05838716,9.09e-06,18.23949,0.008416753,0.06272488,17.56934,0.006680512,0.04339278,16993.846555394593,1.4390044110525027e-15,0.5419929684827727
GALAXY,0.07198428,6.51e-06,17.625410000000006,0.007277125,0.08544895,17.05685,0.005875019,0.05911319,20805.49419494211,2.533343761057129e-15,0.4084864474183838
GALAXY,0.2238567,1.7e-05,18.5834,0.010831,0.09009702,17.574370000000002,0.007246015,0.0623287,59749.675708156916,1.048330268056467e-15,0.6350028175330652
GALAXY,0.5134920000000001,0.000102578,20.63774,0.09175767,0.1205407,19.48744,0.05269735,0.08338948,117584.24620975638,1.5803821842352895e-16,1.6354740300242152
GALAXY,0.4483891,0.000105087,21.11119,0.06331114,0.09669138,19.50167,0.02648423,0.06689064,106242.54552786094,1.0218381789615758e-16,2.0339189950778658
GALAXY,0.1210371,1.91e-05,18.36375,0.01166716,0.1090889,17.439729999999994,0.008476841,0.07546722,34104.288649794806,1.2833884461969203e-15,0.5739124581803742
GALAXY,0.5584818,0.000182082,22.76491,0.1649266,0.08396984,21.20669,0.06813964,0.05808995,124928.52345958684,2.2278919547981702e-17,4.355897505967893
GALAXY,0.4571729000000001,0.0001195,22.26616,0.1931008,0.3893045,20.2087,0.04638664,0.26931900000000003,107824.10130747796,3.526907951551105e-17,3.4620046931651327
GALAXY,0.2861557,3.9299999999999986e-05,20.34109,0.03572552,0.3843884,18.65425,0.0138419,0.26591809999999994,73891.7308046802,2.0769312706851025e-16,1.4266375550542474
GALAXY,0.7031328,0.000208803,22.63268,0.4672306,0.3709896,20.73044,0.13854670000000002,0.2566489,146078.80162415904,2.5164373654411746e-17,4.098563350682342
GALAXY,0.456674,0.000119498,21.54275,0.1137825,0.1847111,19.44643,0.03046681,0.12778230000000002,107734.71088044488,6.866858925089051e-17,2.481107904116284
GALAXY,0.5813808000000001,0.000194532,23.33671,0.3267556,0.2055746,21.10565,0.07584186,0.1422155,128519.9287619664,1.3157522616604698e-17,5.668101938809154
GALAXY,0.2151998,1.45241,22.33506,0.08433902,0.14306839999999998,21.26624,0.04751595,0.09897407,57703.242103939534,3.310046731352843e-17,3.573614093953453
GALAXY,0.1103053,9.39e-06,17.476329999999994,0.005285905,0.1387514,16.92764,0.004790155999999999,0.09598757,31254.809470711178,2.9062041941827332e-15,0.38138328245877695
GALAXY,0.6147238,0.000150742,22.82091,0.1834745,0.06161769,20.78285,0.05251943,0.04262684,133579.6563919893,2.115895062870977e-17,4.469692563158554
GALAXY,0.08097598,1.66e-05,18.20345,0.008096627,0.08715686,17.33338,0.006051976,0.06029471,23296.07415811547,1.487572445279705e-15,0.5330717309349853
GALAXY,0.8119254,0.000132835,21.84298,0.06397143,0.06382126,21.1717,0.05380715,0.04415125,159803.056865856,5.2079418355097476e-17,2.8489947718880617
GALAXY,0.07269058,1.6899999999999994e-05,18.41081,0.01186602,0.05973632,17.744889999999995,0.01002999,0.0413253,21001.993850787738,1.2289497489669137e-15,0.5864860037018581
GALAXY,0.0740378,1.67e-05,17.42536,0.0062253790000000005,0.04850663,16.86635,0.005816263,0.03355666,21376.394957273293,3.0458893697383116e-15,0.37253548973014283
GALAXY,0.1381993,2.47e-05,17.56936,0.006538674,0.1514449,16.45101,0.004279586,0.10476889999999997,38592.052541580335,2.6675595617082925e-15,0.39807751928944807
GALAXY,0.08397055,7.05e-06,18.030520000000006,0.007992626999999999,0.1242656,17.60594,0.008481085,0.08596635,24120.23771208061,1.744416256186201e-15,0.49226578630730183
GALAXY,0.6711583000000001,0.000167619,22.1552,0.1473774,0.08896863,20.98524,0.08569428,0.06154808,141706.17648638258,3.906412718039729e-17,3.289543640270056
GALAXY,0.04495589,8.77e-06,17.07773,0.005025493,0.1890365,16.31391,0.0040609,0.13077460000000002,13174.784359865986,4.195329976557129e-15,0.31742538300309997
GALAXY,0.3496824,8.809999999999999e-05,20.49774,0.05164938,0.03377393,18.66821,0.01690304,0.02336465,87297.46658433304,1.797885894815287e-16,1.5333583138646654
GALAXY,0.1077756,2.4100000000000006e-05,17.14286,0.005686816999999999,0.07137751,16.13113,0.003969599,0.04937863,30578.261112590586,3.9510645521349194e-15,0.327090290320001
GALAXY,0.0344423,8.32e-06,17.48731,0.008658398000000001,0.04190874,17.09652,0.008231012,0.02899228,10147.825972388762,2.876961997353964e-15,0.3833166220270344
GALAXY,0.1263714,9.71e-06,18.53882,0.01040123,0.07125641,17.872139999999995,0.008380679,0.04929486,35508.24046408821,1.0922703008087385e-15,0.622099213499801
GALAXY,0.486224,0.000177467,22.09869,0.17566600000000002,0.14974920000000005,20.31136,0.05487451,0.1035958,112939.6243635136,4.115116409919306e-17,3.2050414630270323
GALAXY,0.1377326,2.32e-05,18.61814,0.01437171,0.05273391,17.483710000000002,0.008546956999999999,0.03648107,38471.133397888654,1.0153180925536213e-15,0.6452435207999462
GALAXY,0.150839,3.83e-05,18.6438,0.01123985,0.1220158,17.48232,0.006755155,0.08440994,41843.27828329121,9.916036694244582e-16,0.6529135058159654
GALAXY,0.33221300000000004,0.000115959,20.64308,0.05922971,0.03718876,18.87353,0.02015354,0.02572701,83709.58442547325,1.5726284394875232e-16,1.6395008730760963
GALAXY,0.2332442,7.82e-06,18.76472,0.008589679,0.06221715,18.52073,0.009329225,0.04304153,61946.055710871806,8.870949873300371e-16,0.6903028275061385
GALAXY,0.5283507,8.47e-05,22.31209,0.1664651,0.03369615,20.48689,0.05103507,0.02331084,120053.00258891321,3.380820594130084e-17,3.5360113656573797
GALAXY,0.5136187,0.000187299,21.72948,0.1248997,0.05126981,20.2359,0.04730584,0.03546821,117605.48058541042,5.78184074379585e-17,2.703906390906818
GALAXY,0.3660093,6.03e-05,20.83574,0.04760676,0.18678,19.04206,0.01588887,0.1292135,90584.91939143528,1.3169282839521657e-16,1.7916107196773978
GALAXY,0.6034176,0.000229439,22.85505,0.26624109999999995,0.13307270000000002,20.73862,0.06169723,0.09205909,131886.08803837653,2.050397790598183e-17,4.540520619867197
GALAXY,0.1374852,1.7199999999999998e-05,17.8445,0.006849016,0.04882667,16.76176,0.0046538890000000005,0.03377806,38407.00827168676,2.0704184313799348e-15,0.451851420868132
GALAXY,0.5182929000000001,0.000143515,22.96489,0.2069255,0.208906,21.24596,0.06845012,0.14452020000000002,118386.64357849683,1.8531139492382818e-17,4.776102650194619
GALAXY,0.2444757,4.23e-05,20.449,0.0336982,0.23599970000000006,18.72926,0.01269594,0.1632635,64543.010982032574,1.8804341306187323e-16,1.4993245502487698
GALAXY,0.5961521,0.000183325,21.64437,0.09803744,0.289221,20.09429,0.03972959,0.2000818,130785.87400489459,6.253312395737914e-17,2.5999778750135443
GALAXY,0.1155425,2.78e-05,19.36775,0.01348997,0.2491703,18.27839,0.008498806999999999,0.1723749,32649.547875480188,5.090472846737092e-16,0.9112670188078127
GALAXY,0.3677064,7.26e-05,21.70456,0.1091234,0.1211582,20.37274,0.05074023,0.08381671,90923.03271402854,5.916081186578402e-17,2.6730535075101383
GALAXY,0.5207312,0.000100628,21.53619,0.06357231,0.08847639999999997,20.119,0.03073306,0.06120757,118792.43272102387,6.908473964014582e-17,2.473623808262445
GALAXY,0.4641172000000001,0.000184222,22.57043,0.14476960000000005,0.05420875,20.76317,0.05111802,0.03750136,109062.89822603343,2.6649319596070428e-17,3.9827372160055803
GALAXY,0.4448406,0.000138094,21.80279,0.08140071,0.07135207,19.98697,0.02896493,0.04936104,105598.96234930767,5.4043332987572113e-17,2.7967500355818626
GALAXY,0.09061548,1.42e-05,16.91947,0.004305647,0.152876,15.91155,0.003272254,0.1057589,25939.630791357096,4.8536686565786796e-15,0.2951138910489061
GALAXY,0.6703296999999999,0.000135539,21.95953,0.09618954,0.08210241,20.49001,0.04241339,0.05679807,141590.68774210653,4.677848207676278e-17,3.0060877393018623
GALAXY,0.513282,0.000156706,21.71538,0.08931329,0.0382565,20.08349,0.02944231,0.02646567,117549.0441254237,5.857416755521322e-17,2.686406021654591
GALAXY,0.09559677,1.9e-05,17.8765,0.007788084,0.07971806,17.10501,0.006269118000000001,0.05514859,27295.017142284065,2.010287282394772e-15,0.4585594547062169
GALAXY,0.2760869,4.36e-05,19.71728,0.02331483,0.09204902,18.16335,0.01038839,0.06367908,71674.43058625617,3.6893182925694684e-16,1.0704136836717904
GALAXY,0.7101629,0.000161215,22.21751,0.1821695,0.06220429,21.25642,0.1313446,0.04303264,147018.62479148814,3.6885368381672266e-17,3.3853038277309064
GALAXY,0.4162146,0.000153673,22.08348,0.15311889999999995,0.08613542,20.35975,0.05471152,0.05958808,100307.43331231084,4.173170466323449e-17,3.1826703063965875
GALAXY,0.08232757,2.05e-05,18.25956,0.00739777,0.130498,17.36887,0.005771743,0.09027791,23668.38480961725,1.4126485407942408e-15,0.5470256014122178
GALAXY,0.05636324,1.39e-05,17.28359,0.00466209,0.04986339,16.42785,0.003738493,0.03449526,16421.79665317684,3.4707403530102782e-15,0.34899053796888024
GALAXY,0.5449083,0.000165626,22.13952,0.1277396,0.05685373,20.36351,0.04269056,0.03933115,122753.58789828548,3.9632377433323005e-17,3.2658757068705686
GALAXY,0.5653571,0.000119464,22.54209,0.1166751,0.07679425,20.72276,0.03936656,0.05312591,126016.99800199847,2.7354080785684586e-17,3.9310960232296277
GALAXY,0.07804871,1.82e-05,18.37869,0.006988018,0.0728629,17.65275,0.005911352,0.05040621,22487.879103420906,1.2658496480840086e-15,0.5778746618028227
GALAXY,0.5642354,0.00010534,22.08253,0.1425531,0.06506921,20.47421,0.05212573,0.04501458,125840.01449602415,4.1768235147071735e-17,3.1812782207827217
GALAXY,0.5555041999999999,0.000227361,22.34349,0.2170147,0.1027063,20.90727,0.08754256,0.07105175,124454.38105487607,3.2844459941949525e-17,3.587514394291854
GALAXY,0.4672055000000001,0.000119075,21.33356,0.07858976,0.07665779,19.49063,0.02524712,0.05303151,109610.56901432357,8.325956263665434e-17,2.253241037436489
GALAXY,0.07449588,1.26e-05,18.119670000000006,0.007858956,0.09656603,17.36972,0.006754776,0.06680393,21503.576164154525,1.6069047155057546e-15,0.5128964017692084
GALAXY,0.038700300000000014,9.21e-06,18.20581,0.0089803,0.109696,17.66849,0.009164982,0.0758872,11377.71823753483,1.4843425094532335e-15,0.5336513989813702
GALAXY,0.09352278,9.73e-06,18.1255,0.00752149,0.08681384,17.249679999999998,0.005504359,0.06005742,26731.57756038284,1.5982993587107744e-15,0.514275283513642
GALAXY,0.06178108,1.49e-05,16.25274,0.003657751,0.07023778,15.61896,0.003253915,0.04859017,17950.389158855636,8.969373831465107e-15,0.21709191632150707
GALAXY,0.5179378,8.93e-05,21.47191,0.0736528,0.07118838,19.86723,0.02717786,0.04924779,118327.4494218494,7.329833763578933e-17,2.4014726908514494
GALAXY,0.491336,0.000147532,21.70115,0.1094455,0.04534925,20.09713,0.03955392,0.0313724,113821.77922676528,5.934691186132323e-17,2.6688591372995103
GALAXY,0.4608769,0.000157404,22.23367,0.14197720000000005,0.1680876,20.67548,0.05217278,0.1162822,108486.1226315341,3.634043530421459e-17,3.4105910831502606
GALAXY,0.5958998999999999,0.000181003,22.39787,0.1772913,0.08056619,20.9015,0.06904586,0.05573532,130747.51475121028,3.123993526044576e-17,3.678490614337895
GALAXY,0.1082277,7.28e-06,17.7669,0.006339851,0.1046239,17.20127,0.005616922,0.07237832,30699.308330350068,2.2238122856669327e-15,0.435989120587551
GALAXY,0.13905,2.52e-05,17.81851,0.007689004,0.06902597,16.75294,0.005176736,0.04775184,38812.30341649056,2.120577383349141e-15,0.44647552053621403
GALAXY,0.09640539,9.32e-06,18.3837,0.01166909,0.07275939999999999,17.4884,0.01013595,0.05033462,27514.353135212186,1.260021991970471e-15,0.5792094678294968
GALAXY,0.161699,3.88e-05,19.04618,0.01738444,0.09343826,17.767210000000006,0.009588043,0.06464016,44600.483979521014,6.845199740334843e-16,0.7858355147864708
GALAXY,0.1285129,3.12e-05,18.05484,0.008452652,0.06518022,17.05946,0.005844715,0.04509138,36069.56071416285,1.7057764930879527e-15,0.49781004105517673
GALAXY,0.4622093,0.000149863,21.77729,0.1027704,0.08566192,20.03111,0.03220832,0.05926052,108723.55772249996,5.532763737836016e-17,2.7640993719749134
GALAXY,0.5296451,0.000166137,22.31511,0.1739736,0.1147856,20.33327,0.04759977,0.07940812,120266.02559664838,3.371429830956217e-17,3.540932535054135
GALAXY,0.5938505999999999,0.000231599,23.52551,0.5338491999999999,0.17546389999999998,21.09891,0.1006158,0.1213851,130435.39802326397,1.1057428128414163e-17,6.182977303309566
GALAXY,0.4510817,0.000101513,21.40887,0.09017067,0.11381689999999997,19.66494,0.03304222,0.07873798,106729.10139526827,7.768016246368243e-17,2.3327578109209535
GALAXY,0.5471010000000001,0.000136942,21.98064,0.1916388,0.08069282,20.07074,0.05648417,0.05582292,123107.29031865613,4.587775155517588e-17,3.035453974995809
GALAXY,0.15496600000000002,2.59e-05,18.15594,0.008582439,0.09058635,17.021620000000002,0.005585171999999999,0.06266722,42894.99870565673,1.5541113249677923e-15,0.52153523202566
GALAXY,0.362139,9.84e-05,20.58764,0.04801963,0.02761387,18.92908,0.01943926,0.01910315,89811.3139186885,1.6550157275059492e-16,1.5981724957882755
GALAXY,0.6776612,0.000201669,21.28153,0.2644572,0.16286589999999998,19.38433,0.06754600000000001,0.1126699,142608.68231980954,8.734662426249805e-17,2.199893478553366
GALAXY,0.3377702,9.84e-05,23.2977,0.2914792,0.6880725999999999,21.51387,0.07977478,0.4760054,84858.89773609127,1.3638861687659497e-17,5.56718498635363
GALAXY,0.6283576,0.000123185,22.53826,0.1714671,0.3711956,21.07192,0.06469948,0.2567914,135592.27817082434,2.745074434985737e-17,3.9241685450435773
GALAXY,0.338018,6.9e-05,20.82663,0.04963276,0.1303081,19.0892,0.01776362,0.09014653,84909.97264358547,1.3280246163077397e-16,1.784110101948098
GALAXY,0.3570717,0.00014256700000000002,21.68507,0.08988719,0.1250678,20.24794,0.04322891,0.08652133,88793.12077717888,6.023239402741433e-17,2.6491689261506557
GALAXY,0.1325054,2.7300000000000006e-05,18.47649,0.008135824,0.09834962,17.34561,0.005367618,0.06803782,37112.53361514194,1.1568102423779393e-15,0.6044963073804407
GALAXY,0.2967312,5.69e-05,20.36395,0.04304755,0.12982449999999998,18.74886,0.01513306,0.08981197,76192.87702107125,2.0336589633303729e-16,1.4417356992277897
GALAXY,0.17924079999999998,4.4299999999999986e-05,18.97007,0.01380559,0.1113075,17.80885,0.007942978,0.07700203,48984.00291032247,7.342266183776267e-16,0.7587691276841764
GALAXY,0.07160049,1.8e-05,17.59103,0.006423485,0.09099147,16.95824,0.005404173000000001,0.06294748,20698.658170724775,2.6148460529557626e-15,0.4020699836688803
GALAXY,0.1460543,3.3600000000000004e-05,17.897479999999995,0.008410596,0.0371033,17.06403,0.006181425,0.02566789,40617.89667318962,1.9718148145110785e-15,0.463011366076147
GALAXY,0.6905435000000001,0.000172634,23.93322,0.3293366,0.4917395000000001,22.3863,0.1302672,0.3401831,144376.5283389244,7.595740606187261e-18,7.460014167935529
GALAXY,0.5209734,0.0002418,22.33056,0.1526969,0.07766423,20.8078,0.06747305,0.05372775,118832.67672404741,3.32379419658016e-17,3.566216066678561
GALAXY,0.5925705,0.000142444,22.26707,0.13595739999999998,0.14841849999999998,21.12849,0.09371571,0.1026753,130240.05242493218,3.523953143931575e-17,3.463455821198853
GALAXY,0.4592259,0.000173128,21.55688,0.0814829,0.1539616,19.796470000000006,0.02667566,0.1065099,108191.3943692232,6.778071178892668e-17,2.4973053771170552
GALAXY,0.5085495,0.000114927,21.72748,0.09334106,0.09154923,20.19116,0.03382276,0.06333333,116753.42406398404,5.792501103581012e-17,2.7014171476022772
GALAXY,0.4227357,9.59e-05,20.75094,0.08971354,0.3082303,19.22492,0.03737182,0.2132323,101528.61915492977,1.4239086398661402e-16,1.7229935523884605
GALAXY,0.1980991,3.9299999999999986e-05,18.72659,0.01499311,0.2034213,17.45107,0.008320756,0.1407259,53600.98615910409,9.188024090125838e-16,0.678287248001136
GALAXY,0.2244633,4.07e-05,21.42989,0.07170497,0.1777348,20.36887,0.04385736,0.1229561,59892.314958121366,7.619072834042145e-17,2.3554487120757384
GALAXY,0.05880981,2.34e-05,19.11529,0.01214387,0.2537735,18.18978,0.008291215,0.1755594,17113.152676637834,6.423062163384984e-16,0.8112480245656725
GALAXY,0.1342641,8.51e-06,18.42726,0.008525064,0.2596583,17.873820000000006,0.007229951999999999,0.1796304,37570.5113293813,1.2104702640690862e-15,0.5909458026155564
GALAXY,0.03741939,1.02e-05,17.043779999999998,0.004723366,0.1235501,16.21939,0.003860307,0.08547136,11008.306140874396,4.3285867448923286e-15,0.3125011733119647
GALAXY,0.3550145,7.63e-05,21.45876,0.06960476,0.07404898,19.61012,0.02294752,0.05122675,88378.02814640949,7.419149547118771e-17,2.3869738009145154
GALAXY,0.06769323,1.89e-05,18.12322,0.008244017,0.05514933,17.1195,0.005711267,0.03815205,19608.51015680472,1.6016592461797736e-15,0.5137355887509647
GALAXY,0.5370967,0.000143262,21.96051,0.09894397,0.04484167,20.22767,0.03668988,0.03102126,121486.05804178251,4.6736278243782886e-17,3.0074447129565427
GALAXY,0.6676780999999999,0.00021559,21.88762,0.13167420000000002,0.1540561,20.68265,0.07372083,0.1065753,141220.3629720289,4.998159662229422e-17,2.9081690774423787
GALAXY,0.07551319999999999,1.01e-05,17.87649,0.005943361,0.06170201,17.1598,0.005032075,0.04268516,21785.802947680204,2.010305797910158e-15,0.45855734296674966
GALAXY,0.3867144,6.28e-05,20.91733,0.05084858,0.07516285,19.08091,0.01754409,0.05199731,94664.27825282961,1.2215918460459076e-16,1.8602086189827396
GALAXY,0.3093341,0.000109417,22.28193,0.1411376,0.0429083,20.15498,0.03858649,0.02968376,78898.45463462918,3.476050883853917e-17,3.487238512210827
GALAXY,0.3145283,5.56e-05,19.71372,0.02592523,0.06696162,18.02445,0.01010385,0.04632374,80002.02931480974,3.701434982595848e-16,1.0686602417593973
GALAXY,0.7713473000000001,0.0005132380000000001,22.000770000000006,0.2149641,0.03351209,21.324,0.1684856,0.02318351,154883.67266473407,4.5034995657541765e-17,3.063724095948504
GALAXY,0.5830498000000001,0.000158672,22.75003,0.2014925,0.06491771,20.80493,0.05786364,0.04490978,128777.93008354084,2.2586353717586618e-17,4.326150783775049
GALAXY,0.5533100999999999,0.00016575799999999998,21.52323,0.1004729,0.05764246,20.34875,0.053036900000000005,0.03987679,124103.93584470317,6.991431794350094e-17,2.4589044463803753
GALAXY,0.27175520000000003,4.74e-05,20.28136,0.03790414,0.04815043,18.69129,0.01427185,0.03331024,70712.53747759879,2.194391564918705e-16,1.3879302849760398
GALAXY,0.3120967,7.99e-05,19.70173,0.03889577,0.1076798,17.98723,0.01386483,0.07449237,79486.236786098,3.742537194612066e-16,1.062775789125021
GALAXY,0.11799560000000002,8.599999999999999e-06,17.57367,0.008292714,0.05426529,17.085739999999998,0.006761621,0.03754048,33300.10632359071,2.6569912561712143e-15,0.3988684194762013
GALAXY,0.08220884,9.79e-06,18.17159,0.008681566,0.07650327,17.64366,0.008543554,0.05292461,23635.70085414469,1.5318707553114366e-15,0.5253075615134818
GALAXY,0.16009500000000002,2.94e-05,18.27107,0.008350587,0.05613909,17.10225,0.005428155,0.03883676,44195.348479920794,1.3977520091843793e-15,0.5499328366146905
GALAXY,0.5674541,0.000207699,22.75774,0.3359752,0.03597208,20.23734,0.05711108,0.02488532,126347.24032546865,2.2426532256825112e-17,4.341538456568845
GALAXY,0.6611989,0.000233615,22.60505,0.20119,0.07389063,21.07302,0.07897671,0.0511172,140310.6458647724,2.5812978828706557e-17,4.0467432620722645
GALAXY,0.1024188,1.6899999999999994e-05,17.5802,0.004986297,0.05880319,16.89957,0.004228007,0.04067978,29139.475843299213,2.6410591335213683e-15,0.40006969238117424
GALAXY,0.4019854000000001,0.00013652,21.29202,0.11100410000000002,0.04313135,19.59119,0.03809663,0.02983807,97609.97072778168,8.650677570116611e-17,2.2105464864054514
GALAXY,0.09459265,1.6e-05,17.03438,0.006090076,0.1323166,16.2482,0.004797117,0.09153604,27022.38582489657,4.366225132916856e-15,0.31115132325457623
GALAXY,0.6218543000000001,0.000360623,22.47832,0.2381591,0.1779808,20.70323,0.07865272,0.1231263,134636.2663673057,2.900882413871662e-17,3.8173295330797763
GALAXY,0.1038096,2e-05,17.69378,0.006169329,0.1229335,16.73415,0.004481675,0.08504481,29513.83543750134,2.378735342356652e-15,0.4215524835641826
GALAXY,0.5849943,0.000233156,22.24451,0.1541594,0.16140410000000002,20.260720000000006,0.03766242,0.1116586,129077.88230051551,3.5979417274894875e-17,3.4276593360746177
GALAXY,0.5565259,0.000159354,21.46068,0.1047846,0.24468070000000006,20.39152,0.05946616,0.169269,124617.2601467995,7.406041225437678e-17,2.3890852790055663
GALAXY,0.2278505,2.95e-05,19.08523,0.014204499999999997,0.03110684,17.73219,0.007593683,0.02151957,60686.98384582315,6.603377493882429e-16,0.8000951766358145
GALAXY,0.4153569,0.000178565,20.90363,0.06769783,0.13650220000000002,18.88265,0.01751203,0.09443159,100146.11491360326,1.2371037552325124e-16,1.8485093527490148
GALAXY,0.633657,0.000183463,21.83729,0.1049856,0.108025,20.73928,0.05762630000000001,0.07473122,136365.95221475192,5.235306653797536e-17,2.8415392040313634
GALAXY,0.1425978,6.07e-06,18.22508,0.00721391,0.13468129999999998,17.42936,0.005482713,0.0931719,39728.617776617626,1.45823032408881e-15,0.5384081834772722
GALAXY,0.3785495,9.74e-05,21.21429,0.06331401,0.1631463,19.44275,0.02179948,0.1128638,93067.4615197283,9.292704457725312e-17,2.132817287650595
GALAXY,0.3730247,7e-05,21.71697,0.07181241,0.12901980000000002,20.35432,0.03635713,0.08925529,91978.24219729213,5.848845173833401e-17,2.6883737877375626
GALAXY,0.5031707999999999,0.000136446,22.23816,0.1113202,0.1522855,20.54643,0.0416145,0.1053504,115843.75862250743,3.619046182880747e-17,3.417650531336493
GALAXY,0.2254349,7.219999999999999e-05,21.229,0.05889262,0.3937781,19.7342,0.02472596,0.2724138,60120.57633814859,9.16765212439422e-17,2.147314477950039
GALAXY,0.5468994,0.000101886,21.50325,0.08220888,0.1641361,20.68797,0.05928159,0.1135486,123074.80850922276,7.121281035840113e-17,2.4363835147306454
GALAXY,0.5710369000000001,0.000156008,22.47307,0.2087241,0.2893155,21.03021,0.08239584,0.20014720000000005,126909.59076759111,2.9149433919687863e-17,3.808111468511666
GALAXY,0.7027468000000001,0.00033998800000000005,22.88284,0.2327022,0.1082602,22.02515,0.1611437,0.07489388,146026.97687579173,1.9985827065510215e-17,4.599002570139619
GALAXY,0.6179814,0.000130089,22.47058,0.1252848,0.08615639,20.76144,0.04601306,0.05960259,134063.46780996496,2.9216361210838146e-17,3.803747257834002
GALAXY,0.5118727,0.000181795,22.13567,0.13059269999999998,0.1011622,20.34669,0.04388814,0.06998354,117312.57896207846,3.977316255556736e-17,3.2600904702978304
GALAXY,0.3777072,0.000111565,21.83417,0.10619760000000003,0.09846734,20.20263,0.04088035,0.06811924,92901.85801759298,5.250372604730374e-17,2.837459374962249
GALAXY,0.4522827999999999,0.000145781,21.97002,0.1182417,0.1526915,20.15997,0.0366558,0.1056313,106945.64349952342,4.632870120423173e-17,3.020644751540415
GALAXY,0.2444576,6.29e-06,17.830479999999994,0.007323926999999998,0.110373,17.479570000000002,0.007607804,0.07635554,64538.85277571957,2.0973268909359754e-15,0.4489434630359439
GALAXY,0.5383148,0.000155531,22.04321,0.1351866,0.08232830000000001,20.45589,0.05212688,0.05695434,121684.47819830061,4.3308598036692576e-17,3.12419154175304
GALAXY,0.09812069,2.27e-05,18.58189,0.01107265,0.08892225,17.71715,0.008306576999999999,0.061516,27978.990173017657,1.0497892596431335e-15,0.6345614023241196
GALAXY,0.4981939,0.000123247,21.81202,0.09889911,0.08794885,20.09945,0.03951573,0.06084261,114996.89153379643,5.3585850141756087e-17,2.808663123986498
GALAXY,0.5728079,0.000167241,22.99374,0.2788555,0.14466600000000002,20.85168,0.06053983,0.1000793,127186.69057293244,1.804521767455266e-17,4.839980949987161
GALAXY,0.3638124,5.58e-05,22.07141,0.1030422,0.07488617,20.61327,0.049054400000000005,0.0518059,90146.22886370496,4.219821934029053e-17,3.1650286984743805
GALAXY,0.2930668,6.22e-05,19.80675,0.02621669,0.07053035,18.24124,0.01137847,0.04879257,75398.73210104402,3.3974895155781914e-16,1.1154385563526181
GALAXY,0.528835,0.000231983,22.42815,0.14081939999999998,0.1207536,21.07767,0.06315432,0.08353680000000001,120132.74322897095,3.03807244144655e-17,3.7301444677965265
GALAXY,0.8064087,6.159999999999999e-05,22.50531,0.12876949999999998,0.05404019999999999,22.30576,0.1679035,0.03738476,159147.58145287298,2.8296591499562837e-17,3.865072567347641
GALAXY,0.2023365,5.21e-05,18.4961,0.01348143,0.0710171,17.5178,0.009565737,0.0491293,54624.926801001806,1.1361040949448079e-15,0.6099800795868456
GALAXY,0.2595427,5.89e-05,19.3619,0.01782985,0.03952971,17.906470000000006,0.008696342,0.02734647,67974.55200638727,5.117974588300655e-16,0.9088153469943564
GALAXY,0.5702491,0.000169929,22.84728,0.1882619,0.03649731,20.85633,0.05349267,0.02524867,126786.142024755,2.0651239586007093e-17,4.524302683684963
GALAXY,0.1297654,3.01e-05,18.50487,0.009779378,0.03855363,17.50248,0.006748517,0.02667122,36397.24846511031,1.1269642131464125e-15,0.6124486085387811
GALAXY,0.4329642,8.62e-05,21.10467,0.0729062,0.06765975,19.29555,0.02172836,0.046806699999999986,103425.26507015787,1.0279929238103592e-16,2.0278211681259712
GALAXY,0.3938834000000001,6.43e-05,20.60654,0.05466133,0.114236,19.04296,0.021421400000000004,0.07902794,96053.73477930226,1.6264552744255557e-16,1.6121433355535215
GALAXY,0.6695018,0.000198607,23.27386,0.2627062,0.07521491,21.44178,0.08004564,0.05203333,141475.18524347447,1.3941648377873983e-17,5.50639867799948
GALAXY,0.23533160000000006,5.320000000000001e-05,19.213420000000006,0.0193166,0.1132354,17.74156,0.008614700000000001,0.07833572,62431.24118931932,5.868000270664973e-16,0.8487497361470141
GALAXY,0.5492517,0.000219543,21.89437,0.1875774,0.1070518,20.42185,0.07221197,0.07405791,123453.33193995827,4.967182596485989e-17,2.917223156541993
GALAXY,0.1658535,3.73e-05,18.64589,0.01207746,0.07371458,17.69889,0.00831202,0.0509954,45646.45066679484,9.896967069000073e-16,0.653542224894877
GALAXY,0.2487092,4.52e-05,19.80247,0.02528691,0.1238475,18.29818,0.01103155,0.08567715,65513.22102441377,3.4109089389715596e-16,1.1132421778923924
GALAXY,0.1110009,1.24e-05,17.92091,0.007850229,0.08283851,17.18606,0.005891435,0.0573073,31440.516023189575,1.9297192322779884e-15,0.4680342683894116
GALAXY,0.08143660000000001,2.56e-05,18.48931,0.009151197,0.07344909,17.53825,0.006424907,0.05081174,23423.017558270072,1.143231349779169e-15,0.6080757053924266
GALAXY,0.5301560000000001,0.00014821799999999998,22.77879,0.1904164,0.1040844,20.97319,0.05734429,0.07200509,120350.01644557207,2.1995919682755077e-17,4.383829474371473
GALAXY,0.5943586999999999,0.000199925,21.59043,0.1424621,0.1062309,20.02227,0.05543397,0.07349005,130512.85370156486,6.571827043444006e-17,2.5361892201056073
GALAXY,0.4707677,0.000158101,21.91442,0.115031,0.1141052,20.15232,0.03913334,0.07893749,110239.80630372796,4.876296729770778e-17,2.944283683926441
GALAXY,0.481911,0.000139787,22.09389,0.12424949999999997,0.08903097,20.44975,0.04652338,0.06159121,112191.20012519356,4.133349462999064e-17,3.1979646020770094
GALAXY,0.08788398,1.88e-05,17.393279999999994,0.005889943000000001,0.07553311,16.42323,0.004241563,0.05225346,25193.312004723062,3.1372283087171254e-15,0.3670723331800699
GALAXY,0.5994126000000001,0.000250408,21.90307,0.1079806,0.06539669,20.82881,0.06681983,0.04524113,131280.77094807464,4.927539623207068e-17,2.928934450436872
GALAXY,0.4528095,0.000113853,22.34373,0.1278276,0.05946511,20.46526,0.03886352,0.04113769,107040.50365117699,3.28372005365887e-17,3.5879109229483594
GALAXY,0.3026319000000001,6.38e-05,20.3842,0.0359335,0.1313111,18.76548,0.01317765,0.09084042,77464.5771047436,1.996080836536743e-16,1.455243446854731
GALAXY,0.3644493,8.3e-05,21.09263,0.06641762,0.06915996,19.33309,0.02320443,0.04784454,90273.52549314854,1.0394560353274115e-16,2.0166087733631577
GALAXY,0.07423818,1.44e-05,17.69102,0.0103951,0.01934446,17.215,0.01082909,0.01338241,21432.036033346893,2.3847899081682996e-15,0.42101701935455305
GALAXY,0.5091001,0.000199361,22.75079,0.2103945,0.352763,21.09846,0.07065623,0.2440398,116846.21841098958,2.2570549121310917e-17,4.327665170978324
GALAXY,0.3097833,7.23e-05,19.5232,0.02620469,0.1214602,17.86883,0.01037933,0.08402558,78994.15721946234,4.41141712935342e-16,0.9788939677965345
GALAXY,0.03545295,1.15e-05,16.82452,0.004514248,0.1014988,16.05935,0.003585299,0.07021643,10440.234986884552,5.2972457987456494e-15,0.28248777131519165
GALAXY,0.2718961,6.11e-05,20.14265,0.02223585,0.04032652,18.52087,0.01005001,0.027897700000000004,70743.90155034591,2.493435424215944e-16,1.3020439750432726
GALAXY,0.08993223,2.61e-05,18.05968,0.01059059,0.1043446,17.08561,0.00614549,0.07218510000000003,25753.15407215989,1.6981893980100605e-15,0.49892084851632046
GALAXY,0.1730929,3.35e-05,18.432270000000006,0.01144537,0.06530727,17.35275,0.007394673,0.04517927,47457.51066534266,1.2048975608295389e-15,0.592310801067484
GALAXY,0.02490413,6.09e-06,17.33063,0.008473168,0.111174,17.1384,0.009833815,0.07690968,7373.13047484862,3.3235799105568308e-15,0.3566331029754903
GALAXY,0.5274835999999999,0.00014819,22.30358,0.1558036,0.05637728,20.38673,0.04220074,0.03900154,119910.11969596696,3.4074235857107684e-17,3.522180856305862
GALAXY,0.2358438,4.53e-05,19.19975,0.01469235,0.03962677,17.87057,0.007991428,0.02741361,62550.11725070972,5.94234859560148e-16,0.8434234123024142
GALAXY,0.5990158,0.000219577,22.06753,0.1055615,0.05541218,20.76128,0.05569824,0.03833389,131220.6435257443,4.234928917774266e-17,3.159378455551327
GALAXY,0.7068686,0.00022629,22.45485,0.2787335,0.09529204,20.90023,0.09441989,0.06592259,146579.17747461845,2.964272501265035e-17,3.7762927281187797
GALAXY,0.6626875,2.99e-05,21.14623,0.05690743,0.06446094,20.40774,0.0444074,0.04459378,140520.2619560986,9.89386830341493e-17,2.0670055954522466
GALAXY,0.4356268,9.16e-05,20.87259,0.05231123,0.06548806,19.11164,0.01767694,0.04530434,103915.24321900166,1.2729815967970556e-16,1.822273888918688
GALAXY,0.1806154,1.64e-05,22.11628,0.09431745,0.05568093,21.6994,0.07588901,0.03851981,49323.86805289717,4.048984602212166e-17,3.2311093220418874
GALAXY,0.2126982,3.87e-05,18.70069,0.01133845,0.0905066,17.2965,0.0060018730000000005,0.06261204,57108.10802253558,9.409837534942433e-16,0.6702451071514229
GALAXY,0.5033177,0.000137809,22.93462,0.30276620000000004,0.05439611,20.73957,0.06716117,0.03763098,115868.67960991945,1.9055051426633635e-17,4.709986390944903
GALAXY,0.05255423,2.34e-05,18.42324,0.01086699,0.05496482,17.85825,0.009749657,0.03802441,15341.898808603975,1.2149604063862322e-15,0.5898528094363781
GALAXY,0.2421137,4.23e-05,18.17654,0.01326718,0.08475888,17.006420000000002,0.00783379,0.058635800000000016,63999.64499748241,1.5249026712656122e-15,0.5265063971095023
GALAXY,0.6586489999999999,0.000151558,22.50525,0.13401300000000002,0.2558613,21.1879,0.06112273,0.1770037,139950.73749660767,2.829815527020547e-17,3.8649657729213454
GALAXY,0.0817068,2.01e-05,16.58747,0.005143163,0.07225189,15.70232,0.003956691,0.04998352,23497.45355512655,6.589768002322886e-15,0.2532734418750083
GALAXY,0.5574845,0.000157805,22.46232,0.17074029999999998,0.04142309,20.84632,0.06470323,0.0286563,124769.90192739246,2.943947936062962e-17,3.789305779740508
GALAXY,0.03095768,1.36e-05,15.35127,0.002546618,0.06490397,14.74545,0.002310443,0.04490027,9137.288481211326,2.057548709033099e-14,0.1433341423948821
GALAXY,0.5040717,0.00017077799999999998,22.11433,0.1083222,0.05487278,20.49598,0.03992371,0.03796073,115996.52471073117,4.056263179114989e-17,3.2282090618435744
GALAXY,0.5776569,0.000314124,21.84552,0.1427197,0.04023949,20.38694,0.059476,0.02783749,127942.44550189954,5.1957724788140034e-17,2.8523292285559227
GALAXY,0.2336969,3.64e-05,19.27306,0.01820677,0.04148715,17.83644,0.008280665,0.02870062,62051.37778294019,5.554361285805445e-16,0.8723839206490649
GALAXY,0.1092047,2.15e-05,17.01706,0.005372037,0.06242988,16.032610000000002,0.003752051,0.0431887,30960.69141689671,4.4364350237558276e-15,0.30867940345836753
GALAXY,0.4532100000000001,8.87e-05,21.75318,0.07448799,0.05146877,20.13252,0.03008238,0.03560586,107112.59538393725,5.656999302640857e-17,2.733579143684307
GALAXY,0.4740256,0.000110508,22.18585,0.1820275,0.06149304,20.37794,0.05594953,0.04254059,110812.98016433902,3.7976778818202175e-17,3.3363042774768648
GALAXY,0.2219108,3.77e-05,19.11835,0.01647709,0.07138739,17.704,0.008341301,0.04938547,59291.438275361834,6.404985121035799e-16,0.8123920266060911
GALAXY,0.331017,6.77e-05,20.53733,0.03961445,0.1034886,18.80613,0.01461692,0.07159296,83461.25472314369,1.7335090975654984e-16,1.5615707022145222
GALAXY,0.7052605,0.000210883,21.93731,0.1135859,0.09568621,20.99782,0.07001808,0.06619528,146364.05291712162,4.774568464004039e-17,2.97548422604336
GALAXY,0.6532026999999999,0.000160406,22.06047,0.1462217,0.06074801,20.57577,0.0551591,0.04202519,139178.42086568996,4.2625562704321106e-17,3.149123206094039
GALAXY,0.3957364,0.00012273200000000002,22.0253,0.08964857,0.0726248,20.43816,0.03306531,0.0502415,96410.97038410809,4.402892938444614e-17,3.0985296213550226
GALAXY,0.4938937,0.000169777,22.39648,0.1409951,0.2405811,20.72046,0.05391345,0.1664329,114261.1572435611,3.127995540335536e-17,3.6761366973437495
GALAXY,0.515933,0.000174695,21.76711,0.1119996,0.3427061,20.09931,0.03992958,0.2370825,117992.78972206342,5.584883589863709e-17,2.7511714264821756
GALAXY,0.3859595,9.77e-05,21.09165,0.07157752,0.08255455,19.4448,0.02263344,0.05711086,94517.28436541076,1.0403946857838316e-16,2.015698869694618
GALAXY,0.1087042,1.32e-05,19.92546,0.01721346,0.10800719999999997,19.47398,0.01680256,0.07471888,30826.824128658503,3.04560884587879e-16,1.17811490974087
GALAXY,0.28832729999999995,6.39e-05,20.41779,0.04124011,0.08549803,18.84222,0.01747613,0.05914714,74366.56347610238,1.9352724992001023e-16,1.4779292767052983
GALAXY,0.176926,4.15e-05,19.59443,0.01651435,0.1578197,18.4203,0.01070695,0.109179,48410.48748055845,4.13129421814479e-16,1.011536718772864
GALAXY,0.27988459999999993,5.7399999999999986e-05,19.32663,0.01899485,0.07226061,17.82801,0.009446927,0.04998956,72513.78283754367,5.286961224236698e-16,0.8941732064818366
GALAXY,0.1866554,3.17e-05,18.62922,0.01054559,0.100755,17.35065,0.006235128,0.06970185,50811.01686455173,1.0050094032582397e-15,0.648544308316651
GALAXY,0.1618447,1.74e-05,18.57892,0.01068869,0.06917825,17.76249,0.008277914,0.04785719,44637.24868988016,1.0526648590804143e-15,0.6336940834051902
GALAXY,0.07288751,7.32e-06,17.86303,0.009256489,0.07207435,17.350270000000002,0.008170171,0.0498607,21056.75543744381,2.0353829172197676e-15,0.45572373939155625
GALAXY,0.1007999,1.4800000000000002e-05,18.08225,0.01047191,0.06665958,17.19241,0.008070203,0.04611479,28703.00788524858,1.6632522713844e-15,0.5041336099631317
GALAXY,0.3890201,8.4e-05,21.34611,0.0626911,0.07322298,19.65338,0.02354486,0.05065532,95112.43589413694,8.230270803720129e-17,2.2663013228193583
GALAXY,0.5619339,0.000111083,21.78667,0.09771101,0.05252052,20.02194,0.03551087,0.03633345,125476.14861831756,5.485170418604779e-17,2.7760651381693227
GALAXY,0.3533637,9.36e-05,20.47727,0.03756053,0.06540609,18.74661,0.01477594,0.04524763,88044.2118617368,1.8321040097000738e-16,1.5189715939945803
GALAXY,0.05035283,1.36e-05,17.99152,0.007005648000000001,0.1338581,17.275560000000002,0.005528584,0.09260242,14715.808790299607,1.808215239832248e-15,0.48350353347016284
GALAXY,0.4461265,5.94e-05,21.19086,0.0586405,0.06095918,19.50519,0.0230168,0.04217127,105832.49436105724,9.495418820584227e-17,2.109928081429068
GALAXY,0.6001478,0.000154172,22.57169,0.1941711,0.1046274,21.09879,0.08445632,0.07238072,131392.10246933444,2.661841092201798e-17,3.9850488756310267
GALAXY,0.6099073,0.000198847,22.57446,0.2856256,0.14604679999999998,20.67954,0.0618141,0.1010345,132860.9297504796,2.6550586876282827e-17,3.990135575751609
GALAXY,0.1318185,2.37e-05,17.79176,0.006826835,0.14065,16.73734,0.004683354,0.09730104,36933.4189411816,2.173472377789843e-15,0.4410092028365646
GALAXY,0.16388239999999998,4.320000000000001e-05,18.77784,0.01234441,0.08065568,17.579639999999998,0.007067974,0.05579723,45150.79805467464,8.764398688648451e-16,0.6944862510117727
GALAXY,0.430586,0.000102133,21.35816,0.06828351,0.09852102,19.59378,0.02376203,0.06815639,102986.32012922145,8.139432486340355e-17,2.278912509101705
GALAXY,0.6579776999999999,0.000235006,22.5809,0.2659036,0.08568005,20.88437,0.07918489999999999,0.05927306,139855.80810847602,2.6393569285570004e-17,4.001986804018484
GALAXY,0.4991784000000001,8.840000000000001e-05,21.34394,0.07074263,0.1022343,20.07567,0.0357175,0.07072525,115164.80827616248,8.246736633117298e-17,2.264037689444278
GALAXY,0.23041660000000005,3.09e-05,20.58408,0.0397616,0.06796275,19.19831,0.01913314,0.04701632,61286.9680904178,1.6604512337346505e-16,1.595554533518091
GALAXY,0.2700464,5.570000000000001e-05,19.19697,0.0216315,0.0535138,17.65437,0.009486891,0.0370206,70331.7544961123,5.957583324128574e-16,0.8423443210742334
GALAXY,0.1862523,4.41e-05,18.43106,0.01854575,0.1037743,17.34381,0.01130582,0.07179055,50712.08198390114,1.2062411088643226e-15,0.5919808422696907
GALAXY,0.5986123999999999,0.000156656,22.17998,0.209199,0.1325896,20.46638,0.06977779,0.09172489,131159.48730876265,3.818265515654518e-17,3.327297642329607
GALAXY,0.1205675,8.63e-06,18.13772,0.008818108,0.07252457,17.57113,0.007847047,0.05017216,33980.29956417251,1.5804112962190675e-15,0.5171775354900452
GALAXY,0.1222128,4.39e-06,18.0551,0.00811414,0.09305894,17.5403,0.007425931,0.06437774,34414.4307007415,1.705368061658623e-15,0.4978696496226456
GALAXY,0.514493,0.00014895,21.64572,0.1005109,0.1852686,20.24891,0.04807861,0.128168,117751.9230754291,6.245541884341923e-17,2.601594778554519
GALAXY,0.3782734,7.170000000000001e-05,20.6856,0.04744911,0.16916729999999994,18.99718,0.01682563,0.1170291,93013.19592712513,1.5122309601662586e-16,1.6719206133125526
GALAXY,0.17322739999999998,2.94e-05,18.18474,0.01139509,0.1056107,16.91723,0.006180758000000001,0.07306097,47491.01924453507,1.513429256602796e-15,0.5284983701074032
GALAXY,0.5158893,0.000163436,21.46587,0.1566847,0.07413442,19.89856,0.0622347,0.05128586,117985.48610320593,7.370723593474605e-17,2.394802221159126
GALAXY,0.1178419,1.6e-05,17.67301,0.007546316,0.08550397,17.02675,0.006553762,0.05915125,33259.39649798124,2.424678297226931e-15,0.4175395821661825
GALAXY,0.6121998000000001,0.000156259,23.71868,0.3672943,0.15044939999999998,21.35574,0.07346682,0.10408019999999997,133203.52641455323,9.255206758491335e-18,6.758209527865477
GALAXY,0.273929,0.000112132,21.63838,0.1274298,0.1694349,20.12268,0.04827097,0.1172143,71195.85241084875,6.287907223952864e-17,2.5928157269209744
GALAXY,0.6118468,0.000124532,22.42975,0.2072185,0.2256237,20.6122,0.06528401,0.1560854,133150.83316868913,3.033598669651378e-17,3.7328939526345866
GALAXY,0.3603249,5.5e-05,20.84611,0.05786033,0.5114031,18.89406,0.01701315,0.3537863,89447.49517620812,1.3044100168927576e-16,1.8001871291083988
GALAXY,0.4176773,0.000143426,21.52083,0.0957712,0.1058061,19.74006,0.03018351,0.07319614,100582.16573386542,7.006903319775403e-17,2.456188266046389
GALAXY,0.07614277,5.72e-06,18.651020000000006,0.009239937,0.08348071,17.80773,0.006778175,0.05775157,21960.306331964235,9.850315143402536e-16,0.6550880124364961
GALAXY,0.5941998000000001,0.000167075,23.42848,0.30828720000000004,0.1199521,21.21284,0.07154255,0.08298228,130488.63566189146,1.2091108690986777e-17,5.912779074311643
GALAXY,0.132269,2.5e-05,17.47006,0.005996746,0.08961407,16.35089,0.003820656,0.0619946,37050.90571574568,2.9230357379038674e-15,0.3802836487908576
GALAXY,0.5566719,0.00012793600000000002,22.39469,0.2279615,0.0988242,20.29099,0.04710948,0.06836613,124640.51943592078,3.133156766442527e-17,3.673107612904827
GALAXY,0.4589649,9.09e-05,21.54268,0.08512478,0.09258532,19.79612,0.02823809,0.06405009,108144.74937544821,6.867301662116963e-17,2.4810279239363804
GALAXY,0.04810001,1.57e-05,17.1281,0.005153387,0.06755436,16.28574,0.004037731,0.0467338,14073.60101781378,4.005143907605664e-15,0.3248745210742711
GALAXY,0.5484332,0.000112462,20.89117,0.07241011,0.04756521,19.25182,0.02877238,0.03290539,123321.74082743142,1.251382638091595e-16,1.8379329014303496
GALAXY,0.5241591,0.000109366,21.65235,0.1170414,0.09084678,19.81425,0.03735833,0.06284738,119360.94535667414,6.207519967435361e-17,2.609550178787957
GALAXY,0.5117132000000001,0.000151636,22.08174,0.1656866,0.2297539,20.42342,0.05638527,0.15894270000000002,117285.79184249157,4.179863747968843e-17,3.180121055407121
GALAXY,0.188402,2.89e-05,18.72702,0.01200452,0.2805557,17.32978,0.006100861999999999,0.1940871,51239.17416051907,9.184385942951461e-16,0.6784215773139145
GALAXY,0.5901463,0.000100295,21.89898,0.1007382,0.4457963,21.003,0.07145357,0.3083999,129869.310034467,4.9461368150020875e-17,2.9234229517427917
GALAXY,0.5366135000000001,0.000168103,22.64009,0.3200203,0.2066278,20.54128,0.07331324,0.1429441,121407.26917222692,2.4993215002946557e-17,4.1125733061664125
GALAXY,0.6511625,0.000191988,22.46531,0.15192550000000002,0.14110770000000006,21.250770000000006,0.09472122,0.09761766,138887.84329903248,2.935851775159099e-17,3.794527042616509
GALAXY,0.09304307,8.39e-06,17.74418,0.0062574530000000005,0.09798574,17.116039999999998,0.005615571999999999,0.06778608,26601.075575788785,2.2708378543472985e-15,0.43145117123301197
GALAXY,0.5758339,0.000122537,22.50497,0.1436478,0.057909,20.92433,0.05423648,0.04006118,127658.82158527653,2.830545400927333e-17,3.864467437946763
GALAXY,0.4029345,5.89e-05,21.32475,0.06611933,0.1729104,19.48009,0.02138156,0.11961860000000002,97791.30467802279,8.39379049452336e-17,2.244117809134061
GALAXY,0.4985743,0.000151731,22.2193,0.1563725,0.04477542,20.54265,0.05093119,0.03097543,115061.79583759824,3.682460738551131e-17,3.388095570371274
GALAXY,0.06166496,1.0800000000000003e-05,21.96397,0.06833763,0.06212547,22.14446,0.1272963,0.04297811,17917.71837653035,4.6587577175757844e-17,3.012240561743861
GALAXY,0.1207953,1.09e-05,18.32943,0.009625232,0.1321031,17.71659,0.008670621,0.09138834,34040.45384946596,1.3246041922144437e-15,0.5649131083165362
GALAXY,0.5566466999999999,0.000142705,22.34992,0.1200153,0.04284942,20.88393,0.05145372,0.02964303,124636.50510418476,3.265052171857205e-17,3.598153214467805
GALAXY,0.1720219,3.7e-05,18.76461,0.01200258,0.0602505,17.58517,0.0068767,0.04168102,47190.50714789395,8.871848667975097e-16,0.6902678598098151
GALAXY,0.4448844,7.75e-05,21.14047,0.1233604,0.06721110000000001,19.9746,0.0448652,0.04649632,105606.92268684407,9.946496295166219e-17,2.0615299673038754
GALAXY,0.04533074,2.55e-05,18.06101,0.008660501999999999,0.08306337,17.25696,0.006785048,0.05746286,13282.098254349592,1.6961104315958224e-15,0.49922652496871445
GALAXY,0.6552669,0.000212573,22.85983,0.1887083,0.0684666,21.09952,0.06254521,0.04736487,139471.71369328248,2.0413906684458026e-17,4.550526546656405
GALAXY,0.12120410000000002,1.04e-05,18.16809,0.009256953,0.06485272,17.48384,0.007253414,0.04486481,34148.366507435814,1.5368168911290242e-15,0.5244615477509115
GALAXY,0.09875777,2.15e-05,17.59254,0.006202893,0.1504035,16.55969,0.004303775,0.1040484,28151.341956168333,2.611211953676649e-15,0.402349672608677
GALAXY,0.1499159,1.96e-05,18.78138,0.0119589,0.1677246,17.85603,0.008333314,0.1160311,41607.375151999426,8.735869247821822e-16,0.6956193468561048
GALAXY,0.3823802,0.00010446,20.99306,0.05465442,0.1682779,19.12038,0.01734461,0.1164139,93818.54464590646,1.1392895796977096e-16,1.926227825802717
GALAXY,0.6040558000000001,0.000275648,22.65282,0.197451,0.2160205,20.98507,0.06528954,0.14944200000000002,131982.2835095475,2.4701886688260916e-17,4.136753588206944
GALAXY,0.07379179,6.76e-06,17.853479999999994,0.006389879,0.05869288,17.48305,0.006174051999999999,0.04060346,21308.06722151016,2.0533648585693347e-15,0.45372389567311766
GALAXY,0.3874454,6.97e-05,20.89544,0.04920503,0.03773388,19.11858,0.01701859,0.02610412,94806.493972525,1.2464708461739573e-16,1.8415505825358078
GALAXY,0.1150901,2.09e-05,18.29379,0.008830874,0.124656,17.33932,0.006244871999999999,0.08623642,32529.38161164908,1.3688067091136426e-15,0.5557169612789614
GALAXY,0.260228,4.4e-05,19.61982,0.02220932,0.0397963,18.09822,0.009950977,0.02753089,68129.21811512219,4.0358045460873733e-16,1.0234335557770073
GALAXY,0.03739176,1.11e-05,17.16224,0.005657326999999999,0.151149,16.60891,0.0050093690000000005,0.1045642,11000.332301867196,3.881165168956737e-15,0.3300225778313531
GALAXY,0.436444,0.000120622,21.38746,0.07784607,0.1378479,19.95587,0.03262495,0.09536254,104065.31801826908,7.922716672153802e-17,2.3098706057381273
GALAXY,0.2177284,2.97e-05,19.27102,0.01440368,0.2156281,17.89559,0.007375036999999998,0.14917049999999998,58303.07766367033,5.564807238061717e-16,0.8715647403106168
GALAXY,0.3071063,5.21e-05,20.32189,0.03672883,0.1253904,18.69487,0.01339171,0.08674448,78423.0780104046,2.113986089388471e-16,1.4140789333093193
GALAXY,0.5709099,0.000138552,21.50315,0.09171978,0.1644919,20.15643,0.04193347,0.11379469999999997,126889.69751792088,7.121936960268307e-17,2.436271317706864
GALAXY,0.2115325,1.86e-05,20.21442,0.02273845,0.1835395,19.7446,0.02031019,0.1269718,56830.20669680996,2.333942353962766e-16,1.3457972987985525
GALAXY,0.4173962000000001,0.000110502,22.08458,0.10742269999999997,0.0791699,20.422,0.03852625,0.05476937,100529.40473331235,4.168944612123698e-17,3.1842829560457937
GALAXY,0.05715487,1.7199999999999998e-05,21.18769,0.05572771,0.09039092,21.28758,0.08576905,0.06253202,16645.69145425818,9.523182896402453e-17,2.106850173407922
GALAXY,0.5239365,0.000209369,22.44658,0.1842966,0.1445017,20.23903,0.04151633,0.09996564,119324.09713703861,2.986937430354993e-17,3.761938160723538
GALAXY,0.1222702,2.85e-05,18.30776,0.009601904,0.105343,17.2669,0.006502659,0.07287578,34429.56222482287,1.3513073071458201e-15,0.5593036483865815
GALAXY,0.4518263,7.41e-05,20.79163,0.06318616,0.17437020000000006,19.05963,0.02212301,0.1206285,106863.37886515334,1.3715325696237197e-16,1.7555841542175585
GALAXY,0.17627279999999998,3.2899999999999987e-05,18.47782,0.01225346,0.09465498,17.31257,0.007275585,0.06548187,48248.380275199845,1.1553940460194125e-15,0.6048666673028108
GALAXY,0.2717718,3.79e-05,20.25418,0.02642997,0.09547028,18.56058,0.01113787,0.06604589999999999,70716.23287188713,2.2500186877590645e-16,1.3706660386416265
GALAXY,0.1955181,4.01e-05,19.12855,0.01437224,0.08213943,17.80343,0.008168342,0.05682368,52974.889946808544,6.345094947144038e-16,0.8162170307295578
GALAXY,0.5514061,0.000127539,21.59719,0.08212253,0.07435492,20.14502,0.04267026,0.05143839,123799.09171161245,6.531036714964015e-17,2.544096920526889
GALAXY,0.5098203,0.000255343,23.05286,0.27676740000000005,0.3405941,20.73045,0.06645483,0.2356214,116967.50507136827,1.708890066110492e-17,4.973563329455628
GALAXY,0.02817463,9.53e-06,13.58232,0.001690695,0.06269979,12.76406,0.001598547,0.04337543,8327.598404505783,1.0493735785574943e-13,0.06346870720862172
GALAXY,0.06185274,1.82e-05,17.67866,0.006312032,0.04732263,16.87596,0.005130871,0.03273758,17970.548963014797,2.4120934269553123e-15,0.41862740183489694
GALAXY,0.07936639,1.57e-05,17.11613,0.004830285,0.2070226,16.15532,0.003609992,0.14321729999999994,22851.992307737248,4.04954402875028e-15,0.3230886132625911
GALAXY,0.04710067,1.46e-05,16.9624,0.005828753000000001,0.1154038,15.8373,0.003701016,0.07983579,13788.236779988536,4.6654992634711985e-15,0.3010063463645233
GALAXY,0.2967792,6.459999999999997e-05,19.68757,0.0212283,0.06908564,18.03864,0.009178361,0.04779312,76203.25709249436,3.7916664448548216e-16,1.0558680590399
GALAXY,0.13686610000000002,4.01e-05,18.29625,0.01010063,0.08505245,17.512999999999998,0.008177574,0.05883889,38246.463142037064,1.365708854690198e-15,0.5563468741276207
GALAXY,0.5352471999999999,0.000173517,20.981,0.071664,0.06351794,19.38134,0.02847085,0.04394141,121184.24234212779,1.1520149768609744e-16,1.9155595262263425
GALAXY,0.5148745,0.000128225,22.37919,0.16385870000000002,0.0362006,20.42566,0.04469266,0.02504341,117815.77583205506,3.1782066000631484e-17,3.646982272564291
GALAXY,0.15728570000000006,3.58e-05,17.57408,0.007669586,0.07978347,16.67655,0.005373337,0.05519384,43484.03075594514,2.655988102043418e-15,0.3989437377215653
GALAXY,0.1865356,3.54e-05,18.18697,0.01004275,0.09070507,17.014960000000002,0.006088011999999999,0.06274935,50781.61844110687,1.5103240053575241e-15,0.5290413918496015
GALAXY,0.5243151,0.000137066,23.87053,0.4899322,0.09148049,21.09899,0.06490856,0.06328578,119386.76314622424,8.047224645255882e-18,7.247724093927158
GALAXY,0.1975781,4.22e-05,18.93847,0.01550882,0.09706546,17.57101,0.007634273,0.06714944,53474.74994422774,7.5591006005565175e-16,0.7478072171974451
GALAXY,0.14606770000000002,3.3100000000000005e-05,18.03736,0.008698639000000001,0.06205331,16.95262,0.005438162,0.04292819,40621.337563337154,1.7334611996007645e-15,0.49381883695087075
GALAXY,0.3652411,8.669999999999999e-05,20.81391,0.0629065,0.1049882,19.15625,0.02218287,0.07263037,90431.64915069385,1.3436746544460966e-16,1.7736897336520545
GALAXY,0.2173221,2.37e-05,21.88726,0.06689125,0.1014266,21.25151,0.05836369,0.07016647,58206.811589603574,4.999817188071026e-17,2.9076869833186203
GALAXY,0.02610726,1.29e-05,17.43054,0.006011284,0.1242382,16.99679,0.005966229,0.08594743,7724.625943534418,3.03139217486252e-15,0.3734252258044198
GALAXY,0.1204333,1.06e-05,16.94782,0.004338108,0.1203986,16.37941,0.003923584,0.08329122,33944.854854783676,4.728573295220295e-15,0.2989920578498905
GALAXY,0.1122099,6.94e-06,18.4812,0.009453041,0.09718382,17.63354,0.007084811,0.06723131,31762.952074577563,1.1518027874039248e-15,0.6058089041434361
GALAXY,0.5713263000000001,0.00016088700000000002,22.47485,0.1350408,0.09715962,20.74106,0.05058414,0.06721457,126954.91122227773,2.910168430667658e-17,3.8112343345242707
GALAXY,0.4954131,0.000152339,21.12831,0.09648305,0.0776923,19.2554,0.02930982,0.05374717,114521.54247639085,1.0058520959165007e-16,2.0500178957840185
GALAXY,0.2690814,7.829999999999999e-05,19.91925,0.05833375,0.1660815,18.36934,0.02331122,0.1148944,70116.38447485062,3.0630784875641293e-16,1.1747505371605367
GALAXY,0.2402084,4.38e-05,19.55741,0.019498,0.05332564,18.12759,0.009591124,0.03689043,63560.26483187103,4.2745866512620866e-16,0.9944378645212223
GALAXY,0.09138948,1.56e-05,16.50646,0.004363812,0.06732459,15.63359,0.00350007,0.04657484,26150.710059796882,7.100257924236817e-15,0.24399877854905647
GALAXY,0.2293567,6.21e-05,20.60836,0.05399588,0.06669225,19.818720000000006,0.03476747,0.04613739,61039.36465628878,1.6237311606395605e-16,1.6134951053464581
GALAXY,0.06713653,1.6100000000000002e-05,17.074170000000002,0.00502431,0.061023699999999986,16.203329999999998,0.003926997,0.04221592,19452.81986603241,4.209108541823971e-15,0.31690540929657385
GALAXY,0.1706011,2.01e-05,18.2974,0.01230339,0.07120948,17.42405,0.009059029,0.04926239,46835.802022132826,1.364263076510567e-15,0.5566415904451583
GALAXY,0.5414314,0.000113796,22.07411,0.2361488,0.1026256,20.33562,0.07659113,0.07099593,122190.8570385445,4.209341152185168e-17,3.168966529974912
GALAXY,0.570025,6.92e-05,21.98858,0.1303656,0.06119313,20.29399,0.0414087,0.04233313,126751.00452724422,4.554347087635627e-17,3.046573444830466
GALAXY,0.26537140000000004,6.45e-05,20.64968,0.038537,0.04812953,19.33794,0.01929378,0.03329578,69286.1399749264,1.5630977041541439e-16,1.6444915727879696
GALAXY,0.5083523,0.00012135,21.50949,0.08142457,0.06374275,19.8966,0.03110798,0.04409694,116720.17467266273,7.080470622578277e-17,2.44339483936048
GALAXY,0.07257297,9.800000000000001e-06,17.629720000000006,0.00741776,0.07966714,16.837770000000006,0.005707746999999999,0.05511335,20969.28381742794,2.523307190072275e-15,0.4092980280575702
GALAXY,0.5360456,0.000178499,22.62383,0.2124843,0.08916494,20.67313,0.06237984,0.06168389,121314.61208195794,2.537033052210943e-17,4.081893338856776
GALAXY,0.4635291,0.000101848,21.69201,0.0822706,0.1159892,20.29147,0.04026528,0.08024082,108958.37976039895,5.984861784800715e-17,2.657649182718795
GALAXY,0.4689603,0.000160755,21.18005,0.08301035,0.4078138,19.36185,0.02512079,0.28212370000000003,109920.87248749389,9.590431002803961e-17,2.099450561898601
GALAXY,0.385503,8.55e-05,21.19551,0.09439567,0.486461,19.36337,0.02871541,0.3365315,94428.3314676425,9.454838722721704e-17,2.114451131260724
GALAXY,0.5122241,9.6e-05,21.56674,0.1582555,0.3627053,20.1894,0.06871546,0.2509179,117371.57682504407,6.716795488584146e-17,2.508670669809704
GALAXY,0.4296572,0.000105418,21.4866,0.07522427,0.2290167,19.67513,0.0236623,0.1584327,102814.55673460929,7.231329072441867e-17,2.4177737176195317
GALAXY,0.2422794,4.15e-05,19.63104,0.02760728,0.1610186,18.08609,0.01178513,0.1113919,64037.81155137902,3.994313288858659e-16,1.0287353232539114
GALAXY,0.08307541,1.97e-05,17.160610000000002,0.006383939,0.09933244,16.277079999999998,0.004777691,0.06871773,23874.154547527374,3.886996281860176e-15,0.3297749417339113
GALAXY,0.04228042,1.28e-05,17.947210000000005,0.006622111,0.08889069,17.30777,0.005791926,0.06149416,12407.621048586892,1.8835368670524248e-15,0.4737373782760788
GALAXY,0.08925252,9.17e-06,17.13379,0.004685385,0.10416580000000003,16.567,0.004122826,0.07206144,25567.507542935098,3.9842091195414835e-15,0.32572691967336453
GALAXY,0.4552045,9.91e-05,21.65351,0.07614409,0.0942701,20.07859,0.02910631,0.06521562,107471.10719825227,6.200891397921204e-17,2.6109445722282314
GALAXY,0.08419065,2.57e-05,17.716520000000006,0.006488666999999999,0.1014396,16.79407,0.004657497,0.07017546,24180.709337603235,2.3294324720785834e-15,0.42599024325927987
GALAXY,0.5909618000000001,0.00033089199999999995,22.32511,0.3114542,0.08859115,20.37299,0.08956812,0.06128694,129994.14539201527,3.340520376475833e-17,3.557276737025896
GALAXY,0.4654479,0.000132641,21.80058,0.08971052,0.1571126,20.08493,0.03218142,0.10868980000000003,109299.1256950561,5.415344942539844e-17,2.79390511184367
GALAXY,0.1002034,1.6800000000000002e-05,18.49578,0.01050172,0.6028973000000001,17.30395,0.006408746999999999,0.4170816,28541.993918426295,1.1364389892674334e-15,0.6098901962234092
GALAXY,0.34002790000000005,0.000105273,20.91293,0.0497551,0.0455727,19.10231,0.01733176,0.03152699,85323.69294972275,1.226552452556197e-16,1.8564431412179891
GALAXY,0.116366,9.37e-06,17.306829999999998,0.00482433,0.07312413,16.96108,0.004606022,0.05058693,32868.13324818855,3.3972391885218972e-15,0.3527456381946202
GALAXY,0.02650354,1.41e-05,17.47961,0.006768963,0.08338185,16.70093,0.005086877,0.05768318,7840.304663734838,2.8974378238350075e-15,0.3819597956138743
GALAXY,0.03417153,1.5399999999999998e-05,16.78932,0.006111912,0.07110681,16.290689999999998,0.005756186999999999,0.04919136,10069.432885575176,5.4717988675472655e-15,0.27794550331001056
GALAXY,0.148677,2.53e-05,18.53105,0.008942609,0.1137919,17.43466,0.00607851,0.07872072,41290.38717647456,1.1001150985487932e-15,0.6198771851933061
GALAXY,0.13355350000000002,2.43e-05,18.07878,0.00997094,0.05789942,17.29745,0.00747455,0.04005455,37385.573017553696,1.6685765094349317e-15,0.503328650783003
GALAXY,0.6416821,0.000200295,23.24607,0.307088,0.06810166,21.25179,0.07682979,0.04711242,137528.47281402344,1.430309835944713e-17,5.436378074889222
GALAXY,0.1256994,1.89e-05,17.4365,0.005598004,0.08432364,16.561239999999998,0.004269452,0.0583347,35331.82653467062,3.0147973524107306e-15,0.37445156693290477
GALAXY,0.01332558,4.46e-06,17.26225,0.0063093080000000005,0.09582181,16.91328,0.006858719,0.06628908,3968.293478798101,3.539632102052571e-15,0.3455776541888052
GALAXY,0.1001178,1.06e-05,18.06304,0.008371228,0.1018818,17.3688,0.006707541,0.07048137,28518.87927831745,1.6929421782191621e-15,0.49969344487573775
GALAXY,0.1052962,2.35e-05,18.34412,0.008244268,0.04731175,17.62258,0.006758289000000001,0.03273005,29913.357619121463,1.3068030072160492e-15,0.5687476985391896
GALAXY,0.6049148,0.000159992,21.79835,0.08508729,0.05657648,20.35998,0.03699053,0.03913935,132111.64644434466,5.426478981704121e-17,2.7910373755100983
GALAXY,0.1867387,3.47e-05,18.50064,0.01091301,0.03395266,17.19322,0.005945813,0.02348829,50831.455997135505,1.1313634003892747e-15,0.6112567278790243
GALAXY,0.01596436,1.16e-05,15.7819,0.003142247,0.06032889,15.34249,0.003065687,0.04173524,4747.796844508843,1.3838790195332027e-14,0.1747735276911465
GALAXY,0.155968,2.2e-05,18.57371,0.01002977,0.08454666,17.66485,0.00708305,0.05848898,43149.61929829948,1.0577283023111325e-15,0.6321754877111343
GALAXY,0.450946,0.000227643,21.53272,0.07785226,0.14300770000000002,20.352220000000006,0.03912314,0.09893207,106704.61721991756,6.93058868502422e-17,2.4696741287463504
GALAXY,0.09481631,1.7800000000000002e-05,17.31997,0.005300862,0.1372328,16.45722,0.004069002,0.09493703,27083.13791336957,3.3563722766879286e-15,0.35488664163158956
GALAXY,0.6237912,0.00012751600000000002,22.05201,0.1243297,0.13648239999999998,20.73937,0.05771705,0.09441792,134921.759667481,4.295899623178068e-17,3.1368781726859547
GALAXY,0.08101347,1.33e-05,17.66391,0.007131305,0.1126698,16.987679999999994,0.005502256999999999,0.07794445,23306.408456366575,2.445085922388024e-15,0.4157934583064273
GALAXY,0.119417,1.95e-05,17.60108,0.005859889,0.09662849,16.71576,0.004457238,0.06684715,33676.26211081974,2.590753688881656e-15,0.40393515523432166
GALAXY,0.1848764,4.03e-05,18.64988,0.01240102,0.1370382,17.339029999999998,0.006711763000000001,0.09480236,50374.048814884496,9.860663197168058e-16,0.6547441884329851
GALAXY,0.7702188,0.000320326,22.364,0.2488866,0.1192135,20.80947,0.08900642,0.08247134,154743.56711285628,3.222983819462216e-17,3.6215597292476853
GALAXY,0.5838397,0.000240283,22.84644,0.1996344,0.06792668,21.03315,0.06205919,0.04699136,128899.86008617815,2.0667222983574033e-17,4.522552866709579
GALAXY,0.08836382,1.52e-05,17.92425,0.007309835,0.225495,16.9378,0.005070501,0.1559964,25324.57575512215,1.9237920478158994e-15,0.46875471839035804
GALAXY,0.5792727,0.000184516,22.68691,0.188052,0.1450266,21.08077,0.07049602,0.1003287,128193.32574267531,2.3938345190308336e-17,4.202209035908957
GALAXY,0.4040376,0.000104987,21.36488,0.07315215,0.147392,19.54594,0.02532507,0.1019651,98001.80713639206,8.08921028191298e-17,2.285975925072638
GALAXY,0.1871726,1.3699999999999998e-05,20.38946,0.02552004,0.3317126,19.74947,0.0218489,0.2294772,50937.88999603535,1.9864339321506473e-16,1.4587727843250275
GALAXY,0.05408209,7.11e-06,17.977510000000006,0.007914639000000001,0.1506003,17.55944,0.008990916,0.1041846,15775.582775495217,1.831699071220537e-15,0.4803940859944428
GALAXY,0.8340542,0.000527967,23.72653,0.5379967,0.2984703,22.04781,0.2054596,0.2064803,162391.31098162982,9.188531853131012e-18,6.782685064907886
GALAXY,0.5133656,0.000139799,21.85903,0.1165971,0.1246164,19.97578,0.03305218,0.08620902,117563.05895180436,5.131521173363647e-17,2.870130555888378
GALAXY,0.05173542,1.14e-05,15.8466,0.003043834,0.13474389999999994,14.988,0.002569124,0.0932152,15109.193287157585,1.3038214607606263e-14,0.18005933931808146
GALAXY,0.5184375,0.00015070600000000002,22.15586,0.1359659,0.07949618,20.19832,0.03826983,0.05499509,118410.74088731653,3.9040387998538435e-17,3.290543620177573
GALAXY,0.1399467,2.52e-05,17.58835,0.006656568000000001,0.06767192,16.50253,0.004636396,0.04681512,39044.23986393124,2.6213084361960262e-15,0.4015740607742834
GALAXY,0.4120088,6.809999999999999e-05,21.24513,0.06591488,0.15741570000000002,19.3806,0.02332086,0.10889949999999997,99514.83277714507,9.03246162682345e-17,2.1633244178824604
GALAXY,0.06162789,6.14e-06,18.04688,0.007977355,0.0681542,17.60697,0.00793003,0.04714876,17907.28775538813,1.7183282305163363e-15,0.4959885516581437
GALAXY,0.6766863000000001,0.000265024,21.89946,0.1602426,0.08117718,20.37134,0.06280696,0.056158000000000007,142473.8154334879,4.9439506293175736e-17,2.924069240461119
GALAXY,0.3092393,4.98e-05,19.94231,0.02278217,0.07092666,18.34424,0.0105645,0.04906673,78878.25097873072,2.998707633544214e-16,1.1872923027770428
GALAXY,0.17278020000000002,2.23e-05,18.48308,0.01016401,0.06718339,17.57464,0.00753236,0.04647716,47379.58678019755,1.1498101159068666e-15,0.6063336236378895
GALAXY,0.17365179999999994,1.7899999999999998e-05,18.56732,0.009338354,0.03742553,17.587220000000002,0.0066181880000000005,0.02589081,47596.71873280445,1.0639718191906878e-15,0.6303179170141161
GALAXY,0.1317853,3.27e-05,18.59329,0.01123201,0.07018416,17.61696,0.007920702,0.04855308,36924.758341992194,1.0388243602424252e-15,0.6379015424496939
GALAXY,0.03855046,7.29e-06,17.66844,0.006058862,0.1003591,17.14268,0.0055285080000000006,0.06942796,11334.529956003422,2.4349055814605034e-15,0.4166617679360425
GALAXY,0.5599092,0.000233127,22.39833,0.19199,0.1163382,20.78267,0.07176678,0.0804822,125155.22926382485,3.1226702463750985e-17,3.6792699403444518
GALAXY,0.465055,9.73e-05,22.11083,0.1046402,0.05797474,20.32373,0.06755019999999999,0.04010666,109229.41619931484,4.0693601251375034e-17,3.2230099946782254
GALAXY,0.16405999999999998,1.4800000000000002e-05,17.775389999999994,0.007702263000000002,0.1279124,16.91927,0.005709540999999999,0.08848921,45195.50213415472,2.20649082141182e-15,0.43769708297904253
GALAXY,0.3165031,8.669999999999999e-05,20.24721,0.03781502,0.05800246,18.52927,0.01375526,0.04012584,80419.84970103491,2.2645093865478275e-16,1.3662735231568197
GALAXY,0.5232992999999999,9.39e-05,21.53044,0.06619387,0.08991871,20.28618,0.03590762,0.06220535,119218.5644085314,6.945157919472505e-17,2.467082384138876
GALAXY,0.06823533,1.97e-05,17.42952,0.005481494,0.0743533,16.56997,0.004242491,0.05143727,19760.029126694888,3.0342413686778608e-15,0.37324985894985874
GALAXY,0.0687677,1.16e-05,18.01407,0.006855637,0.08167481,17.32505,0.005787245,0.05650225,19908.74385067316,1.7710471572654e-15,0.4885507139448138
GALAXY,0.6020014,0.000249926,22.31573,0.2005208,0.09593864,20.75346,0.06987280000000001,0.06636991,131672.3678811592,3.369505155533346e-17,3.541943688410137
GALAXY,0.5185366,0.000115177,21.91313,0.08546301,0.10374769999999997,20.28703,0.03319254,0.07177219,118427.25333761226,4.882093866466199e-17,2.9425351017255137
GALAXY,0.6758578000000001,0.000235537,22.782,0.235617,0.06645389,21.03443,0.08045618,0.04597249,142359.08112171022,2.1930984361149255e-17,4.390314704753069
GALAXY,0.6672985,0.000138151,21.5457,0.09092652,0.1047496,20.68916,0.06538069,0.07246529,141167.25407847177,6.848226647114805e-17,2.484480842332059
GALAXY,0.12021389999999997,2.09e-05,18.05905,0.007897344,0.1001631,17.05208,0.005563403000000001,0.06929234,33886.89602935298,1.6991750607979662e-15,0.4987761197408484
GALAXY,0.1299063,2.21e-05,18.424570000000006,0.008333288000000001,0.1276886,17.354770000000002,0.005695675,0.08833435,36434.08346273272,1.2134730211260842e-15,0.5902141976500831
GALAXY,0.5153456,0.000117282,21.67497,0.1329568,0.08226041,19.86828,0.04283768,0.05690737,117894.58558067535,6.079531670521815e-17,2.6368756651615852
GALAXY,0.4418692,0.000145113,22.55498,0.1727832,0.132024,21.0548,0.07370428,0.09133361,105057.97002975737,2.7031249754669292e-17,3.954500659254687
GALAXY,0.4194852,0.000105507,21.43489,0.06642868,0.164028,19.70819,0.02466298,0.1134738,100921.08165356009,7.584066374201421e-17,2.360878582137352
GALAXY,0.12677860000000002,8.28e-06,18.18661,0.008382309000000001,0.2142424,17.691679999999995,0.007870563,0.14821189999999998,35615.07558291947,1.5108248699231348e-15,0.528953691396346
GALAXY,0.4623055,0.000137811,22.2198,0.1394519,0.1782359,20.45768,0.04609156,0.1233028,108740.68622007618,3.6807652931314086e-17,3.3888757980302517
GALAXY,0.520522,9.6e-05,21.69901,0.08640896,0.1157341,20.12816,0.03416423,0.0800643,118757.66275621123,5.94640007405282e-17,2.6662302550890757
GALAXY,0.4028479,0.000111784,21.10448,0.09629413,0.1115131,19.32766,0.03141741,0.07714424,97774.76738463546,1.0281728346816291e-16,2.0276437451180422
GALAXY,0.0433957,1.83e-05,18.16672,0.01411446,0.06408133,17.68244,0.01269924,0.04433117,12727.675484126132,1.5387572962012258e-15,0.5241307649570665
GALAXY,0.4055449,0.000115757,21.50652,0.11229260000000002,0.3617212,19.55187,0.0292389,0.250237,98289.00045582569,7.099865560325069e-17,2.4400552057760287
GALAXY,0.5985507,0.000179816,22.19962,0.2097402,0.4585629,20.54692,0.071746,0.3172317,131150.13091836666,3.749817445213092e-17,3.3575280706397552
GALAXY,0.5125827000000001,0.000156822,22.30463,0.1643468,0.1327649,20.90154,0.07681043,0.09184615,117431.7583275671,3.404129907845261e-17,3.5238843935775703
GALAXY,0.475495,9.39e-05,21.78583,0.1089859,0.2523117,20.19776,0.03961507,0.1745481,111070.77678024989,5.489415764709006e-17,2.774991468646478
GALAXY,0.552345,0.000165555,22.13419,0.1728541,0.1426874,20.64894,0.07700214,0.09871051,123949.50174293116,3.982741553009687e-17,3.257869263159801
GALAXY,0.362325,0.000138261,20.92644,0.05578214,0.1024071,19.10723,0.01841321,0.07084473,89848.57254573573,1.211384814519425e-16,1.868029164212833
GALAXY,0.1455354,1.35e-05,17.93542,0.008370304,0.09130945,17.27574,0.007274343000000002,0.06316745,40484.61272097583,1.9041016317238492e-15,0.4711721933736379
GALAXY,0.063136,7.73e-06,16.34776,0.003502353,0.09010851,15.82976,0.003824454,0.06233665,18331.305165283415,8.217772709590687e-15,0.22680240332817986
GALAXY,0.1082731,2.77e-05,18.32279,0.009063,0.1412365,17.3793,0.0062682630000000005,0.09770676,30711.460636929914,1.3327298506260687e-15,0.5631883367454698
GALAXY,0.08899296,1.65e-05,17.69557,0.006146349000000001,0.0891404,16.74801,0.004498753,0.06166692,25496.579147090182,2.374816869115215e-15,0.4219001232749444
GALAXY,0.3355317,6.82e-05,21.72471,0.07382961,0.1058845,20.48784,0.03692313,0.07325042,84396.84079147536,5.807298172346418e-17,2.697973330050322
GALAXY,0.6339933000000001,0.000126176,21.63827,0.1040985,0.1177402,20.63092,0.05666424,0.08145213,136414.8880120799,6.288544307648384e-17,2.59268438631313
GALAXY,0.6461376,0.00017835599999999998,24.35842,0.9028226,0.1813044,21.11718,0.09452868,0.1254256,138169.20967870887,5.134405029862056e-18,9.073600466669088
GALAXY,0.5923670999999999,0.000199295,20.83634,0.1021421,0.1537693,19.9358,0.08481653,0.1063769,130208.98618758508,1.316200723538618e-16,1.7921058284123128
GALAXY,0.4141911,9.49e-05,20.91768,0.06426957,0.07084463,19.28303,0.02398438,0.04900999,99926.5866617985,1.2211981148268666e-16,1.8605084733520163
GALAXY,0.03882495,1.02e-05,15.43456,0.002490548,0.1066296,14.57852,0.002195137,0.07376587,11413.640915323604,1.905610447678688e-14,0.14893873205171537
GALAXY,0.299428,5.98e-05,20.62389,0.03778786,0.11665639999999998,18.99763,0.01570341,0.08070237,76775.16642068878,1.600671178679039e-16,1.6250759095198628
GALAXY,0.4477714,9.24e-05,20.70373,0.05495465,0.06644188,19.01021,0.01905698,0.04596419,106130.70830882239,1.4871888653830858e-16,1.6859382048937375
GALAXY,0.5537869000000001,0.00017218900000000006,22.61136,0.2303246,0.1171746,20.80977,0.07473646,0.08106081,124180.16808017796,2.5663395988315544e-17,4.058519643093475
GALAXY,0.1732369,2.69e-05,18.81933,0.01084163,0.1899058,17.82953,0.007241823,0.1313759,47493.38583024759,8.435797095626174e-16,0.707883276315362
GALAXY,0.3630612,6.52e-05,20.62567,0.03930611,0.11822449999999997,18.92773,0.014414700000000003,0.08178719,89995.96478676223,1.5980491233228076e-16,1.626408563347805
GALAXY,0.07143153,2.02e-05,18.32763,0.008532725,0.1424888,17.45668,0.005941079,0.0985731,20651.610790725965,1.3268020235450776e-15,0.5644450285654257
GALAXY,0.06407312,1.6e-05,16.7118,0.004898685,0.02788281,15.94099,0.00401775,0.0192892,18594.444277542527,5.87676230317172e-15,0.2681980724765074
GALAXY,0.5354253999999999,0.00015719,22.14304,0.12598130000000002,0.0721927,20.48323,0.04327926,0.04994258,121213.35102760159,3.9504095747410853e-17,3.2711740495994888
GALAXY,0.5460579000000001,0.000163575,21.9834,0.1266045,0.16421329999999998,20.40176,0.04645475,0.113602,122939.14267863525,4.5761275942322555e-17,3.0393145718098626
GALAXY,0.4793732,0.000158746,22.63769,0.1456461,0.1168178,21.10425,0.05073,0.080814,111749.03888561585,2.5048523153373024e-17,4.1080304331187305
GALAXY,0.4556588,0.000143161,21.79938,0.1587719,0.2681616,20.33829,0.06768252,0.185513,107552.64982060093,5.421333511754167e-17,2.7923615693566783
GALAXY,0.1586106,2.45e-05,18.86242,0.009124026,0.1710472,17.70242,0.006230871,0.1183297,43819.77456821107,8.107559138455821e-16,0.7220705829782156
GALAXY,0.5636644000000001,0.00011254,21.56646,0.07301883,0.1074985,20.00689,0.03253639,0.07436697,125749.83155295931,6.71852790319481e-17,2.5083472107138247
GALAXY,0.5346612,0.00014394,22.48787,0.183826,0.1256389,20.98177,0.08001953,0.08691637,121088.47708179525,2.8754785032074e-17,3.834154881184077
GALAXY,0.519996,0.000111044,20.8212,0.08093047,0.1955993,19.47506,0.04203906,0.1353147,118670.2013410636,1.334682988800025e-16,1.7796543164121617
GALAXY,0.4880991,0.000152235,22.60956,0.1772214,0.2619253,20.8082,0.05461185,0.1811987,113263.8199415447,2.5705977625974082e-17,4.055156805806717
GALAXY,0.4997395000000001,0.000115623,21.63515,0.1095091,0.07734051,19.99443,0.03796019,0.05350381,115260.42253436112,6.30664122273721e-17,2.588961858356703
GALAXY,0.2030233,3.54e-05,18.65718,0.01299047,0.05929348,17.70736,0.009509012,0.04101896,54790.42462156763,9.794586932604842e-16,0.6569489945303739
GALAXY,0.4712895,8.97e-05,21.75875,0.1187,0.03645642,20.17895,0.04392922,0.02522038,110331.75667626485,5.62805230827094e-17,2.74059999297973
GALAXY,0.6901776999999999,0.000187891,21.94689,0.1089576,0.07869608,21.10698,0.08017200000000001,0.05444159,144326.69354612907,4.7326253449533666e-17,2.98864032701315
GALAXY,0.02277333,6.7e-06,18.1995,0.008929336999999999,0.0637737,17.89131,0.01160311,0.04411835,6749.552416883534,1.4929942159061999e-15,0.5321029323581764
GALAXY,0.09476864,7.36e-06,18.44364,0.009090353,0.1374501,17.723470000000006,0.007371412,0.09508733,27070.190684293975,1.1923455225686257e-15,0.5954203206591335
GALAXY,0.03476626,1.3e-05,17.86891,0.009586332,0.06410299,17.4348,0.01025813,0.04434615,10241.589796966264,2.0243897290445054e-15,0.4569594386766065
GALAXY,0.48165,0.000209438,22.20524,0.2030824,0.100738,20.37464,0.058908400000000014,0.06969012,112145.78711505255,3.730457745993757e-17,3.366228962547994
GALAXY,0.07582674,9.39e-06,16.51069,0.003985081,0.1391761,15.72601,0.003316703,0.09628138,21872.724179625857,7.072649320254531e-15,0.2444745482410591
GALAXY,0.06238494,9.52e-06,17.16274,0.004991023,0.05293393,16.69527,0.00455549,0.03661945,18120.222862041996,3.879378237832121e-15,0.33009857708756146
GALAXY,0.14541170000000006,2.53e-05,18.34215,0.008998461999999999,0.1531732,17.2274,0.005833803,0.1059645,40452.827985206284,1.3091762714318427e-15,0.5682319540719325
GALAXY,0.1961755,1.44e-05,18.31375,0.008361351,0.06834236,17.61982,0.006991117,0.04727893,53134.53507920627,1.34387268025148e-15,0.5608486157041069
GALAXY,0.5184627,0.000146783,21.95925,0.1241835,0.04219933,20.43278,0.04441342,0.0291933,118414.93999803597,4.679054731322147e-17,3.0057001450137846
GALAXY,0.3164788,7.11e-05,20.89122,0.05253592,0.06719507,19.31818,0.01905635,0.04648523,80414.71425212323,1.251325011118345e-16,1.8379752218865935
GALAXY,0.1456689,8.75e-06,17.77046,0.006583669,0.08125395,17.102970000000006,0.005513885,0.05621111,40518.9106777645,2.2165326105492977e-15,0.4367044850855592
GALAXY,0.3384688,9.41e-05,22.04068,0.08128918,0.06830462,20.3821,0.02945595,0.04725282,85002.85058849663,4.340963410193275e-17,3.1205536407014063
GALAXY,0.5785099,0.00015130299999999998,23.05014,0.2697367,0.09659228,20.94811,0.06813509,0.0668221,128074.94750121633,1.7131765660588868e-17,4.96733731293031
GALAXY,0.12430439999999998,3.2e-06,17.54437,0.005316261,0.1166659,17.12036,0.005129311,0.08070896,34965.19443650076,2.729669864683285e-15,0.39352257584120165
GALAXY,0.1858092,4.06e-05,19.09844,0.02358411,0.1070138,17.738310000000006,0.01215321,0.07403164,50603.27777636081,6.523521907774007e-16,0.8049773345646946
GALAXY,0.15310829999999995,3.2899999999999987e-05,18.68407,0.01101013,0.1714025,17.50442,0.006707989,0.1185754,42422.181942826755,9.554987543199095e-16,0.6651347716151079
GALAXY,0.5520279,0.00016913,22.33904,0.1101408,0.1244644,20.88728,0.05264011,0.08610389,123898.72149953777,3.297935254026934e-17,3.580170026394403
GALAXY,0.07284077,7.46e-06,17.19473,0.0049122670000000005,0.15130339999999998,16.75893,0.004687912,0.104671,21043.75918366257,3.766744173834727e-15,0.33499756653537766
GALAXY,0.13466570000000005,2.67e-05,18.47457,0.009322174,0.2680099,17.37347,0.005960958000000001,0.185408,37674.9662985549,1.1588577385124449e-15,0.6039620523999377
GALAXY,0.123246,2.64e-05,18.68056,0.01002154,0.06325664,17.65982,0.007063997,0.04376065,34686.652556057415,9.585927172846508e-16,0.6640605064322617
GALAXY,0.1742112,2.77e-05,18.71121,0.01206354,0.08515681,17.415689999999998,0.006239636999999999,0.05891109,47735.963906621495,9.31910328699904e-16,0.6735000809812987
GALAXY,0.08398762,1.39e-05,17.79605,0.006930891,0.4029202,16.723779999999998,0.0045544470000000005,0.2787383,24124.92813863339,2.164901419533667e-15,0.4418813297713457
GALAXY,0.3341607,8.209999999999999e-05,20.82206,0.05542708,0.3517685,19.06418,0.02007914,0.2433518,84113.24934685019,1.3336262193062353e-16,1.7803592785471203
GALAXY,0.4870299,0.000154543,22.67983,0.1961102,0.1072744,20.74245,0.05469168,0.07421196,113079.0484001814,2.409495531393454e-17,4.188530211121329
GALAXY,0.01813332,6.7e-06,18.23309,0.008838476999999999,0.1566576,17.89525,0.008758754,0.108375,5386.952059907305,1.4475118415150048e-15,0.5403978995078669
GALAXY,0.08268311,1.51e-05,17.54073,0.007270715,0.1083469,16.850279999999998,0.006133466,0.0749539,23766.23291700778,2.738836614789764e-15,0.3928634736262141
GALAXY,0.5531523,0.000232718,21.59871,0.09807891,0.117603,20.30501,0.0516819,0.08135719,124078.69687826223,6.521899845324686e-17,2.5458783758427996
GALAXY,0.4242501,0.00014503200000000002,21.65854,0.09739805,0.07508200000000001,19.60993,0.026414,0.05194138,101810.87536500352,6.172230342516127e-17,2.6169995760109415
GALAXY,0.5487231,0.000235538,21.53738,0.13940539999999998,0.09366318,20.03717,0.05592524,0.06479575,123368.36285844643,6.900906213812234e-17,2.4749797633455066
GALAXY,0.407895,0.000113603,21.713520000000006,0.100612,0.2156743,19.7554,0.02563587,0.14920250000000002,98735.76050837418,5.867459832755456e-17,2.684105934491644
GALAXY,0.5757216,0.000306206,22.76359,0.1559503,0.117969,21.36988,0.07342038,0.08161037,127641.32998139791,2.2306021948762415e-17,4.353250436891572
GALAXY,0.1043563,2.4e-05,18.39144,0.008709013,0.06883133,17.51483,0.006083723,0.0476172,29660.835391365876,1.2510714839610997e-15,0.5812776868471553
GALAXY,0.08912341,1.62e-05,18.13964,0.008861196,0.08726822,17.45349,0.007134962,0.06037175,25532.228904668398,1.577618989698272e-15,0.5176350223024047
GALAXY,0.03423463,1.25e-05,16.50444,0.003850275,0.1210392,15.7012,0.003203043,0.08373437,10087.703498506527,7.113480170369582e-15,0.24377190559718198
GALAXY,0.1145201,1.32e-05,18.15884,0.008064745,0.16787670000000002,17.442339999999998,0.006332478000000001,0.1161363,32377.89399986111,1.5499658343914782e-15,0.5222322072925026
GALAXY,0.4609105,8.63e-05,21.59595,0.08283445,0.3022512,19.7175,0.02420563,0.209096,108492.114776236,6.538499956790373e-17,2.542644551335807
GALAXY,0.4057966,0.000102062,21.28921,0.08648666,0.220153,19.35012,0.02280315,0.1523009,98336.90843570996,8.673095434952627e-17,2.207687772548268
GALAXY,0.6621881,0.000206599,21.61692,0.33982870000000004,0.3541341,20.05703,0.1247725,0.2449884,140449.9798486466,6.41342654813233e-17,2.56731792038343
GALAXY,0.6202333999999999,0.000310755,22.86019,0.4910239000000001,0.1424779,20.41743,0.08396525,0.09856559,134396.8526068718,2.0407139121448092e-17,4.551281023366171
GALAXY,0.5614182,0.000221936,22.0799,0.1454448,0.1999781,20.78143,0.06892155,0.1383439,125394.48157317334,4.186953379761082e-17,3.177427516999257
GALAXY,0.1677386,3.2e-05,20.89002,0.03489595,0.14830870000000002,19.94626,0.02410622,0.1025993,46119.4561553696,1.2527087911948246e-16,1.8369597998405782
GALAXY,0.6061833999999999,0.000318438,22.56013,0.2002991,0.07016593,20.6142,0.05268975,0.04854047,132302.45588168755,2.6903335353682142e-17,3.9638905311538535
GALAXY,0.3477882,8.49e-05,20.89297,0.05763765,0.06508365,19.1254,0.01854203,0.04502457,86911.97366865598,1.249309738050894e-16,1.839457051934865
GALAXY,0.6171882,0.00017272599999999995,22.03567,0.14701860000000005,0.1489934,20.699,0.06582296,0.1030729,133945.83345352017,4.3610405533838084e-17,3.113362228893568
GALAXY,0.2209318,3.03e-05,20.9388,0.05024499,0.2225025,19.69034,0.02593113,0.1539262,59060.50945803017,1.1976726308735126e-16,1.8786922865943654
GALAXY,0.07618237,1.95e-05,17.25739,0.008258696999999999,0.09555101,16.66046,0.00718766,0.06610174,21971.278696267975,3.555511807303542e-15,0.344805077328081
GALAXY,0.7522962,0.000255055,23.2562,1.043656,0.129225,20.20451,0.1003256,0.08939722,152493.91150529805,1.4170269994777126e-17,5.461798228804137
GALAXY,0.2217917,3.82e-05,19.48715,0.02545513,0.13590479999999994,18.10498,0.01298544,0.09401828,59263.3584796708,4.56034947299423e-16,0.9627768792061276
GALAXY,0.4584361,0.0001098,21.61312,0.08398497,0.2310123,19.874,0.03120456,0.15981320000000002,108050.2000698168,6.435912414404902e-17,2.562829133479147
GALAXY,0.4845398,0.000164827,22.08876,0.12832839999999998,0.1979866,20.2469,0.04472433,0.1369662,112647.82243439188,4.152925355628747e-17,3.1904184804161564
GALAXY,0.5468505,0.000170913,22.11838,0.1585489,0.1184633,20.47062,0.06281189,0.08195235,123066.92857521297,4.041160740463462e-17,3.2342355932310576
GALAXY,0.3055983,6.74e-05,20.85279,0.0603746,0.2551607,19.12368,0.02529859,0.176519,78100.5939476015,1.2964092622411962e-16,1.8057334880262548
GALAXY,0.2814268,6.409999999999999e-05,20.70446,0.05833587,0.3540091,19.00035,0.02435407,0.2449018,72853.58017758325,1.486189282815554e-16,1.6865050745348213
GALAXY,0.367635,6.74e-05,21.08764,0.08073143,0.4643397,19.34932,0.033249400000000005,0.3212281,90908.82126559017,1.0442443285001107e-16,2.011979967378365
GALAXY,0.4895002000000001,0.000144295,22.36614,0.2205822,0.16639189999999998,20.45717,0.06256944,0.11510919999999998,113505.59552254414,3.2166375333324806e-17,3.6251305588593112
GALAXY,0.5323869999999999,0.000127447,22.34823,0.1791421,0.2429467,20.34303,0.0559071,0.1680694,120716.1961389996,3.270138338130163e-17,3.5953539556675107
GALAXY,0.04292487,1.44e-05,17.189220000000002,0.005282952,0.2517505,16.280820000000002,0.004103101,0.1741598,12592.605578362749,3.785908602219306e-15,0.3341486049252006
GALAXY,0.5696493,0.000147778,21.47743,0.1384521,0.3818223,19.56902,0.04523565,0.2641429,126692.07631382976,7.292662668938028e-17,2.4075851297565722
GALAXY,0.17587370000000002,3.1e-05,19.00742,0.01529763,0.2791101,17.66799,0.008663035999999999,0.1930871,48149.27548128333,7.093982702845775e-16,0.7719330798760103
GALAXY,0.235368,5.05e-05,19.79693,0.02548721,0.202989,18.26976,0.01148212,0.1404268,62439.691539135456,3.4283576777553535e-16,1.110405622824962
GALAXY,0.1113746,1.57e-05,17.63859,0.007613631,0.1942676,16.5815,0.005316959,0.1343934,31540.225841952495,2.502776826857612e-15,0.4109733422143933
GALAXY,0.7517206999999999,0.000227414,21.67497,0.2356408,0.04496195,19.70485,0.06724359,0.03110447,152420.9030855005,6.079531670521815e-17,2.6368756651615852
GALAXY,0.482779,0.00011381,22.05575,0.1080651,0.05056036,20.1795,0.03395212,0.03497742,112342.12828250226,4.28112713598479e-17,3.1422855788594175
GALAXY,0.891007,5.56e-05,21.71461,0.05327244,0.08566052,21.56152,0.06889959,0.05925955,168761.6363760094,5.861572286646068e-17,2.685453596046012
GALAXY,0.552962,0.000277535,21.68254,0.1242135,0.05471089,20.32785,0.05535922,0.03784874,124048.25353744371,6.037291217781416e-17,2.646084155484837
GALAXY,0.6246724,0.000121345,22.18715,0.1732404,0.1219862,20.38715,0.05067291,0.08438952,135051.43191514487,3.7931334752037735e-17,3.3383022278444954
GALAXY,0.6793986,0.00022631900000000005,23.2407,0.32775370000000004,0.1250444,21.35008,0.09528843,0.08650516,142848.65405256662,1.437401604172264e-17,5.422950649959085
GALAXY,0.4723536,0.000166385,22.29673,0.1186094,0.05482324,20.6005,0.04159148,0.03792647,110519.09452902905,3.42898926274728e-17,3.5110874967827184
GALAXY,0.08403149,1.06e-05,18.11925,0.00976479,0.05725152,17.63544,0.009279064,0.03960633,24136.982168982457,1.6075264416042543e-15,0.5127972084032123
GALAXY,0.6058291,7.65e-05,21.85884,0.1558562,0.09301393,20.38066,0.06734359,0.0643466,132249.19436375523,5.1324192500174965e-17,2.8698794355211814
GALAXY,0.05910274,1.42e-05,16.0365,0.003438312,0.2395573,15.15183,0.002746047,0.1657246,17195.81016376722,1.0946067582393366e-14,0.19651497582860578
GALAXY,0.4886735,8.43e-05,21.709,0.09580882,0.04060101,19.99919,0.03674235,0.02808759,113362.98746727867,5.891937416983444e-17,2.6785246796900704
GALAXY,0.4785003,6.6e-05,22.04845,0.1270904,0.1841144,20.52269,0.05021427,0.1273695,111596.64712638424,4.3100084855723285e-17,3.131739660589219
GALAXY,0.6784671999999999,0.000112392,21.48578,0.06723539999999999,0.06383313,20.47939,0.04112849,0.04415946,142720.0682866534,7.236792581506239e-17,2.4168608807107628
GALAXY,0.5536023,0.000180458,22.0297,0.1823852,0.06845853,20.10395,0.05050432,0.0473593,124150.65874445153,4.3850861016240656e-17,3.104814459351706
GALAXY,0.5097178,0.000111623,21.67533,0.08206972,0.07813068,19.98702,0.02823322,0.05405045,116950.24964841355,6.077516200661631e-17,2.6373128588040164
GALAXY,0.3868623,6.69e-05,21.58583,0.0749732,0.07576783,19.5787,0.02307682,0.05241583,94693.06200212386,6.599729340737761e-17,2.5308222985257682
GALAXY,0.6149018,0.000200207,22.76748,0.2606051,0.2149007,20.57675,0.05968395,0.14866729999999995,133606.14024797294,2.2226246429660714e-17,4.36105588778952
GALAXY,0.4611082,0.000122971,20.95452,0.08851396,0.03983266,19.17102,0.02639524,0.02755605,108527.36731685024,1.1804568732249222e-16,1.892342103524224
GALAXY,0.07548842,7.72e-06,17.2093,0.005193574,0.05201196,16.49308,0.004250178,0.03598163,21778.932066170706,3.7165341282468195e-15,0.33725286852522723
GALAXY,0.03299355,1.02e-05,20.81468,0.03767578,0.135579,20.93815,0.05578367,0.09379295,9728.130194982597,1.3427220633024535e-16,1.7743187921941537
GALAXY,0.1396483,2.97e-05,18.17025,0.009718444,0.1420013,17.08103,0.006308362,0.09823585,38967.082566660916,1.5337625353174832e-15,0.5249834979958166
GALAXY,0.1116223,8.97e-06,17.81619,0.007863485,0.04132773,17.32173,0.007130711,0.02859033,31606.294255344084,2.125113475542452e-15,0.44599876105097813
GALAXY,0.3404015,0.000125362,21.32464,0.06408794,0.1535329,19.19411,0.01716877,0.1062134,85400.48797855573,8.394640943945843e-17,2.2440041320246378
GALAXY,0.5735432,0.00012881,21.7982,0.09676197,0.07175786,20.23258,0.03754206,0.04964176,127301.5700664053,5.427228729270315e-17,2.790844584137304
GALAXY,0.4361395000000001,0.000133237,21.79675,0.09988795,0.05270301,20.30447,0.04019063,0.0364597,104009.4149835411,5.434481631777221e-17,2.7889816206336415
GALAXY,0.4408057,0.00014018,22.04458,0.09920079,0.1314015,20.41744,0.0327819,0.09090296,104863.88106323284,4.325398499049722e-17,3.12616324209156
GALAXY,0.3584095,6.759999999999999e-05,20.53952,0.04779787,0.09924752,18.85172,0.01710916,0.06865897,89062.51893778032,1.7300160218963526e-16,1.5631463910937144
GALAXY,0.0589919,1.32e-05,16.92751,0.004471214,0.07451887,16.07535,0.003557762,0.05155181,17164.536896984893,4.8178594378158964e-15,0.29620859234798796
GALAXY,0.5439364000000001,0.000230116,22.68378,0.16837570000000002,0.2303841,21.2362,0.06844548,0.1593787,122596.5193065431,2.4007455094860684e-17,4.196156258377773
GALAXY,0.5735056,0.000113686,22.11516,0.1661769,0.1843274,20.34135,0.04994746,0.1275168,127295.69804373525,4.0531635201908675e-17,3.2294432132192865
GALAXY,0.4556725,0.00018611,22.04691,0.1028078,0.2500524,20.62265,0.04471544,0.1729851,107555.10816425525,4.3161261064946293e-17,3.1295194300780595
GALAXY,0.4897258,0.000130656,22.37041,0.1475467,0.3169895,20.42071,0.04386035,0.2192919,113544.48800121713,3.204011935248251e-17,3.632266056742474
GALAXY,0.7188804,3.28e-05,22.06963,0.07845408,0.3900255,21.86995,0.0817697,0.2698178,148173.45157691522,4.226745755420422e-17,3.1624353232883156
GALAXY,0.32822470000000004,4.93e-05,20.63557,0.04567108,0.342252,18.99844,0.01699245,0.2367683,82880.12565402707,1.5835439639687187e-16,1.633840481315953
GALAXY,0.3112114,3.15e-05,20.41227,0.03389623,0.2313806,19.04145,0.01608141,0.1600681,79298.08283516711,1.9451366874245367e-16,1.4741770719345098
GALAXY,0.3618988,8.41e-05,21.33571,0.05779739,0.09991118,19.59328,0.02035134,0.0691181,89763.18616869778,8.309485325525696e-17,2.255473102316998
GALAXY,0.07747029999999999,5.87e-06,18.08589,0.006246458000000001,0.08932064,17.43487,0.005515851,0.06179161,22327.885901242003,1.6576854486489928e-15,0.5049793887165205
GALAXY,0.4269159000000001,0.000102421,21.14822,0.08221392,0.1048474,19.40997,0.02803885,0.07253294,102306.50853362442,9.875750858796757e-17,2.0689007272923243
GALAXY,0.4582693000000001,7.25e-05,22.0099,0.09457061,0.06214194,20.17191,0.03167693,0.0429895,108020.36403117032,4.4657882346251115e-17,3.0766327045855366
GALAXY,0.1893741,4.81e-05,19.71284,0.02070487,0.10396660000000002,18.4468,0.01168924,0.0719236,51477.10693901524,3.7044362486022883e-16,1.068227249620419
GALAXY,0.03012824,6.6e-06,16.969820000000002,0.006041755,0.06287247,16.59007,0.01056314,0.04349488,8896.216612239465,4.633723605243787e-15,0.30203665526890955
GALAXY,0.6100566999999999,0.000295897,23.2016,0.2645554,0.08672286,21.65513,0.1093335,0.05999447,132883.28448368367,1.4901092999372717e-17,5.3261777042192
GALAXY,0.02674099,1.73e-05,16.43323,0.003577932,0.03036876,15.87394,0.003323127,0.02100897,7909.596557009042,7.595670647153066e-15,0.23590744786946546
GALAXY,0.4235597,6.02e-05,21.19222,0.06847429,0.03254836,19.38645,0.02373849,0.0225168,101682.2600493736,9.483532245391457e-17,2.111249949924796
GALAXY,0.5760214,0.000281616,22.16035,0.1110528,0.08798809,20.75511,0.04648797,0.06086975,127688.02103418553,3.887927207847944e-17,3.297354586847234
GALAXY,0.04542377,1.16e-05,17.65987,0.006555953000000001,0.163237,16.71428,0.004718178,0.1129266,13308.724851149298,2.454200980061236e-15,0.4150205984242794
GALAXY,0.2969142,6.579999999999999e-05,19.57163,0.02346884,0.08071914,17.96734,0.01024763,0.05584113,76232.44793643542,4.218966968732658e-16,1.0009713617170664
GALAXY,0.619873,0.000176514,23.49752,0.4658707,0.07405365,21.003120000000006,0.08461445,0.05122996,134343.55825252656,1.1346191916169215e-17,6.103790968530103
GALAXY,0.3851821,4.370000000000001e-05,21.36793,0.06797316,0.06838555,19.61893,0.02456845,0.04730881,94365.77278015287,8.066518333510915e-17,2.289189010050567
GALAXY,0.6370166,0.000101046,21.37134,0.04991561,0.07506914,19.8995,0.02253008,0.05193248,136853.95275468644,8.041223352208582e-17,2.2927866919424518
GALAXY,0.5938113,0.000138213,22.53545,0.2273851,0.04883638,20.3854,0.05659967,0.03378478,130429.40513634938,2.752188179215519e-17,3.9190937478988017
GALAXY,0.506289,0.000133399,21.661620000000006,0.09395467,0.08749599,20.23648,0.04017561,0.06052932,116371.82282735572,6.154745864661104e-17,2.6207141420990245
GALAXY,0.1106863,2.7300000000000006e-05,18.51035,0.009820765,0.07258549,17.52485,0.00644631,0.05021431,31356.543675526125,1.1212904549296465e-15,0.6139961561184556
GALAXY,0.6424995,0.000200425,22.76881,0.2330295,0.05297464,20.77099,0.06391636,0.03664761,137646.27137243643,2.2199036496601068e-17,4.36372779876789
GALAXY,0.684854,0.00016543099999999998,23.23132,0.3067871,0.07322174,21.11514,0.07457133,0.05065446,143599.0171447883,1.4498735436363187e-17,5.399575924824207
GALAXY,0.4881392,0.000143748,22.1531,0.11981889999999998,0.04944795,20.64248,0.04905182,0.03420786,113270.7452048325,3.91397570179664e-17,3.286363907312577
GALAXY,0.4565520000000001,7.85e-05,21.80481,0.1666295,0.05258983,20.11377,0.05074676,0.0363814,107712.84351741346,5.3942879449573493e-17,2.799352907043499
GALAXY,0.6433675,0.00016145,21.63007,0.1108482,0.05906013,20.78678,0.07757173,0.04085752,137771.23903363722,6.336218208593725e-17,2.5829122515597915
GALAXY,0.5488795999999999,6.890000000000001e-05,20.95098,0.05231963,0.1955433,19.93126,0.03386581,0.1352759,123393.5247456185,1.1843119875309523e-16,1.8892596634178098
GALAXY,0.3630464000000001,7.58e-05,20.90371,0.05649837,0.1252891,19.13078,0.01970848,0.08667438,89993.00298088444,1.2370126054173454e-16,1.8485774556047883
GALAXY,0.5722168000000001,0.000134862,21.76534,0.1111204,0.06714529,20.22855,0.04245584,0.0464508,127094.26813718014,5.593995661380629e-17,2.7489298187549984
GALAXY,0.494519,0.000126354,21.79415,0.11833699999999997,0.08103271,20.4563,0.05832124,0.05605805,114368.37374598907,5.447511116979102e-17,2.785644247922128
GALAXY,0.08617017,1.19e-05,17.59583,0.00779454,0.03490374,16.93309,0.006384282,0.02414625,24723.934350952768,2.603311430174495e-15,0.4029597350328413
GALAXY,0.04374098,1.01e-05,17.260379999999998,0.005105406,0.2458992,16.375020000000006,0.003923213,0.17011189999999998,12826.686069902502,3.5457337825855076e-15,0.3452801822824845
GALAXY,0.5156953,0.0001545,22.43659,0.1799883,0.3832193,20.432170000000006,0.04469671,0.2651093,117953.05817175221,3.0145474569802485e-17,3.7446708697325835
GALAXY,0.1495528,2.37e-05,18.406370000000006,0.01065497,0.2307947,17.17331,0.006094689,0.15966270000000002,41514.51668380081,1.2339856951222907e-15,0.5852880435218764
GALAXY,0.3315023,9.02e-05,20.99052,0.05935717,0.08276485,19.1182,0.01783725,0.05725634,83562.06116099605,1.1419579839305006e-16,1.9239760088829645
GALAXY,0.5683165,0.000217921,21.78144,0.1247173,0.0500742,20.23881,0.04495891,0.0346411,126482.81775127322,5.511656268534213e-17,2.7693870195256016
GALAXY,0.03039254,7.44e-06,17.59039,0.005930253000000001,0.13942100000000002,17.2965,0.005741613,0.09645082,8973.05618648827,2.616387859147789e-15,0.40195149868543606
GALAXY,0.6526954,0.000136599,22.5758,0.1885857,0.08568825,20.88269,0.07455945,0.05927873,139106.2327386744,2.651783873682505e-17,3.992598619591243
GALAXY,0.4651029,0.00017282700000000002,22.53604,0.1937892,0.1217281,20.69408,0.05641180000000001,0.08421092,109237.9164908171,2.7506930186909566e-17,3.9201587301001224
GALAXY,0.340977,9.29e-05,20.53071,0.05850319,0.1303711,18.84298,0.02098472,0.0901901,85518.71866626843,1.744111016213025e-16,1.5568173117102282
GALAXY,0.6724557,0.000206206,22.90078,0.2280331,0.1254663,21.23324,0.08021076,0.08679703,141886.78210419082,1.965830754884679e-17,4.63715542236862
GALAXY,0.5083037,0.00011028,22.32535,0.1513185,0.1067983,20.57744,0.04792868,0.07388257,116711.97916242067,3.3397820421700834e-17,3.557669923508325
GALAXY,0.008761185999999999,1.2e-05,21.10424,0.06024288,0.1224316,19.75509,0.02707882,0.08469763,2615.032131941222,1.0284001355253667e-16,2.0274196540334555
GALAXY,0.2152795,3.3e-05,19.67025,0.02142339,0.1241377,18.28791,0.009832461,0.08587788,57722.17497473678,3.8526373016217066e-16,1.0474797895315948
GALAXY,0.5054945,0.000137374,22.06599,0.14772190000000002,0.10192489999999997,20.23202,0.04411828,0.07051116,116237.45931079352,4.240939970847261e-17,3.1571386306605196
GALAXY,0.5590685000000001,0.000136754,22.23,0.1563354,0.119478,20.97817,0.07835541,0.08265431,125021.75175554612,3.646348090078679e-17,3.4048317201428007
GALAXY,0.6248845000000001,0.000158403,22.98162,0.3042492,0.1697724,20.67641,0.06806738,0.1174478,135082.62335432522,1.8247783734092585e-17,4.813042008920099
GALAXY,0.7257418999999999,0.00021180000000000005,22.17868,0.1820772,0.0763066,20.7774,0.08467323,0.05278855,149074.25356457316,3.822840031997271e-17,3.3253062781289016
GALAXY,0.07520367,8.07e-06,17.746589999999994,0.007257492,0.06519361,17.19502,0.006913356999999999,0.04510064,21699.96491633646,2.2658028837707225e-15,0.4319302814160785
GALAXY,0.6180173000000001,0.000213418,22.33217,0.1611008,0.07306732,21.01955,0.08067132,0.05054763,134068.78932276915,3.318869111683933e-17,3.5688611552716374
GALAXY,0.07689465,6.37e-06,18.13878,0.008619855,0.043962400000000006,17.83212,0.009204639,0.03041299,22168.558132528306,1.5788690998093498e-15,0.5174300563189358
GALAXY,0.4526843,0.000128993,21.55317,0.09086497,0.08265101,19.8877,0.03336048,0.05717759,107017.96011948446,6.801271709959582e-17,2.4930423283666885
GALAXY,0.5863906,0.000219588,22.66616,0.1870392,0.07759137,20.88161,0.05615118,0.05367735,129292.84889881447,2.4400241524633175e-17,4.162245115071009
GALAXY,0.7027401,0.000223422,21.35224,0.1952465,0.14443270000000002,20.50447,0.13682220000000006,0.09991787,146026.0771222553,8.183934129802797e-17,2.272708060690185
GALAXY,0.03529663,8.32e-06,14.77135,0.0021726510000000003,0.1334194,13.89224,0.001871888,0.09229894,10395.027233599636,3.5100889745553137e-14,0.10974017597507617
GALAXY,0.5759039,0.000150584,22.3179,0.1635215,0.05643895,20.62771,0.06034584,0.03904421,127669.72346540749,3.362777440133646e-17,3.5454849995743114
GALAXY,0.5470156,0.000138889,22.47574,0.9336994,0.171514,19.89572,0.1456639,0.1186526,123093.53160438522,2.907783884012848e-17,3.8127967277466523
GALAXY,0.1567271,2.32e-05,18.62782,0.01048724,0.06320966,17.63955,0.007212336,0.04372815,43342.326856671665,1.0063061461349435e-15,0.6481263111096958
GALAXY,0.1146992,1.91e-05,18.1743,0.00930448,0.1117348,17.10565,0.005934613,0.07729764,32425.503154228347,1.5280519703041212e-15,0.5259635551940872
GALAXY,0.4576179,0.000274703,24.16186,0.74575,0.08703106,21.94124,0.1430506,0.06020768,107903.7898122962,6.153385519713936e-18,8.288341796014247
GALAXY,0.5841132,0.000227928,22.72039,0.2345024,0.07514241,21.12831,0.08979172,0.05198317,128942.05155223668,2.321144219066093e-17,4.267501203636963
GALAXY,0.13182629999999998,1.83e-05,18.54003,0.008632204000000001,0.08161158,17.62239,0.006606931,0.05645851,36935.45361433461,1.0910536969263894e-15,0.6224459597015969
GALAXY,0.6679622,0.000197599,22.743,0.2045484,0.1261171,21.14899,0.08191755,0.08724725,141260.0953395018,2.2733071883342694e-17,4.312167800077407
GALAXY,0.366034,0.000102602,20.51883,0.03603364,0.07441144,18.78005,0.01527133,0.05147749,90589.8452083644,1.7632996658131421e-16,1.5483233104926262
GALAXY,0.5623739999999999,0.000149839,22.53417,0.1539816,0.06906919,20.87165,0.0628866,0.04778175,125545.80436719274,2.7554347120535236e-17,3.916784272647831
GALAXY,0.5876126,0.000154205,22.82248,0.2372131,0.1175614,20.61484,0.05065055,0.08132846,129480.69228424353,2.1128376401021017e-17,4.4729253718013915
GALAXY,0.5892126999999999,0.000222153,22.85821,0.17803770000000002,0.06879726,21.30038,0.07096802,0.04759363,129726.24935318246,2.0444388502063437e-17,4.5471329489218375
GALAXY,0.6977553000000001,0.000223425,23.16106,0.2793122,0.06497233,21.11684,0.08227193,0.04494755,145354.71929279994,1.5467998639536342e-17,5.227663832412151
GALAXY,0.09821308,1.63e-05,17.70345,0.006992473000000001,0.05213753,16.77732,0.005280216,0.0360685,28003.992164406027,2.357643441816552e-15,0.4234339270150026
GALAXY,0.482986,0.000171397,21.99988,0.1185532,0.08778308,20.18534,0.03752035,0.06072792,112378.09869794178,4.507192689195574e-17,3.062468654836742
GALAXY,0.03390867,2.21e-05,17.1807,0.004877183,0.03805572,16.61167,0.004594351,0.02632677,9993.308938483508,3.815734293228249e-15,0.3328401064828615
GALAXY,0.3413582000000001,7.8e-05,20.34503,0.0379367,0.0691898,18.63581,0.01524713,0.04786518,85596.98851086802,2.0694080073196049e-16,1.4292284488918199
GALAXY,0.03336371,1.18e-05,16.73281,0.004111789,0.05959105,15.92809,0.003317449,0.04122481,9835.423388086903,5.764134754025959e-15,0.27080560709550716
GALAXY,0.5652516,0.000183686,22.15899,0.1750597,0.0549362,20.63861,0.07758515,0.03800461,126000.36199797719,3.89280030132243e-17,3.295290089866309
GALAXY,0.6071445,0.000186593,23.31877,0.3111699,0.0402231,21.12658,0.07391277,0.02782615,132446.82562807834,1.3376735050695108e-17,5.621466828274098
GALAXY,0.13157670000000002,2.8300000000000007e-05,18.63129,0.01243638,0.06436632,17.586129999999994,0.007817946999999999,0.04452832,36870.33540439733,1.0030951375636096e-15,0.6491628410652186
GALAXY,0.5574266,0.000111521,21.15276,0.06535898,0.04650408,20.14188,0.04474612,0.03217131,124760.68715886652,9.834541678637632e-17,2.0732308007956655
GALAXY,0.1104258,2.84e-05,17.91402,0.01189248,0.07502595,17.2805,0.008178229,0.05190261,31286.989811524152,1.9420040228139296e-15,0.4665515668422649
GALAXY,0.5390486,0.000120758,21.99151,0.1349722,0.1288742,20.51013,0.05092116,0.08915458,121803.87187433576,4.542073160030602e-17,3.0506870062860476
GALAXY,0.08291180000000001,1.62e-05,16.42938,0.00369815,0.06628346,15.48529,0.002908626,0.04585459,23829.150985908076,7.622652561684534e-15,0.23548955676836772
GALAXY,0.5293553000000001,0.00012246700000000002,21.98768,0.109845,0.1655017,20.20185,0.03756475,0.1144933,120218.3606282959,4.558123890589636e-17,3.045311007439013
GALAXY,0.1742592,5.44e-05,18.31581,0.01128427,0.06666834,17.05187,0.00609341,0.04612085,47747.90793514762,1.341325327491053e-15,0.5613809256408268
GALAXY,0.4725921,0.00012425,21.72529,0.1163984,0.1510777,19.849970000000006,0.03576632,0.1045149,110561.05087856948,5.804196743628462e-17,2.698694054626603
GALAXY,0.5817165,0.000185761,22.85713,0.25978110000000004,0.08031236,20.87754,0.07070561,0.05555972,128571.86337573899,2.046473499577942e-17,4.544871956552681
GALAXY,0.4405441,0.000114668,21.48584,0.06631304,0.09764418,19.93663,0.02572324,0.06754979,104816.1016855459,7.236392672618913e-17,2.4169276619674145
GALAXY,0.1101283,1.57e-05,18.57479,0.01336373,0.09735064,17.563760000000002,0.008535044,0.06734672,31207.5327686308,1.0566766853583293e-15,0.6324899836897551
GALAXY,0.1874277,2.95e-05,18.91535,0.01293654,0.09427572,17.63489,0.007123593,0.06521951,51000.440719477505,7.721792466562207e-16,0.7398874353728715
GALAXY,0.06399573,1.5399999999999998e-05,16.65865,0.00466784,0.1843575,15.79631,0.003590476,0.1275377,18572.723375074867,6.171605042427025e-15,0.2617132148381427
GALAXY,0.5577718,0.000124411,21.87218,0.1022884,0.1189624,20.51256,0.04602135,0.08229766,124815.61635703524,5.0697451124500044e-17,2.8875642231613554
GALAXY,0.595535,0.000116426,21.8164,0.14978129999999998,0.1470112,20.10341,0.05036071,0.1017016,130691.9938971343,5.337011335287162e-17,2.8143340962185883
GALAXY,0.3274709,7.52e-05,21.20496,0.07409296,0.1315104,19.32134,0.02140282,0.09097829,82722.92047349882,9.372903057394543e-17,2.1236730329453355
GALAXY,0.6038140000000001,0.000181722,21.44531,0.1056606,0.06739984,20.36678,0.05956028,0.0466269,131945.84562124172,7.51162891796898e-17,2.372234689042719
GALAXY,0.5017716,0.00011151,21.36535,0.1008337,0.05409922,19.85643,0.03994774,0.03742559,115606.17349102205,8.085709333861651e-17,2.2864707621069797
GALAXY,0.5682735999999999,4.320000000000001e-05,22.85319,0.2168151,0.09825672,20.75696,0.05949178,0.06797355,126476.07671452854,2.05391338531018e-17,4.536633049222003
GALAXY,0.5602309,0.00016167299999999998,22.66358,0.1835182,0.1444478,21.10892,0.07195482,0.0999283,125206.2704983094,2.445829197766592e-17,4.157302747195281
GALAXY,0.1924534,5.290000000000001e-05,18.94082,0.01940029,0.1075891,17.632820000000006,0.01103502,0.07442965,52229.07878288609,7.542757150046407e-16,0.7486169434502159
GALAXY,0.6912256,0.000231052,22.60673,0.2036679,0.09010524,20.99984,0.07227401,0.06233439,144469.3977671503,2.5773068332234493e-17,4.049875311658941
GALAXY,0.4855765,0.000137545,21.91808,0.13946029999999998,0.1243949,20.12925,0.03911711,0.08605582,112827.50810108914,4.8598864835892907e-17,2.9492504359048373
GALAXY,0.137944,3.2200000000000003e-05,18.57053,0.01045204,0.08653630000000001,17.4422,0.006809403,0.05986542,38525.91358108973,1.0608308115285696e-15,0.6312503795858
GALAXY,0.5082088,0.000176252,22.44266,0.16111489999999998,0.1948598,20.98131,0.06543725,0.13480309999999998,116695.97464122798,2.9977411202067807e-17,3.755153135560446
GALAXY,0.6237235,0.000283501,21.75844,0.08898745,0.09159485,20.50391,0.0458076,0.06336489,134911.79179882677,5.629659462296873e-17,2.740208772095035
GALAXY,0.07956772,1.95e-05,17.1897,0.004936492,0.08923821,16.22043,0.003769081,0.06173458,22907.580536713744,3.784235235812661e-15,0.33422247602670346
GALAXY,0.17062929999999998,3.2200000000000003e-05,18.98799,0.01409703,0.1074773,17.77091,0.008029642,0.0743523,46842.847698496116,7.22207717872355e-16,0.765056751848406
GALAXY,0.4607193,8.05e-05,20.63408,0.073535,0.3483779,18.69462,0.02098635,0.2410063,108458.01344885181,1.5857186176667521e-16,1.6327197729508425
GALAXY,0.4826278000000001,7.950000000000001e-05,21.44632,0.07441776,0.1590238,20.08537,0.03836597,0.11001199999999997,112315.84868733841,7.504644516505357e-17,2.3733383246764204
GALAXY,0.5297212,8.840000000000001e-05,21.19596,0.08741467,0.2070926,20.00839,0.04446524,0.14326570000000002,120278.53947601959,9.45092083196677e-17,2.1148893599957326
GALAXY,0.6956595999999999,0.00027204400000000004,23.25262,0.4318903,0.09373566,21.21153,0.1086737,0.06484589,145071.30712076783,1.421707076802662e-17,5.452801048735948
GALAXY,0.5380444000000001,0.000158455,22.70728,0.3017403,0.1579795,20.7463,0.07446174,0.1092895,121640.45646734037,2.349341363911869e-17,4.241814304055816
GALAXY,0.07230912,3.66e-05,18.66354,0.01191452,0.3190458,17.633,0.007233364,0.2207144,20895.88621635599,9.73738014753372e-16,0.6588759452477452
GALAXY,0.4199053,0.000114847,22.45529,0.2149175,0.3836482,20.59145,0.04733852,0.265406,100999.73186178278,2.963071458463315e-17,3.777057986357481
GALAXY,0.5921954,0.000105085,21.83779,0.07932127,0.32200070000000003,20.24555,0.03003238,0.22275860000000006,130182.75586770262,5.232896261041925e-17,2.8421935679461376
GALAXY,0.5111106,5.03e-05,21.49524,0.0920312,0.1676326,20.08897,0.03837553,0.1159674,117184.54311092476,7.174012436369408e-17,2.4274128815354548
GALAXY,0.8048494,0.000331426,23.63189,0.3794287,0.1881364,22.42504,0.2303749,0.1301519,158961.56156889792,1.0025409598441259e-17,6.493422361701194
GALAXY,0.1470983,3.04e-05,19.82558,0.01803746,0.2157515,18.71782,0.01147794,0.1492559,40885.82479869291,3.3390746249259437e-16,1.1251531808284192
GALAXY,0.07539041,2.3e-05,16.920560000000002,0.005171399,0.1153181,16.18896,0.004109588,0.07977653,21751.75453890978,4.848798372191558e-15,0.2952620646511545
GALAXY,0.6196734,0.000298461,22.26923,0.19129520000000005,0.06797516,20.49006,0.05878840000000001,0.04702491,134314.03261347825,3.516949442432135e-17,3.466902692798582
GALAXY,0.4441409000000001,0.000202249,21.81155,0.1292687,0.15257,20.38083,0.04966612,0.1055472,105471.74108135661,5.36090517274043e-17,2.8080552743022604
GALAXY,0.4904437,0.000131957,21.34917,0.1058405,0.1734307,19.66863,0.03846329,0.1199786,113668.18204556586,8.207107560070914e-17,2.2694972052856413
GALAXY,0.06194135,1.35e-05,17.23862,0.005401240999999999,0.20244,16.248260000000002,0.0042732690000000005,0.1400471,17995.475132131633,3.6175132058765445e-15,0.3418374595693219
GALAXY,0.5364146,0.00013662399999999998,22.12148,0.14275120000000002,0.08278722,20.60721,0.05902931,0.05727181,121374.82421665378,4.0296388525354046e-17,3.238856094218103
GALAXY,0.5235193,0.0001136,22.03163,0.1565643,0.17135160000000002,20.07646,0.04791077,0.1185402,119255.00965091943,4.377298115457736e-17,3.1075752384606083
GALAXY,0.3087765,5.36e-05,22.10523,0.1462477,0.2872119,20.76636,0.09189329,0.1986918,78779.58756763072,4.090403253948336e-17,3.2147088977683045
GALAXY,0.4999598,0.000141856,21.91437,0.1386767,0.2767507,20.2208,0.05393159,0.1914549,115297.94546459656,4.876521296704755e-17,2.944215890069751
GALAXY,0.04834265,9.42e-06,17.44069,0.005718846999999999,0.07565768,16.53363,0.004480699,0.05233963,14142.842640145407,3.0031852703116658e-15,0.37517479359291456
GALAXY,0.05894876,1.59e-05,17.57721,0.006201806999999999,0.09655036,16.73834,0.004993709,0.06679309,17152.364052800698,2.6483423485264744e-15,0.39951919715233997
GALAXY,0.5973189999999999,0.000172164,22.15404,0.1485557,0.06764413,20.35716,0.04760239,0.04679589,130963.21014074417,3.910588557703877e-17,3.287786836191456
GALAXY,0.4426282,0.00012933,22.02228,0.09726313,0.2146355,20.32875,0.03730088,0.1484839,105196.3388623781,4.415156733611112e-17,3.0942233011987685
GALAXY,0.2621175,4.94e-05,19.10305,0.01736333,0.03620197,17.615920000000006,0.008422631,0.02504436,68555.02828618353,6.495881970262285e-16,0.8066881034526983
GALAXY,0.02520362,6.97e-06,17.796860000000006,0.00603676,0.05583274,17.39957,0.005629705,0.03862483,7460.6672283253365,2.163286924051079e-15,0.44204619055429417
GALAXY,0.5323158,0.000191459,22.10457,0.14142539999999998,0.09063277,20.72176,0.06778318,0.06269933,120704.52476449248,4.092890494257658e-17,3.2137319636573056
GALAXY,0.1574637,3.55e-05,18.518,0.01037659,0.06036669,17.35615,0.006086161,0.0417614,43529.1667040319,1.1134177107641546e-15,0.6161630517616735
GALAXY,0.06406509,1.3e-05,16.11692,0.003511264,0.0453202,15.2181,0.002772884,0.0313523,18592.19059544881,1.0164596076484374e-14,0.2039293111674177
GALAXY,0.4437214,7.659999999999999e-05,20.67523,0.0497594,0.07787316,19.06758,0.01952194,0.05387229,105395.41613568296,1.5267436599843423e-16,1.663955288217155
GALAXY,0.2937055,5.6100000000000015e-05,20.05742,0.02771531,0.04185481,18.56536,0.01191186,0.02895496,75537.39407798,2.69705700130345e-16,1.2519288634282881
GALAXY,0.08294456,1.46e-05,18.4606,0.0105029,0.09473063,17.72478,0.007761576,0.06553421,23838.162781744733,1.173864922505688e-15,0.600088981103007
GALAXY,0.8783335999999999,9.06e-05,22.77004,0.2761602,0.03674987,21.81479,0.14362529999999998,0.02542339,167379.3041903832,2.2173902072436482e-17,4.366200271176893
GALAXY,0.1384201,1.64e-05,18.47734,0.01145129,0.15669629999999998,17.83448,0.01028191,0.1084018,38649.23876321502,1.1559049544229786e-15,0.6047329774100566
GALAXY,0.4569202,9.73e-05,20.59564,0.05526903,0.126662,18.75191,0.01910466,0.08762417,107778.83035146982,1.6428659374188482e-16,1.6040712400686283
GALAXY,0.5624577,0.000163439,21.03292,0.06708868,0.06601509,19.97518,0.0433247,0.04566893,125559.04769943753,1.0982219640687674e-16,1.9619125815366465
GALAXY,0.4523413,0.00013738,22.132,0.1880869,0.03717566,20.42586,0.06244326,0.02571795,106956.18242438915,3.990783107214524e-17,3.254585253167472
GALAXY,0.06439298,1.86e-05,16.87036,0.004681244,0.09668496,16.05611,0.003839116,0.06688619999999999,18684.199933363776,5.078250561435128e-15,0.2885145051216477
GALAXY,0.1493419,2.78e-05,18.59934,0.01110112,0.1850089,17.62095,0.0075345440000000015,0.1279883,41460.56434153317,1.0330518628985907e-15,0.6396812959336446
GALAXY,0.4974246,0.000159868,21.50707,0.1297702,0.1577934,19.70456,0.03676045,0.1091608,114865.54361109206,7.096269901313791e-17,2.4406733118727537
GALAXY,0.4793653000000001,0.00010866,21.82868,0.09856682,0.1146792,20.25412,0.03539204,0.07933456,111747.66039936857,5.2769882262630714e-17,2.8302946619886655
GALAXY,0.3729583,6.37e-05,20.88104,0.05144399,0.1745145,19.04389,0.0159983,0.1207283,91965.10831326693,1.2631127681071424e-16,1.829378843722166
GALAXY,0.5396919,0.00017471200000000002,22.06897,0.1394539,0.14523139999999998,20.45902,0.04936798,0.1004704,121908.45581042756,4.229315901141382e-17,3.1614742748576803
GALAXY,0.655308,0.000256229,23.31383,0.2402613,0.04353225,21.70925,0.09556239,0.03011541,139477.54623940878,1.3437736637010127e-17,5.608692785113193
GALAXY,0.3045726,2e-05,22.47581,0.1398359,0.2099723,21.81318,0.1131052,0.1452579,77880.92522289806,2.907596418300991e-17,3.812919639772462
GALAXY,0.2828692,4.22e-05,20.75139,0.04257042,0.3266655,18.99491,0.01471235,0.2259857,73170.83878333321,1.4233186014043952e-16,1.7233506499225335
GALAXY,0.08731305,1.31e-05,18.74307,0.01689216,0.2513155,18.03588,0.01259461,0.17385889999999998,25037.041789031413,9.049615456388104e-16,0.6834545707264474
GALAXY,0.5392319,0.000229139,22.70833,0.2034243,0.3876454,20.78335,0.05236309,0.2681713,121833.6797843304,2.3470704476450007e-17,4.243865899093518
GALAXY,0.3683037,9.77e-05,20.72627,0.05255219,0.08283887,19.03294,0.02006645,0.05730755,91041.8725616569,1.4566329347250004e-16,1.7035294750409256
GALAXY,0.4332089,0.000182612,21.19461,0.07691147,0.09033346,19.48309,0.02801313,0.06249227,103470.35959402584,9.46267937740404e-17,2.1135749461895794
GALAXY,0.4838206,0.000113426,21.35333,0.07561573,0.15405870000000002,19.74574,0.03057706,0.1065771,112523.03816026017,8.175722179330261e-17,2.2738491636691642
GALAXY,0.1295878,3.73e-05,18.78095,0.01082096,0.09357694,17.71426,0.007545383,0.06473609,36350.810979518836,8.739329727185144e-16,0.6954816123382985
GALAXY,0.5279872,0.000122813,21.96188,0.1217109,0.1057988,20.35142,0.04936106,0.07319113,119993.12192749548,4.667734282129362e-17,3.0093427335098055
GALAXY,0.2020108,3.12e-05,18.011879999999994,0.009258602,0.103347,16.62145,0.005143628,0.07149495,54546.39794819702,1.7746230789075579e-15,0.4880582431619916
GALAXY,0.5125122999999999,0.00017465400000000005,22.03414,0.1202911,0.07003669,20.46368,0.0504908,0.04845106,117419.94556134335,4.3671903856673505e-17,3.1111693543982
GALAXY,0.193038,4.1e-05,18.81289,0.01469858,0.1082764,17.50657,0.007989525,0.07490514,52371.543977837355,8.485982370734825e-16,0.705786995966441
GALAXY,0.5629535,0.000192011,22.61189,0.1947295,0.17023310000000005,21.08323,0.08196593,0.1177665,125637.4683330653,2.5650871509020274e-17,4.059510343194583
GALAXY,0.5482785,0.000140927,21.99555,0.1127525,0.08839459,20.384870000000006,0.04158065,0.06115097,123296.8552953804,4.525203613018807e-17,3.056368058284659
GALAXY,0.3745485,7.35e-05,20.98445,0.04931981,0.0955601,19.2063,0.01705326,0.06610803,92279.36753031124,1.1483601813483225e-16,1.918605354945963
GALAXY,0.1210287,1.99e-05,17.86315,0.007289844,0.02540136,17.0583,0.005666064,0.01757254,34102.07134702856,2.0351579708175373e-15,0.455748924311967
GALAXY,0.6365838,0.000175161,22.52516,0.2009199,0.08943576,20.83416,0.06941080000000001,0.06187125,136791.1936239451,2.7783958729782556e-17,3.9005661926179553
GALAXY,0.03504116,9.33e-06,16.16134,0.003311381,0.05431986,15.40775,0.00277985,0.03757823,10321.129580805327,9.757130759668573e-15,0.20814388302646777
GALAXY,0.04866838,1.11e-05,16.63103,0.005277151999999999,0.0581889,15.6295,0.0035497740000000008,0.04025481,14235.767894494677,6.330618246949353e-15,0.258405440005844
GALAXY,0.4808878,0.000105777,22.00435,0.09480875,0.08690239,20.26012,0.03332124,0.06011867,112013.08712517994,4.488674622877753e-17,3.068779273484624
GALAXY,0.5561936,0.000125883,22.1748,0.1172957,0.1060476,20.54553,0.04086643,0.07336327,124564.30646939247,3.836525818536828e-17,3.319369905964541
GALAXY,0.1751249,3.3799999999999995e-05,18.52555,0.01188143,0.07676901,17.39547,0.007412559,0.05310845,47963.212986353945,1.1057020765211345e-15,0.6183091199009523
GALAXY,0.1266463,2.14e-05,18.42868,0.009791765,0.06894274,17.51829,0.007127982,0.04769427,35580.36990352421,1.208888163158244e-15,0.5913323686469765
GALAXY,0.1540031,2.45e-05,18.48766,0.00985208,0.086482,17.49791,0.006362498,0.05982785,42650.04606175367,1.144970046324605e-15,0.6076138326943119
GALAXY,0.4304542000000001,0.000115546,22.21636,0.1025281,0.06261272,20.39348,0.03306924,0.04331519,102961.95774956784,3.692445766120528e-17,3.3835114638562183
GALAXY,0.6593468000000001,0.000283441,22.14568,0.1437719,0.08391645,21.21142,0.09300511,0.05805301,140049.33556643204,3.9408157045257496e-17,3.2751534468016064
GALAXY,0.189421,4.26e-05,18.93111,0.01286878,0.1096189,17.60291,0.007290281999999999,0.07583387,51488.5796552311,7.61051638321709e-16,0.7452768860655428
GALAXY,0.384701,7.159999999999999e-05,21.06685,0.05745735,0.14870350000000002,19.2375,0.01959511,0.1028724,94271.93923070688,1.0644324973963137e-16,1.9928088915626974
GALAXY,0.1086488,2.25e-05,19.07084,0.0104701,0.12748769999999998,18.09491,0.007224186999999998,0.08819541,30812.001971198417,6.691479090270659e-16,0.79481060334726
GALAXY,0.05443723,6.04e-06,17.879939999999994,0.008213851999999999,0.127774,17.45715,0.007976482,0.08839347,15876.290027641508,2.0039280539078522e-15,0.4592864704648384
GALAXY,0.07117037,1.21e-05,17.4705,0.009290232,0.1198839,16.97346,0.008978975,0.08293511,20578.87345599081,2.921851403119953e-15,0.3803607125187618
GALAXY,0.52637,0.000185085,21.869670000000006,0.1342599,0.08832274,20.59709,0.06299675,0.06110127,119726.40364153033,5.0814788838630317e-17,2.8842284225625945
GALAXY,0.3477073,7.87e-05,21.46776,0.1652545,0.1171522,19.45661,0.04501615,0.08104535,86895.49045988642,7.357904135462426e-17,2.3968875096896007
GALAXY,0.4055442,6.86e-05,20.73629,0.04411909,0.1280541,19.03412,0.01679844,0.08858722,98288.8671996809,1.4432518577818653e-16,1.711408372411813
GALAXY,0.1442911,2.87e-05,17.33106,0.006128614,0.1621316,16.189420000000002,0.004041166,0.1121619,40164.69096548357,3.3222638851805578e-15,0.35670373128197547
GALAXY,0.06452022,1.33e-05,17.29632,0.005600608000000001,0.1533842,16.55426,0.004548769,0.1061105,18719.896214434826,3.4302843757526615e-15,0.35104246239899595
GALAXY,0.6679954,0.000206712,22.50063,0.1849338,0.1825009,21.09244,0.08631688,0.1262533,141264.73761653478,2.84188254912939e-17,3.856751457144295
GALAXY,0.08739851,3.48e-05,18.75242,0.0103008,0.1794849,17.82304,0.007436705999999999,0.1241668,25060.439285619428,8.972017772620625e-16,0.6864037575372799
GALAXY,0.2755831,5.1e-05,19.74929,0.02707504,0.09099054,18.13344,0.01025041,0.06294684,71562.80502652393,3.582136452637338e-16,1.0863096869249242
GALAXY,0.13258589999999998,1.55e-05,18.52379,0.01043952,0.06555645,17.58819,0.007366441,0.04535165,37133.515764170385,1.1074958951117083e-15,0.6178081772423362
GALAXY,0.390846,8.32e-05,21.05083,0.06336852,0.05331114,19.17929,0.02089955,0.0368804,95466.47335968497,1.0802546021871481e-16,1.9781610769998816
GALAXY,0.02529405,6.28e-06,17.508010000000002,0.007754585,0.06793329,17.09757,0.01387574,0.04699594,7487.093381338155,2.8226311187485945e-15,0.3869881371929691
GALAXY,0.5917168,0.000140414,21.98168,0.1301464,0.5104512999999999,20.60407,0.05773194,0.3531278,130109.61304654756,4.583382742589392e-17,3.0369081165328637
GALAXY,0.4571106,0.000139729,21.86477,0.121165,0.09332637,20.17471,0.0411456,0.06456275,107812.94157750986,5.104463764556861e-17,2.8777274024624457
GALAXY,0.2070288,2.65e-05,19.39373,0.01609482,0.2658414,17.9571,0.007829769,0.1839079,55753.06062647297,4.970111423930888e-16,0.9222351105296845
GALAXY,0.0125321,7.68e-06,16.93298,0.005345263,0.1249948,16.53697,0.005780116,0.08647083,3733.4891565759003,4.7936478322103564e-15,0.29695569069893324
GALAXY,0.1322344,3.510000000000001e-05,18.72106,0.01030715,0.1279677,17.7178,0.007107722,0.08852746,37041.884380720345,9.234941000633974e-16,0.6765620792406305
GALAXY,0.5495951,0.000208343,22.46262,0.1556926,0.1375109,20.71889,0.05099762,0.09512937,123508.50297963156,2.943134605558026e-17,3.7898293278451813
GALAXY,0.6167111999999999,0.00010923,21.67,0.08597822,0.12954939999999998,20.69557,0.058088699999999986,0.08962165,133875.04004817357,6.107424756989893e-17,2.630847365672345
GALAXY,0.1365495,2.85e-05,18.09547,0.00795146,0.11832910000000002,16.99115,0.005354305,0.08185954,38164.3199506096,1.6431231905841154e-15,0.5072121546533953
GALAXY,0.43202,7.13e-05,21.39818,0.09065498,0.09277409,19.96609,0.03986401,0.06418069,103251.14119571442,7.844876756861472e-17,2.3213020357831917
GALAXY,0.6136996,0.000192873,22.42984,0.1990343,0.04656065,20.63424,0.06278934,0.03221044,133427.1627403193,3.033347215786707e-17,3.7330486713482913
GALAXY,0.2243771,3.18e-05,19.2796,0.01759931,0.09852069,17.87246,0.008083263,0.06815616,59872.05144489075,5.52100480615783e-16,0.8750153108259126
GALAXY,0.6564781,0.000316976,22.40865,0.240972,0.1110859,20.8889,0.1047072,0.07684869999999999,139643.47919687792,3.0931296582541195e-17,3.6967974188279777
GALAXY,0.4762233,0.000150497,22.17225,0.1077266,0.08252513,20.7072,0.0449594,0.0570905,111198.38667546085,3.845547013847461e-17,3.31547419666534
GALAXY,0.7085832,0.00017178900000000002,23.02363,0.1933951,0.0686767,21.52311,0.08491999,0.04751022,146808.1079967531,1.755521388972508e-17,4.907063209171353
GALAXY,0.04612494,1.09e-05,17.768710000000006,0.01014519,0.1208441,17.21032,0.009408264,0.08359941,13509.32734882659,2.2201081197582138e-15,0.4363526846303448
GALAXY,0.06827345,1.98e-05,18.4629,0.009805243,0.2379463,17.67997,0.007205415,0.1646102,19770.680534449526,1.1713808645598219e-15,0.6007249255697749
GALAXY,0.07114511,4e-06,17.51988,0.004752886,0.06904764,16.969929999999998,0.004307776,0.04776684,20571.837062693125,2.7919402849735035e-15,0.38910933708484086
GALAXY,0.5914508,0.000132416,22.19025,0.1481129,0.03035215,20.43138,0.05325323,0.02099747,130068.94340007314,3.7823187460691816e-17,3.3430714007430598
GALAXY,0.5377276999999999,0.000165533,22.39879,0.1574694,0.132651,20.41338,0.04180615,0.09176735,121588.87916235974,3.121347527228282e-17,3.6800494314592096
GALAXY,0.5512241999999999,0.000271724,21.63057,0.1532104,0.05885813,20.10589,0.05955349,0.04071778,123769.93244638863,6.33330094405166e-17,2.5835070575614294
GALAXY,0.3913166,8.87e-05,21.26258,0.07154980000000001,0.06686576,19.47801,0.02266108,0.04625743,95557.59828896358,8.888451872066127e-17,2.1807789791304106
GALAXY,0.5007955,8e-05,21.44981,0.077115,0.06779481,20.24053,0.04485702,0.04690013,115440.19871649935,7.480560250282956e-17,2.3771558313974857
GALAXY,0.3160852,5.6100000000000015e-05,20.63619,0.0453478,0.06535094,18.99278,0.01674388,0.04520948,80331.51237185324,1.5826399534149466e-16,1.6343070429545894
GALAXY,0.5107942,0.000165838,21.52652,0.1173132,0.06252462,19.73548,0.03960054,0.04325425,117131.35283622892,6.970278409567523e-17,2.4626327586159027
GALAXY,0.4151521,9.67e-05,21.18056,0.08526722,0.06932155,19.3993,0.03068485,0.04795633,100107.57148456508,9.585927172846508e-17,2.0999437044908413
GALAXY,0.6050270000000001,0.000202787,22.3371,0.144259,0.04630741,20.93519,0.06841908,0.03203525,132128.53382568224,3.3038332923885787e-17,3.5769729200596028
GALAXY,0.5108975,0.000155181,22.42134,0.1925918,0.04880864,20.71411,0.07003421,0.03376559,117148.72086941781,3.0571878519549685e-17,3.7184646080824537
GALAXY,0.205431,3.43e-05,18.74078,0.01189087,0.09195296,17.35821,0.006122905,0.06361263,55369.58869108856,9.068722758395956e-16,0.6827341904077009
GALAXY,0.07450832,1.7e-05,17.15374,0.005569777,0.07629602,16.30021,0.00429521,0.05278123,21507.029137842033,3.911669242549258e-15,0.3287332643029257
GALAXY,0.02938977,6.28e-06,14.45719,0.002125124,0.1588316,13.788429999999998,0.001995406,0.1098789,8681.411532299697,4.6879408700848556e-14,0.09495845770342663
GALAXY,0.3195577,5.53e-05,20.64857,0.04760919,0.06076245,18.91402,0.01664226,0.04203518,81064.23599343638,1.5646965507733183e-16,1.6436511664477615
GALAXY,0.17420370000000002,3.65e-05,18.307,0.01009222,0.06687674,17.27751,0.006805884,0.04626502,47734.097594012645,1.3522535342986934e-15,0.5591079303135795
GALAXY,0.07901477,1.99e-05,16.57339,0.003757567,0.06072516,15.63924,0.002963307,0.04200938,22754.879588916392,6.675781677243857e-15,0.2516365094470495
GALAXY,0.1507571,1.49e-05,18.506,0.01393984,0.1551579,17.790960000000005,0.009687877,0.1073375,41822.35808295184,1.1257919144870779e-15,0.6127674000768254
GALAXY,0.01673727,2.7600000000000007e-05,18.15502,0.01055896,0.1536401,17.626739999999995,0.008845947,0.1062875,4975.721736497283,1.5554287613283583e-15,0.5213143170449762
GALAXY,0.06191768,6.92e-06,17.16592,0.004905994,0.05437626,16.8551,0.004942136,0.03761724,17988.816942108126,3.8680325957089534e-15,0.3305823421445049
GALAXY,0.2535796,5.37e-05,19.66735,0.02102734,0.1216029,18.20553,0.009916026,0.08412435,66623.56050994649,3.8629414459282807e-16,1.0460818146544688
GALAXY,0.06403326,1.39e-05,16.81587,0.004226953,0.1276316,15.86521,0.003252647,0.08829495,18583.257069757725,5.339617222886149e-15,0.2813647274203613
GALAXY,0.4802009,0.000155383,22.44075,0.145468,0.04513082,20.6511,0.04430051,0.03122129,111893.39468265638,3.003019312746048e-17,3.7518516019877772
GALAXY,0.1165347,3.46e-05,18.98505,0.01048827,0.1250706,18.01881,0.006846535999999999,0.08652324,32912.88780657821,7.241659910178826e-16,0.7640216270806178
GALAXY,0.2214298,6.19e-05,19.13117,0.01752945,0.1625719,17.759420000000006,0.008533938000000001,0.1124665,59178.01112772758,6.32980199949242e-16,0.8172024354861555
GALAXY,0.4929306,0.000178028,21.43562,0.08155945,0.14697960000000002,19.61767,0.02396876,0.1016798,114095.86537678707,7.5789689042599e-17,2.3616723896390823
GALAXY,0.2709417,4.61e-05,20.02854,0.02609903,0.09148591,18.46786,0.01137477,0.06328953,70531.35388966821,2.7697599118095155e-16,1.2353887788372504
GALAXY,0.2511795,4.2e-05,19.25716,0.01658077,0.08498824,17.75352,0.007769744,0.05879448,66077.17101538963,5.636300314273869e-16,0.8660194625567712
GALAXY,0.545079,0.00012573,22.63145,0.1651031,0.3041119,20.94727,0.05799402,0.2103832,122781.15614472091,2.5192897819405345e-17,4.0962424345145685
GALAXY,0.1433289,2.18e-05,17.85001,0.00688994,0.1644141,16.72168,0.0044799620000000005,0.1137409,39916.997271977394,2.0599378863052245e-15,0.45299942658824227
GALAXY,0.1419911,5.9e-06,19.52879,0.01464753,0.08120007,19.01876,0.01415632,0.05617383,39572.17609593833,4.3887629626083507e-16,0.9814171712154344
GALAXY,0.3578613,0.000180679,22.33968,0.1603239,0.30568540000000005,20.35226,0.04998439,0.2114718,88952.17684266779,3.29599182007551e-17,3.581225368612785
GALAXY,0.1198995,2.21e-05,17.899070000000005,0.007446404,0.08633408,16.89976,0.005417208000000001,0.05972552,33803.81681992962,1.9689293152438124e-15,0.4633505173640968
GALAXY,0.0962401,2.92e-05,17.892689999999995,0.008985785,0.1767809,16.97887,0.006520945,0.1222962,27469.534232316677,1.9805331920330985e-15,0.4619911458292813
GALAXY,0.5011705,0.000133872,22.20168,0.1318709,0.06521035,20.43985,0.04666952,0.04511222,115503.985833282,3.7427095487877175e-17,3.3607147515100744
GALAXY,0.3510959,9.42e-05,21.21533,0.07508275,0.1018903,19.38246,0.02659541,0.07048727,87584.57390274004,9.283807466522738e-17,2.1338390189087426
GALAXY,0.2898604,4.4e-05,19.41938,0.01829526,0.07017628,17.95851,0.009442355,0.04854763,74701.06415948363,4.854071008717945e-16,0.9331933864385363
GALAXY,0.523578,0.000132438,22.72173,0.1490715,0.07176348,20.73035,0.05008293,0.04964564,119264.73230727272,2.3182812633453295e-17,4.270135460631651
GALAXY,0.07704192,6.75e-06,18.20073,0.006708323,0.07134437,17.55995,0.00601184,0.0493557,22209.328668069506,1.4913038024549851e-15,0.5324044199576954
GALAXY,0.4468965999999999,9.21e-05,21.30351,0.06937445,0.07088671,19.54171,0.02734602,0.0490391,105972.18253067971,8.559612912201826e-17,2.2222742410614784
GALAXY,0.08957122,1.76e-05,17.20411,0.005211083,0.1010558,16.20753,0.00379693,0.06990991,25654.569714056288,3.7343423098798725e-15,0.33644776857858216
GALAXY,0.27230370000000004,3.65e-05,19.88429,0.02467848,0.07789926,18.38017,0.01139722,0.05389035,70834.60374515569,3.1633127018806944e-16,1.155988868970599
GALAXY,0.4037858,6.27e-05,21.733970000000006,0.07658215,0.06543617,19.97729,0.02709032,0.04526844,97953.78071260058,5.75797964407758e-17,2.709503100275282
GALAXY,0.30636820000000003,8.06e-05,20.26617,0.02752018,0.0680915,18.58525,0.01117551,0.04710538,78265.30697173791,2.2253079793984724e-16,1.3782552399242185
GALAXY,0.3205653,5.41e-05,20.71341,0.0340458,0.04427636,18.88161,0.01308103,0.03063018,81276.29172532773,1.473988601871994e-16,1.6934705646358068
GALAXY,0.1239711,8.48e-06,18.43558,0.008193128000000001,0.08634510000000001,17.80726,0.006858029,0.05973314,34877.51388072947,1.2012298763525107e-15,0.5932143556076175
GALAXY,0.5464482,0.000147741,23.11954,0.2787008,0.09535617,20.82629,0.05458012,0.06596696,123002.08318604948,1.6070971288366388e-17,5.128656970104907
GALAXY,0.1482656,2.31e-05,18.26599,0.008341298,0.1285226,17.19754,0.005326841999999999,0.08891133,41185.02887645013,1.4043072086870107e-15,0.54864781288385
GALAXY,0.06800269,1.51e-05,16.54504,0.003676825,0.1699203,15.58387,0.0028970690000000004,0.1175501,19695.016037802372,6.852390829545385e-15,0.24837258209101554
GALAXY,0.5563191,0.000143676,21.3793,0.1114371,0.14763929999999995,19.7278,0.03945321,0.1021362,124584.30795910326,7.982485258794625e-17,2.301206819050365
GALAXY,0.6663218000000001,0.000127815,22.01716,0.1273087,0.08361754,20.2837,0.04222848,0.05784623,141030.49843249013,4.436026431806417e-17,3.0869361899754773
GALAXY,0.0424314,6.06e-06,17.396739999999998,0.005244918,0.06082235,17.03942,0.005417669,0.04207662,12450.96983444733,3.1272465725225475e-15,0.36765768838090207
GALAXY,0.334172,8.78e-05,20.70377,0.06473847,0.1357485,18.96649,0.02231242,0.09391021,84115.58861267302,1.4871340763297578e-16,1.6859692613092008
GALAXY,0.2299751,3.72e-05,19.87142,0.02545003,0.07558163,18.40817,0.01192063,0.05228702,61183.86570314262,3.201032807033267e-16,1.1491577551884686
GALAXY,0.6011288,0.00016659999999999998,21.51338,0.1266549,0.07603221,20.36697,0.07131937,0.05259873,131540.50613351527,7.055147944213696e-17,2.447775887204947
GALAXY,0.6625545999999999,9.12e-05,21.20114,0.06619092,0.09726023,20.26093,0.04627617,0.06728417,140501.56252153032,9.405938291754395e-17,2.1199404045500536
GALAXY,0.1183985,3.18e-05,18.69991,0.01001123,0.06197733,17.698929999999994,0.006780527,0.04287563,33406.788167687955,9.416600052680382e-16,0.6700043961488894
GALAXY,0.0908659,2.2e-05,17.99624,0.009259304,0.07372709,17.107870000000002,0.006753135,0.05100406,26007.942623549126,1.8003714825593005e-15,0.4845556392847138
GALAXY,0.1447257,1.49e-05,18.35126,0.009702612,0.08627388,17.40779,0.006815786999999999,0.05968387,40276.48103901046,1.2982374267436966e-15,0.5706208709131121
GALAXY,0.4755998,0.000135505,20.40636,0.06551433,0.06905253,18.69354,0.02439932,0.04777022,111089.14618417507,1.9557535408665705e-16,1.470170324647247
GALAXY,0.05662023,1.02e-05,17.86666,0.01015644,0.4587576,17.29833,0.008628679,0.31736640000000005,16494.50092880895,2.028589275608836e-15,0.45648619929936185
GALAXY,0.5488555,0.000147844,22.04247,0.1608809,0.08195473,20.35018,0.06102943,0.056695900000000014,123389.65027770629,4.3338125730815975e-17,3.1231270530459465
GALAXY,0.5306013,0.000246182,21.68652,0.1727835,0.1597924,19.63975,0.04207193,0.1105437,120423.18157016541,6.015200739420047e-17,2.6509384985952975
GALAXY,0.5006060999999999,0.000157371,22.32493,0.1158757,0.09802575,20.8214,0.04577973,0.06781375,115407.97124530359,3.341074234319924e-17,3.5569818756811253
GALAXY,0.5929914000000001,0.000208668,22.24578,0.1506963,0.07225745,20.46967,0.04796506,0.04998737,130304.31491548542,3.593735627904737e-17,3.4296646116487395
GALAXY,0.5236691,0.000167088,21.91342,0.1988758,0.06214522,20.02475,0.056597,0.04299177,119279.820140479,4.8807900339597705e-17,2.9429281033403356
GALAXY,0.6925020000000001,0.000216502,23.1203,0.3653333,0.1098035,21.29822,0.1162578,0.07596155,144642.98498160442,1.6059725771885644e-17,5.1304522779602495
GALAXY,0.1758784,3.3e-05,18.99931,0.01189471,0.0987057,17.79785,0.007173206,0.06828415,48150.44284723791,7.147170214070298e-16,0.7690554466239589
GALAXY,0.463396,0.000106548,21.83801,0.06889004,0.04253185,20.24098,0.02862241,0.02942334,108934.71485997191,5.231836039835214e-17,2.8424815358052493
GALAXY,0.0175046,9.6e-06,20.02391,0.02754447,0.1771553,19.13751,0.015999799999999998,0.1225552,5201.824118321178,2.7815964614913736e-16,1.232757496745775
GALAXY,0.554726,0.000117787,22.56971,0.2538903,0.09647962,20.39705,0.05105383,0.06674416,124330.18922059891,2.6666997806926484e-17,3.9814168697593852
GALAXY,0.5834638000000001,0.000140249,21.89244,0.2131755,0.2003173,20.24321,0.07739089,0.13857850000000002,128841.84977299554,4.9760200912890684e-17,2.914631486790325
GALAXY,0.06482925,1.17e-05,16.359029999999994,0.003924967,0.09410768,15.612229999999998,0.003414328,0.06510326,18806.57241070058,8.132912974634163e-15,0.22798257378870287
GALAXY,0.2097717,3.79e-05,21.68059,0.07432524,0.10969260000000003,20.99631,0.06049634,0.0758848,56409.73454639594,6.048144034655392e-17,2.64370901685824
GALAXY,0.5591574,0.000153716,21.850720000000006,0.1443401,0.1316261,20.15068,0.04921,0.09105835,125035.87260517864,5.1709474612780515e-17,2.859167853468575
GALAXY,0.7531098,0.00017199400000000002,22.68242,0.1864203,0.231806,21.57559,0.1060093,0.1603623,152597.04299966924,2.4037545826118824e-17,4.1935290153261695
GALAXY,0.6079906,0.000155441,22.68206,0.196181,0.3057265,20.87807,0.06770197,0.2115002,132573.78634739784,2.404551733084618e-17,4.192833844020011
GALAXY,0.5350696,0.000132217,22.34506,0.15052290000000002,0.2818837,20.40482,0.040719300000000014,0.1950059,121155.22558562721,3.2797000405122755e-17,3.5901091471470647
GALAXY,0.5979539,0.000282331,22.13548,0.1088096,0.07981059,20.60557,0.0411026,0.0552126,131059.59525024505,3.9780123327535845e-17,3.2598052306196985
GALAXY,0.4034048,9.38e-05,21.37474,0.08290209,0.3807603,19.46733,0.02419465,0.26340820000000004,97881.08457243427,8.016081521386287e-17,2.296379452696779
GALAXY,0.6102812,0.000234552,22.18923,0.1740171,0.08848149,20.62779,0.06155879,0.06121108,132916.86907810872,3.785873732873038e-17,3.341501437399372
GALAXY,0.5655981,0.000123691,22.96112,0.2772312,0.1714612,20.80392,0.06116153,0.1186161,126054.99288617642,1.8595596979964366e-17,4.767817817523506
GALAXY,0.5053641999999999,0.000236918,22.74799,0.18666,0.05345411,21.24364,0.06469251,0.03697931,116215.41133688058,2.2628831323999814e-17,4.322088469489655
GALAXY,0.4712909000000001,8.88e-05,21.409270000000006,0.08385839,0.197212,19.69818,0.02941545,0.13643029999999998,110332.00330483829,7.765154930528616e-17,2.333187560370017
GALAXY,0.1088882,2.29e-05,17.03245,0.005710073,0.1687263,16.05424,0.0041814190000000005,0.1167241,30876.046547237904,4.373993418292293e-15,0.31087489549111713
GALAXY,0.1185164,3.79e-05,18.02738,0.01167792,0.13272679999999998,17.07295,0.009253024,0.09181982,33437.997422666565,1.7494684919016451e-15,0.49155447285428405
GALAXY,0.8316777,0.000258171,22.60361,0.1707163,0.1050007,21.89447,0.1394766,0.07263897,162116.46055927256,2.5847237012038663e-17,4.044060576110209
GALAXY,0.7953543000000001,0.000147775,23.12165,0.22419770000000006,0.1358308,22.81737,0.2682971,0.0939671,157821.6453569916,1.6039769583192567e-17,5.133642861439712
GALAXY,0.4251126,0.000120113,20.96193,0.07648999,0.2191801,19.22339,0.02528621,0.15162779999999998,101971.404343561,1.1724278473763665e-16,1.8988106209930564
GALAXY,0.6523578,0.000430726,22.6282,0.26539559999999995,0.1087779,21.03953,0.09840477,0.07525202,139058.16901922182,2.526842222716555e-17,4.090116254725912
GALAXY,0.2803155,4.13e-05,19.46318,0.02096257,0.08097856,17.94439,0.009556847,0.05602059,72608.78544184781,4.6621487419083465e-16,0.9522076193494275
GALAXY,0.5096878,0.00038093,22.65842,0.1431828,0.1327631,20.90438,0.04564849,0.09184489,116945.19888617369,2.457480753464693e-17,4.1474356105984596
GALAXY,0.1340149,1.92e-05,17.687179999999994,0.006630298000000001,0.06160512,16.65416,0.004553522,0.04261814,37505.67188865345,2.3932392962143898e-15,0.42027315693637907
GALAXY,0.4345604,0.00010711,21.62426,0.1065606,0.091927,19.66641,0.03093757,0.06359467,103719.18638889727,6.370215510802439e-17,2.5760106386312893
GALAXY,0.0884216,2.21e-05,17.512929999999994,0.005699349,0.05009918,16.57218,0.004228088,0.03465838,25340.377335251014,2.8098693379839896e-15,0.3878659472097251
GALAXY,0.04062309,1.27e-05,16.686139999999998,0.004104475,0.06549454,15.94062,0.003389008,0.04530882,11931.327914464451,6.017306385635452e-15,0.26504746343121083
GALAXY,0.3518655,0.000102213,20.63613,0.05117905,0.04775412,18.7914,0.01684444,0.03303608,87740.69356739068,1.5827274157475407e-16,1.6342618860060452
GALAXY,0.02681183,1.46e-05,16.37373,0.005224411,0.06400259,15.82697,0.00476909,0.0442767,7930.265590430612,8.023541905603937e-15,0.229531160401877
GALAXY,0.1883685,3.19e-05,18.69276,0.01251949,0.07314818,17.59356,0.007749291,0.05060358,51230.969989546145,9.478816703910593e-16,0.6678019029570468
GALAXY,0.02922807,9.21e-06,17.40997,0.0077260190000000015,0.06853043,17.04141,0.007946339,0.04740904,8634.354707396911,3.089371424721611e-15,0.36990453203146173
GALAXY,0.1320675,3.3100000000000005e-05,18.04678,0.009233821,0.1217094,17.003420000000002,0.006308145,0.08419798,36998.36334284775,1.7184865016836273e-15,0.49596571106716375
GALAXY,0.6728848000000001,0.000202477,22.41559,0.1340922,0.04910265,21.28447,0.07814939,0.03396899,141946.45532421058,3.0734215011764604e-17,3.7086312397227617
GALAXY,0.01263431,3.09e-06,15.96081,0.005014354,0.04977284,15.606179999999998,0.005279955,0.03443262,3763.745431917257,1.1736378988563088e-14,0.18978315067592763
GALAXY,0.12825350000000002,8.43e-06,17.8654,0.00687803,0.04815088,17.16822,0.006058921,0.03331055,36001.63825581945,2.030944825866538e-15,0.45622139935601325
GALAXY,0.5913182,8.48e-05,21.54093,0.06448954,0.06328042,20.62392,0.0476083,0.043777099999999985,130048.66499174417,6.87837936980168e-17,2.4790292571425883
GALAXY,0.5087013,4.53e-05,21.63558,0.08640825,0.05466997,19.96597,0.03164342,0.03782044,116779.01341043567,6.30414400584713e-17,2.589474581348722
GALAXY,0.15754229999999994,2.99e-05,17.90409,0.008778525,0.03691144,16.892210000000002,0.005782065,0.02553516,43549.094670974795,1.959846804731115e-15,0.4644229280936848
GALAXY,0.08284776,5.17e-05,18.16091,0.01260439,0.1041666,17.15222,0.007674359,0.07206197,23811.53360800001,1.5470135770145638e-15,0.5227302730659992
GALAXY,0.5510876,7.879999999999999e-05,21.74064,0.08624015,0.04360793,20.299670000000006,0.03710985,0.03016776,123748.03083972665,5.722715096045995e-17,2.717838536658704
GALAXY,0.4856989,8.44e-05,21.51491,0.07742935,0.0565143,19.7774,0.0279755,0.03909633,112848.7085361327,7.045212957927115e-17,2.4495011758993215
GALAXY,0.28538800000000003,7.44e-05,20.21557,0.03254991,0.05176996,18.66985,0.01325736,0.03581422,73723.58224387285,2.3314715763030076e-16,1.346510214503667
GALAXY,0.06877781,2.56e-05,18.21503,0.009075677,0.06522795,17.31287,0.006229865,0.04512439,19911.567213568826,1.4717909400680994e-15,0.5359220823756233
GALAXY,0.05186,1.17e-05,15.180420000000002,0.002357476,0.06669189,14.28193,0.00206268,0.04613714,15144.611747990131,2.4081865429202623e-14,0.13248894818082277
GALAXY,0.06138476,7.91e-06,18.29127,0.009273624,0.15445179999999994,17.66705,0.008715166,0.106849,17838.866617456868,1.3719874071700135e-15,0.555072424207019
GALAXY,0.1082299,1.95e-05,18.17578,0.008946533000000001,0.3292432,16.97419,0.005304232,0.227769,30699.897222470947,1.5259704552592388e-15,0.5263221558341902
GALAXY,0.1577279,1.99e-05,17.91384,0.006691720999999999,0.16051210000000002,16.744970000000002,0.004545366,0.11104160000000002,43596.14411092456,1.9423260068284e-15,0.4665128945565342
GALAXY,0.01929241,1.5399999999999998e-05,15.41588,0.003559683,0.1485681,14.73182,0.003759438,0.1027787,5727.93825960481,1.9386799785177372e-14,0.14766298801297326
GALAXY,0.5377805,0.000169044,22.14943,0.1345565,0.07109294,20.31913,0.04373219,0.04918177,121597.47943059226,3.927228087772931e-17,3.2808143230160645
GALAXY,0.2340844,3.26e-05,19.579320000000006,0.01853186,0.09436683,18.14738,0.009506188,0.06528254,62141.48747408041,4.1891906466950444e-16,1.0045224617256905
GALAXY,0.05724813,1.02e-05,17.943579999999994,0.008718812,0.05972312,17.427,0.01474847,0.04131618,16672.055693990827,1.88984473557445e-15,0.47294610406380505
GALAXY,0.03196178,1.03e-05,16.308629999999994,0.00432124,0.1111569,15.89315,0.005465524,0.07689781,9428.849043042961,8.519343418569989e-15,0.2227520206175969
GALAXY,0.4860231,0.000177248,22.52426,0.1985381,0.15179589999999998,20.61653,0.06215547,0.1050117,112904.84718452858,2.780699925247121e-17,3.898949878191742
GALAXY,0.5175652000000001,0.00016538099999999998,22.55399,0.1924303,0.12418239999999997,20.62467,0.0558674,0.08590885,118265.31141866448,2.7055908729360773e-17,3.9526981664696974
GALAXY,0.07077231,1.41e-05,18.17662,0.01191331,0.07426742,17.5069,0.01003893,0.05137786,20467.968426243948,1.5247903164238732e-15,0.5265257946793188
GALAXY,0.4757246,0.000147375,21.73459,0.09243374,0.05891196,20.24568,0.04092652,0.04075503,111111.0182366374,5.754692539655417e-17,2.710276829547393
GALAXY,0.5435131,0.000243234,22.24896,0.1807987,0.08923602,20.81091,0.08180673,0.06173307,122528.05365711298,3.5832253770810714e-17,3.4346908432392835
GALAXY,0.1416231,8.96e-06,20.26501,0.02063557,0.06973671,19.84971,0.02131111,0.04824354,39477.233617137346,2.227686767815376e-16,1.3775191729521286
GALAXY,0.1152905,2.04e-05,18.25541,0.007076086,0.06346808,17.46219,0.005706651,0.04390693,32582.6190813468,1.4180584274519437e-15,0.5459811541893951
GALAXY,0.5012797999999999,0.000120445,21.97568,0.09539348,0.07297396,20.39205,0.03798682,0.05048305,115522.57234228798,4.608781566564424e-17,3.0285284116249156
GALAXY,0.3513114,6.78e-05,20.14762,0.03299205,0.05952711,18.51506,0.01403675,0.04118058,87628.30404661596,2.4820477096459446e-16,1.305027466648355
GALAXY,0.019672400000000003,1.84e-05,15.68796,0.003649759,0.04970491,14.85653,0.002983243,0.03438563,5839.637818660787,1.5089474838074168e-14,0.1673738678123323
GALAXY,0.4809054,0.00015878,21.58108,0.1071026,0.1162063,20.1065,0.04362166,0.08039099,112016.15265376617,6.62866582482131e-17,2.525292287046062
GALAXY,0.07106641,1.85e-05,17.90709,0.00682316,0.09711888,17.08229,0.005425654,0.06718639,20549.91328145931,1.954439022454455e-15,0.4650649955026573
GALAXY,0.07548172,5.44e-06,17.83025,0.006652785,0.08031327,17.08359,0.005329658,0.05556035,21777.074290636312,2.0977712311727068e-15,0.4488959139499842
GALAXY,0.1331675,2.22e-05,18.71484,0.01041066,0.05725256,17.727510000000006,0.0072620190000000015,0.03960705,37285.05325398671,9.28799825642641e-16,0.6746268970000068
GALAXY,0.3227682,6.8e-05,20.21928,0.03279152,0.05928447,18.58367,0.01290703,0.04101272,81739.0375622414,2.32351844914615e-16,1.3488127180039011
GALAXY,0.114269,3.19e-05,17.79354,0.006972778000000001,0.116971,16.62825,0.004650785,0.08091998,32311.129820296384,2.1699120182571122e-15,0.44137085523622915
GALAXY,0.5214085,0.000167808,22.64597,0.1521891,0.1296075,21.10357,0.06511762,0.08966189999999999,118904.944179886,2.4858225604486305e-17,4.123724588083223
GALAXY,0.3922616,9.21e-05,20.54541,0.05670828,0.1400059,19.07833,0.01820621,0.09685546,95740.43159818811,1.720656285178086e-16,1.5673920955983447
GALAXY,0.4252214,6.53e-05,21.14891,0.06943283,0.13701629999999998,19.23041,0.02181423,0.09478725,101991.64266727467,9.869476679818684e-17,2.0695582389075233
GALAXY,0.1917565,9.97e-06,18.09793,0.007406824,0.06273882,17.40831,0.006078516,0.04340242,52059.12332979851,1.6394045088956604e-15,0.5077870866340155
GALAXY,0.7287299,0.000124595,22.31727,0.1311047,0.15723610000000002,20.92365,0.05782939,0.1087752,149464.30114710706,3.364729262816431e-17,3.544456512382482
GALAXY,0.1238128,1.24e-05,18.14885,0.008282814,0.08334098,17.517879999999998,0.007124085,0.05765491,34835.85899274071,1.5642930839417637e-15,0.5198351621782805
GALAXY,0.4292769,0.00012382700000000002,21.98297,0.1009425,0.1173387,20.29891,0.03548485,0.08117434,102744.17338427399,4.577940303952858e-17,3.038712779279374
GALAXY,0.1281089,2.89e-05,18.32952,0.01032122,0.09457092,17.25491,0.006621662,0.06542372,35963.76713588788,1.3244943962659584e-15,0.5649365224907864
GALAXY,0.1884403,2.28e-05,18.45552,0.009732313,0.08351882,17.3254,0.006122024,0.05777793,51248.55347429993,1.179370132804523e-15,0.5986867579041133
GALAXY,0.6657516,0.000238693,22.97176,0.22454610000000005,0.06616045,21.44078,0.09277195,0.04576949,140950.58817769156,1.8414253823409058e-17,4.791236982125791
GALAXY,0.09444109,1.62e-05,17.85228,0.00701059,0.08980045,17.29666,0.006408367,0.06212354,26981.209712106145,2.055635575893582e-15,0.4534732278507332
GALAXY,0.4650407999999999,0.000120685,21.92305,0.1077083,0.08615785,20.13349,0.03387913,0.059603599999999986,109226.89618758808,4.8376910019737545e-17,2.956008321264673
GALAXY,0.07620475,6.74e-06,18.18462,0.006741062,0.1402671,17.47281,0.005510657,0.09703611,21977.479539842367,1.5135965362298247e-15,0.5284691650151291
GALAXY,0.5192694999999999,0.000120038,22.18946,0.15203770000000005,0.06689058,20.04821,0.04043384,0.04627459,118549.31228899283,3.785071826542308e-17,3.3418553843481944
GALAXY,0.4499381,0.000132442,21.57793,0.105202,0.16429939999999998,19.82295,0.03326127,0.1136616,106522.64039341692,6.64792521409757e-17,2.521631681540885
GALAXY,0.4479162999999999,0.000124499,22.00872,0.1088663,0.2524208,20.15204,0.03295681,0.17462360000000002,106156.9503889903,4.470644381727461e-17,3.074961285529536
GALAXY,0.5026818000000001,0.000168435,22.07665,0.1145164,0.2127883,20.60154,0.0459955,0.1472059,115760.77064700153,4.199505217846242e-17,3.17267548082325
GALAXY,0.1436428,2.3800000000000006e-05,17.708389999999994,0.006778602,0.0740063,16.57391,0.004371366,0.05119722,39997.831788189585,2.3469407473226074e-15,0.42439831630618247
GALAXY,0.4280194000000001,6.879999999999999e-05,20.439120000000006,0.0431331,0.07856488,18.67713,0.01480178,0.05435082,102511.21892974076,1.897623828677019e-16,1.4925182570137674
GALAXY,0.5606714,0.00017685400000000002,21.91928,0.1780575,0.1644263,20.426920000000006,0.07996,0.1137493,125276.1293329694,4.854518105768992e-17,2.950880702344036
GALAXY,0.6203898,0.000226468,21.59802,0.1068166,0.1328481,20.6206,0.06684477,0.09190371,134419.97335084315,6.526045917931531e-17,2.545069534336671
GALAXY,0.2297634,0.00017116400000000002,21.02931,0.07133657,0.1275655,19.65035,0.03384645,0.08824923,61134.40944415745,1.1018795556339749e-16,1.9586536773772014
GALAXY,0.5701752,0.000165143,22.36823,0.1872027,0.1890054,20.47664,0.05578480000000001,0.13075309999999998,126774.55598354696,3.2104515868500846e-17,3.628621356224656
GALAXY,0.4211805,8.66e-05,21.34185,0.06583292,0.08099927,20.03028,0.03490758,0.05603492,101238.2336149726,8.262626569497602e-17,2.2618596454916267
GALAXY,0.5723311,0.000237819,22.15463,0.1628152,0.1412011,20.73999,0.06790647,0.09768224,127112.14471401369,3.9084640817383744e-17,3.2886802658176695
GALAXY,0.1471823,3.19e-05,19.40746,0.01631161,0.05926862,18.24031,0.009496823,0.04100175,40907.36874882015,4.907656132927668e-16,0.9280847836356564
GALAXY,0.04721212,2.5e-05,17.75066,0.009930958,0.05335389,17.29567,0.00914962,0.03690997,13820.076369098588,2.2573251754824094e-15,0.43274060934834596
GALAXY,0.5336524,0.000165516,22.34688,0.1230997,0.2085074,20.54461,0.03750718,0.1442444,120923.46208461732,3.2742069438161825e-17,3.5931194260667074
GALAXY,0.04349664,7.59e-06,18.0066,0.008154477,0.06516682,17.610960000000006,0.007921706,0.0450821,12756.62415846137,1.7832741953128073e-15,0.48687295658503726
GALAXY,0.1242492,2.81e-05,17.851370000000006,0.008153938000000001,0.1307915,16.76051,0.005166638,0.09048095,34950.67529896409,2.0573592105205308e-15,0.4532832304182705
GALAXY,0.6441454000000001,0.000176519,22.34501,0.30873340000000005,0.09983268,20.30816,0.06955889999999999,0.06906378,137883.12723989077,3.2798510797585326e-17,3.590026482780721
GALAXY,0.5931233,0.00015851,22.04158,0.1162232,0.07134387,20.13139,0.03392368,0.04935536,130324.44671319787,4.3373665436261536e-17,3.121847270018226
GALAXY,0.5245463,0.000170404,22.21763,0.1394646,0.1968547,20.48497,0.04853313,0.1361831,119425.01770505722,3.688129188538116e-17,3.385490911703288
GALAXY,0.09549331,2.28e-05,17.25147,0.0076557219999999985,0.08593068,16.51035,0.005446874,0.05944644,27266.94008359786,3.574951260734806e-15,0.34386632899712577
GALAXY,0.6576102,0.000212288,22.01588,0.12952550000000002,0.06426180000000001,20.44131,0.05108332,0.04445602,139803.80798683676,4.4412592518547986e-17,3.0851170952585165
GALAXY,0.1361116,3.15e-05,18.83241,0.01415633,0.2031686,17.76355,0.009984562,0.14055109999999998,38050.65764514947,8.334779698161258e-16,0.7121601235430617
GALAXY,0.637313,0.000284688,21.62078,0.09829333,0.05702784,20.66641,0.06953458,0.0394516,136896.91458995698,6.390666072226294e-17,2.571885632227836
GALAXY,0.536844,0.0001548,22.33743,0.1201937,0.04491849,20.66424,0.04507167,0.0310744,121444.85927403733,3.3028292738155033e-17,3.5775165561454836
GALAXY,0.2255396,4.71e-05,18.84547,0.01285247,0.04491271,17.44709,0.006819512,0.03107041,60145.158744903536,8.235123663976688e-16,0.7164562115369242
GALAXY,0.6200589,0.000227987,23.42985,0.2881238,0.03951449,21.71447,0.1043145,0.02733594,134371.05112809938,1.2075861550524403e-17,5.916510672821724
GALAXY,0.1053207,2.3e-05,17.72953,0.006874024,0.05836898,16.7358,0.004724092,0.04037939,29919.936572247378,2.3016862600933633e-15,0.42855015081831516
GALAXY,0.09896087,2.31e-05,17.97488,0.007278881999999999,0.05637896,16.976879999999998,0.005008596,0.0390027,28206.2624601608,1.8361414098411566e-15,0.4798126042138132
GALAXY,0.5488898,0.000140397,22.57201,0.216628,0.03810172,20.43502,0.04661034,0.026358600000000003,123395.1645288101,2.6610566810033726e-17,3.9856361774086544
GALAXY,0.5168439,0.000232363,22.08678,0.120161,0.1305163,20.83596,0.05728144,0.09029055,118144.94359554454,4.1605057370000705e-17,3.187510707132692
GALAXY,0.5857219,0.000172325,23.04401,0.2565546,0.1352631,21.3752,0.08640168,0.09357438,129189.94353287225,1.722876412446374e-17,4.9533344462047415
GALAXY,0.1036594,1.47e-05,18.09013,0.007957123,0.1106364,17.14186,0.005520001,0.07653774,29473.433503400436,1.6512245052296994e-15,0.5059663707844567
GALAXY,0.03239018,8.42e-06,15.967720000000002,0.003083213,0.1409437,15.55882,0.002948019,0.09750421,9553.151845566215,1.1661921808238712e-14,0.19038803533092374
GALAXY,0.1547561,2.89e-05,18.23187,0.008026118,0.09861115,17.222379999999998,0.005557261,0.06821873,42841.62451413105,1.4491392690464558e-15,0.5400943726171882
GALAXY,0.6014116,0.000169073,22.36794,0.1836739,0.0846739,20.49682,0.05041258,0.05857701,131583.25584475978,3.211309212584852e-17,3.6281367864348226
GALAXY,0.6645711999999999,0.000188425,22.97284,0.17834370000000002,0.14177379999999998,21.39639,0.07053506,0.09807845,140784.99313284594,1.8395945963581908e-17,4.793620536681115
GALAXY,0.1163537,4.13e-05,20.54332,0.04883835,0.2139591,19.89898,0.0409984,0.14801589999999998,32864.869848766546,1.7239716716297606e-16,1.5658842369212644
GALAXY,0.4566371,0.00013116200000000002,20.73454,0.06680632,0.09655277,19.0096,0.02380959,0.06679476,107728.09723138103,1.4455799806724337e-16,1.7100296958352323
GALAXY,0.3042829,1.2e-05,20.39075,0.02755212,0.13822179999999998,19.61963,0.02288013,0.09562122,77818.83416391915,1.9840751841715893e-16,1.4596396504923583
GALAXY,0.7660838000000001,0.00025414400000000004,23.52138,0.4579262,0.08650636,21.56547,0.1332946,0.0598447,154228.6443709997,1.1099569252770098e-17,6.1712288565331095
GALAXY,0.5616478,0.00025234,22.81913,0.2719106,0.07281821,20.92674,0.08968957,0.050375300000000005,125430.84750000661,2.1193667921825646e-17,4.466030166736017
GALAXY,0.494793,0.000124313,21.35717,0.0875142,0.06985088,19.68843,0.03371512,0.04832252,114415.32999554525,8.146857598442217e-17,2.277873762693703
GALAXY,0.3736678,7.950000000000001e-05,21.22782,0.06589747,0.1483214,19.318720000000006,0.01979375,0.1026081,92105.39400890908,9.177621129855423e-17,2.146147922601281
GALAXY,0.4942515,0.000110521,21.65774,0.08946384,0.1073388,19.85868,0.02941033,0.07425652,114322.51677835526,6.176779885808667e-17,2.6160356153160356
GALAXY,0.30971770000000004,7.69e-05,19.41828,0.02401006,0.07347745,17.98757,0.01056714,0.05083136,78980.18418770512,4.858991341863755e-16,0.9327207795728605
GALAXY,0.5405393000000001,0.000129812,21.93815,0.123043,0.09376583,20.11084,0.03948804,0.06486677,122046.10025222671,4.7708759589185034e-17,2.976635468043657
GALAXY,0.6468573000000001,0.000211756,21.31878,0.08043123,0.07216202,20.54346,0.06325731,0.04992134,138272.39600859844,8.440071489112544e-17,2.2379565595116375
GALAXY,0.6664026999999999,0.000222595,23.15549,0.4117497000000001,0.06724357,20.91455,0.09506588,0.04651879,141041.83180425185,1.5547555837125733e-17,5.214271640910833
GALAXY,0.2507621,4.2100000000000014e-05,19.08341,0.01708318,0.06031325,17.65904,0.008620502,0.04172443,65981.99446124294,6.614455899040364e-16,0.7994248650323511
GALAXY,0.09066585,2.33e-05,16.4696,0.005065768,0.0633857,15.65076,0.004130788,0.04384993,25953.372653861286,7.345445236030879e-15,0.2398919376201783
GALAXY,0.2807688,3.09e-05,18.96688,0.01676471,0.03964518,17.43339,0.007388115,0.02742635,72708.67546869184,7.363870207449288e-16,0.75765527678764
GALAXY,0.4992896,0.000159247,22.42926,0.2085368,0.07186656,20.83576,0.07171164,0.04971696,115183.76234275263,3.034968061974752e-17,3.7320517076808897
GALAXY,0.6543720999999999,0.00014151,24.09496,0.4593175000000001,0.04819617,21.14313,0.06079833,0.03334188,139344.66231587925,6.544464634946825e-18,8.036883116818238
GALAXY,0.5660253000000001,0.000116851,22.2334,0.2183794,0.1231742,20.37406,0.06568879,0.08521132,126122.31670046227,3.634947353799569e-17,3.4101670379995412
GALAXY,0.3321947,1.58e-05,21.26944,0.04652983,0.09502898,19.81823,0.01996329,0.06574061,83705.78734854425,8.832469068552273e-17,2.18767927373229
GALAXY,0.1047763,2.29e-05,17.55206,0.006547185,0.06139397,16.56164,0.004436177,0.04247206,29773.708302349245,2.7104045967753938e-15,0.3949186577631323
GALAXY,0.03105272,1.01e-05,16.16403,0.004580631,0.1303685,15.5676,0.003347548,0.09018832,9164.898164669117,9.73298659433925e-15,0.20840188952472183
GALAXY,0.0188801,2.07e-05,17.467879999999994,0.006360339,0.05052894,17.01867,0.006262615,0.03495568,5606.6891948954635,2.928910663513477e-15,0.3799020633039964
GALAXY,0.1101008,1.6899999999999994e-05,18.30254,0.01000057,0.04651783,17.727829999999994,0.00895599,0.03218082,31200.186700851962,1.3578197620123215e-15,0.557960753734778
GALAXY,0.3520164,6.3e-05,19.73421,0.02715327,0.05271186,17.91714,0.010298200000000002,0.03646582,87771.28835032521,3.632236557811753e-16,1.078791838748036
GALAXY,0.06958241,1.65e-05,18.22867,0.01115554,0.03823758,17.49845,0.009442513,0.02645258,20136.16632731651,1.4534166303953586e-15,0.5392990462984378
GALAXY,0.4247515000000001,9.15e-05,21.3343,0.07890021,0.13377139999999998,19.53349,0.02529775,0.09254242,101904.216076274,8.320283515116771e-17,2.2540090336140386
GALAXY,0.528046,0.000201005,22.58912,0.1952209,0.08105817,20.61885,0.05165907,0.05607566,120002.81000180639,2.619450073241241e-17,4.01716483424889
GALAXY,0.6228657,0.000165726,22.59795,0.2260793,0.1057245,20.89281,0.0788005,0.07313972,134785.42445027115,2.5982331841739712e-17,4.033533351461828
GALAXY,0.4587903,8.540000000000003e-05,21.34925,0.06780072,0.06946576,19.59705,0.02314472,0.0480561,108113.5374631049,8.206502860316349e-17,2.269580818192777
GALAXY,0.1204625,1.11e-05,18.16438,0.008729299999999999,0.06203261,17.44356,0.006743273,0.04291387,33952.56755966564,1.5420772324688902e-15,0.5235662607082264
GALAXY,0.07871718,7.05e-06,18.638820000000006,0.009442588,0.06728166,18.53705,0.01123039,0.04654514,22672.660745709512,9.961623538441034e-16,0.6514178461756552
GALAXY,0.6217242,0.00016810099999999998,23.56577,0.3605498,0.1591705,21.56007,0.1082705,0.1101134,134617.0668100077,1.0654918330236424e-17,6.2986815575505295
GALAXY,0.1708758,2.97e-05,19.29539,0.01184313,0.1303242,18.07073,0.007087565,0.09015765,46904.42542146419,5.441293162848006e-16,0.8814012300889322
GALAXY,0.5910707,0.000156993,22.94775,0.2086248,0.1302353,21.15351,0.06787621,0.09009618,130010.80657813352,1.882600307129655e-17,4.738552015530941
GALAXY,0.4699595,7.45e-05,21.16611,0.0942428,0.08535476,19.96508,0.04966359,0.05904803,110097.27539560085,9.714358466632877e-17,2.086016082052717
GALAXY,0.1194307,3.28e-05,17.61974,0.01835333,0.1012509,16.23085,0.008919689,0.0700449,33679.88480039088,2.5466081533507006e-15,0.407421226910693
GALAXY,0.1251974,2.13e-05,18.52233,0.009827546,0.04917303,17.664170000000006,0.006903093000000001,0.03401767,35199.95618261836,1.1089861573387405e-15,0.617392930531968
GALAXY,0.5759693,0.00014120700000000002,22.31719,0.14589720000000006,0.1308385,21.01204,0.07517576,0.0905135,127679.908126061,3.3649771943646226e-17,3.5443259321842184
GALAXY,0.2974472,5.47e-05,20.75062,0.03531963,0.1936829,19.031270000000006,0.0130243,0.133989,76347.65294673033,1.4243283715804816e-16,1.7227396613830737
GALAXY,0.392488,5.69e-05,20.90305,0.03723815,0.0677834,19.16186,0.01377345,0.04689224,95784.20401490833,1.2377647922860517e-16,1.8480156820723672
GALAXY,0.3972302,0.000186682,21.96823,0.1024964,0.09891602,20.35152,0.03745317,0.06842964,96698.38983630273,4.640514405687487e-17,3.0181557831571078
GALAXY,0.10955539999999997,6.76e-06,17.603270000000006,0.005796769,0.08048381,17.00806,0.00502957,0.05567833,31054.448717798914,2.585533238243026e-15,0.40434274237150364
GALAXY,0.1128305,2.64e-05,18.90979,0.009488321,0.1566001,17.92434,0.006442851,0.1083353,31928.299024050953,7.761436795539781e-16,0.7379953956639409
GALAXY,0.5281404000000001,0.000117642,22.34897,0.1307836,0.06390093,20.78768,0.04669554,0.04420636,120018.36224109025,3.2679102850484666e-17,3.59657939850695
GALAXY,0.1373753,2.04e-05,17.64498,0.007040885,0.1139278,16.7005,0.005052349,0.07881469,38378.51699458689,2.4880902260638493e-15,0.4121844961688461
GALAXY,0.4930901,0.000126797,22.84338,0.2039603,0.5258991,20.98892,0.05927005,0.3638145,114123.25251267904,2.072555290285664e-17,4.5161842545888256
GALAXY,0.5785635,0.000252437,23.62368,0.4396462,0.189829,21.44401,0.1034445,0.1313228,128083.2691022531,1.0101505978390594e-17,6.468918092641162
GALAXY,0.1057941,6.08e-06,18.03347,0.007096321,0.1732474,17.56457,0.007102336,0.1198517,30047.02371500506,1.7396830224118613e-15,0.4929349962518551
GALAXY,0.2051935,4.14e-05,18.81195,0.01923842,0.1595343,17.60066,0.009913415,0.1103651,55312.529247827115,8.493332477920533e-16,0.7054815367779551
GALAXY,0.4166760000000001,9.2e-05,21.02579,0.06188606,0.1890964,19.26969,0.02014634,0.13081600000000002,100394.1471622839,1.1054576901133122e-16,1.9554812327708755
GALAXY,0.4838523,0.000142153,22.045820000000006,0.1606133,0.3473743,20.09684,0.04006224,0.240312,112528.54047671078,4.3204613582365227e-17,3.1279489195967862
GALAXY,0.7129536,0.00017554799999999998,22.20989,0.17094489999999998,0.1056024,21.17803,0.1069531,0.07305522,147389.58409363858,3.7145150747682854e-17,3.3734451427943295
GALAXY,0.4556858,9.66e-05,21.44588,0.08903559,0.15092550000000002,19.61199,0.02843564,0.1044095,107557.49469343842,7.507686427374659e-17,2.3728574698119345
GALAXY,0.8875071,0.000127161,22.08538,0.09178384,0.11191,21.16597,0.05817145,0.07741883,168381.858338722,4.165873951626171e-17,3.185456305366097
GALAXY,0.6204980999999999,0.000155127,21.37487,0.1196741,0.03400311,20.05026,0.0530379,0.02352319,134435.9809510775,8.015121777934132e-17,2.2965169346485648
GALAXY,0.06024211,1.11e-05,17.40924,0.006911735,0.4901625,16.44905,0.004855740999999999,0.3390921,17517.069479635815,3.091449277022451e-15,0.36978019937899953
GALAXY,0.5292544,0.000156558,21.87358,0.1493918,0.3027278,20.08208,0.05025512,0.2094257,120201.7612410502,5.063212154377034e-17,2.889426504879433
GALAXY,0.1547711,2.64e-05,18.53761,0.009951388,0.20716020000000004,17.36134,0.006184849,0.1433125,42845.43918660781,1.0934882612925187e-15,0.6217526604600403
GALAXY,0.08845551,1.39e-05,17.57984,0.005841713,0.4983649000000001,16.53574,0.004091513,0.3447665,25349.65053009157,2.6419349806448798e-15,0.40000337187412854
GALAXY,0.2556741,4.2100000000000014e-05,19.2426,0.01999008,0.1764621,17.71718,0.008708512,0.1220756,67099.14617884015,5.712393616992121e-16,0.8602321155243555
GALAXY,0.6437449000000001,0.00017073599999999995,22.3815,0.2059568,0.1429734,20.54766,0.0612612,0.09890833,137825.53455153937,3.171451872039272e-17,3.650863975866214
GALAXY,0.1872811,3.77e-05,19.68221,0.02962737,0.3443549,18.81023,0.01860924,0.2382231,50964.496483521056,3.810431205794618e-16,1.0532649986924745
GALAXY,0.5110437,0.000160062,23.44038,0.2373623,0.2342279,21.669,0.08674163,0.1620377,117173.29814895058,1.1959310047490932e-17,5.945270954376513
GALAXY,0.4740258,0.000118047,22.31954,0.21821910000000005,0.1359105,20.48177,0.05334732,0.09402224,110813.01528345351,3.357701813185055e-17,3.5481637311378327
GALAXY,0.03404719,4.5e-06,17.05513,0.005191645,0.07843425,16.84864,0.006134828,0.05426045,10033.426740966854,4.2835725336917506e-15,0.31413885198183533
GALAXY,0.06090383,9.14e-06,17.86287,0.005483428,0.07006211,17.19095,0.004837397,0.04846864,17703.47263304918,2.0356828844328964e-15,0.4556901616625785
GALAXY,0.4432732,6.29e-05,20.80826,0.03935758,0.05940077,19.15913,0.01698543,0.04109317,105313.82768911343,1.350685150401404e-16,1.7690807315418016
GALAXY,0.511305,0.000176968,22.22019,0.1478809,0.102426,20.60158,0.05669848,0.07085785,117217.21402092947,3.6794433876160286e-17,3.3894845003323573
GALAXY,0.6516181,0.000147939,22.57377,0.1500921,0.07220113,21.02444,0.06384590000000001,0.04994841,138952.79258822263,2.6567465495021866e-17,3.988867884686956
GALAXY,0.5639841999999999,0.000157998,21.569000000000006,0.1181375,0.0918949,19.94489,0.04516187,0.06357247,125800.34777897513,6.702828771924352e-17,2.5112829742907303
GALAXY,0.3352178,6.01e-05,20.75489,0.03805224,0.03473523,19.05067,0.01453666,0.02402967,84331.95071095166,1.4187377517567477e-16,1.7261306027595293
GALAXY,0.4315124,0.000102937,21.27942,0.07515419,0.07575741,19.56693,0.02705112,0.05240862,103157.45238790578,8.751653715333125e-17,2.1977569002739052
GALAXY,0.6503658,7.950000000000001e-05,21.80071,0.07987428,0.08502279,20.60022,0.04666273,0.05881837,138774.18456665936,5.4146965781444485e-17,2.7940723801613587
GALAXY,0.4747887,0.000140667,21.92161,0.1153376,0.07054669,20.17975,0.04002685,0.04880387,110946.91685333643,4.84411143513451e-17,2.954048710408828
GALAXY,0.5174536,0.000150012,21.81287,0.12758640000000002,0.05875538,20.23661,0.04420867,0.0406467,118246.69472378396,5.354391532573134e-17,2.809762760785961
GALAXY,0.02257637,1.33e-05,16.53223,0.003791165,0.06021255,15.7684,0.003122647,0.04165477,6691.8435098497985,6.9337172118912316e-15,0.24691169014051495
GALAXY,0.4481949000000001,7.45e-05,21.24135,0.0684505,0.07531725,19.45026,0.02214653,0.05210412,106207.39357307147,9.063963024579653e-17,2.1595618773136818
GALAXY,0.1664659,4.44e-05,18.78916,0.01218966,0.08292859,17.62439,0.007266476,0.05736962,45800.2223046895,8.6734948549547e-16,0.6981160974733678
GALAXY,0.6302748,0.000204671,22.74931,0.2469197,0.08432611,20.87307,0.0769628,0.05833641,135872.72914213204,2.2601336701375175e-17,4.324716589993746
GALAXY,0.5037411,0.000149144,22.62744,0.1944562,0.1074887,20.65474,0.04741023,0.07436018,115940.4835463753,2.5286115957596207e-17,4.08868499341725
GALAXY,0.4792972,0.000191898,21.86381,0.09969826,0.06234382,20.29767,0.03531553,0.04312917,111735.77696613455,5.108979089945517e-17,2.8764554508997637
GALAXY,0.1146677,1.91e-05,17.56731,0.005675528000000001,0.09551366,16.52704,0.004046122,0.06607591,32417.130359124458,2.672600991585122e-15,0.39770188760841935
GALAXY,0.747833,0.00012570799999999998,21.54632,0.07695942,0.05973806,20.80854,0.05766777,0.04132652,151926.4367135941,6.84431714456579e-17,2.485190313951972
GALAXY,0.3216278,7.57e-05,21.09489,0.05516342,0.13515120000000005,19.35915,0.01911972,0.09349699,81499.63137531566,1.0372946195227546e-16,2.0187086887480308
GALAXY,0.08513431,1.15e-05,18.02831,0.008389538,0.120494,17.40701,0.007940374,0.08335719,24439.814721730803,1.7479706058829992e-15,0.49176504129857596
GALAXY,0.07487121,1.73e-05,16.91581,0.005161472,0.1199947,16.28666,0.004549308,0.08301179,21607.736484013447,4.8700579071932326e-15,0.29461689781822803
GALAXY,0.1267247,2.82e-05,17.08631,0.005427375,0.08954435,16.01707,0.003694668,0.06194636,35600.936840806855,4.162307151551516e-15,0.3186820867414897
GALAXY,0.0283819,9.08e-06,17.271639999999998,0.00950464,0.07798996,16.932010000000002,0.01226551,0.05395309,8387.980589250317,3.5091515554416343e-15,0.347075255691895
GALAXY,0.003600934,1.33e-05,15.53419,0.0031177590000000003,0.03988353,15.092429999999998,0.003168338,0.02759124,1077.589204231196,1.738529743609517e-14,0.15593142662012602
GALAXY,0.5499598000000001,8.94e-05,22.22157,0.1359227,0.1126858,20.67639,0.04730899,0.07795551,123567.07168909484,3.6747696866600414e-17,3.3916392480548825
GALAXY,0.2130193,3.18e-05,19.34251,0.01614334,0.07619368,17.9592,0.008320935,0.05271043,57184.59305846343,5.210196768635295e-16,0.9007362729476469
GALAXY,0.1935739,3.620000000000001e-05,18.42904,0.01317035,0.06436034,17.12398,0.00676197,0.04452419,52502.05840557368,1.2084873958312158e-15,0.5914304114768116
GALAXY,0.2049685,1.6100000000000002e-05,18.64471,0.009789085,0.1439738,17.897389999999994,0.008127101,0.0996004,55258.458731674626,9.907729139530315e-16,0.6531871799371343
GALAXY,0.1977209,3.79e-05,19.20419,0.01569971,0.2004304,17.91432,0.008998988000000001,0.1386568,53509.3572260604,5.918097627634609e-16,0.8451497206970378
GALAXY,0.16156070000000006,3.87e-05,18.85939,0.01258435,0.06370684,17.68443,0.0076510469999999985,0.0440721,44565.58098746612,8.130216773369952e-16,0.7210637324543253
GALAXY,0.101751,1.2e-05,17.57485,0.007364344,0.0711408,16.7328,0.005400884,0.04921488,28959.524516023444,2.654105153120286e-15,0.39908522749921316
GALAXY,0.5259801,0.000143144,22.28797,0.16825610000000002,0.1323566,20.32051,0.04678672,0.09156366,119662.02292172413,3.4567671422311104e-17,3.496951848285145
GALAXY,0.4658516,0.000110708,20.61304,0.04890149,0.02176545,19.10695,0.02115524,0.01505724,109370.71770471465,1.6167472287622819e-16,1.6169762917110353
GALAXY,0.2073988,4.39e-05,19.70919,0.02233916,0.3032001,18.25881,0.009730209,0.2097524,55841.76136156847,3.716910683309199e-16,1.0664331884271347
GALAXY,0.5150818,8.590000000000001e-05,20.90518,0.06971849999999999,0.07150782,19.32719,0.02700694,0.04946878,117850.46019084964,1.2353389225397758e-16,1.8498292923050803
GALAXY,0.5637394,0.000195512,22.56518,0.1843941,0.1748275,20.95154,0.06528449,0.12094489999999998,125761.6804032858,2.677849253233002e-17,3.973119725952177
GALAXY,0.4493180000000001,0.000121278,22.59523,0.16523829999999998,0.12926310000000002,20.68226,0.04819268,0.08942361,106410.5734731147,2.6047504708214552e-17,4.028484085244005
GALAXY,0.3214011,5.93e-05,21.16349,0.0615319,0.1742395,19.37903,0.02226315,0.1205381,81452.00183267433,9.737828580786632e-17,2.0835007075502365
GALAXY,0.6117862,0.000323074,22.79243,0.5768128,0.1739366,20.56264,0.1375422,0.1203286,133141.7850543142,2.172131557371685e-17,4.4114529563394305
GALAXY,0.08171394,9.62e-06,18.38182,0.009384299,0.1320191,17.81259,0.007978817,0.09133022,23499.420225050082,1.26220566549563e-15,0.578708221506856
GALAXY,0.1354316,2.36e-05,18.28014,0.00766822,0.08239706,17.19132,0.005108764,0.0570019,37874.04640979738,1.3861241341667524e-15,0.5522346490894303
GALAXY,0.1499509,1.63e-05,18.80835,0.01181388,0.06835037,17.9933,0.008815554,0.04728447,41616.3240028423,8.521540751365994e-16,0.7043129152374367
GALAXY,0.3013545,5.51e-05,21.006120000000006,0.04652555,0.1170172,19.28252,0.01675365,0.08095194,77190.0161492726,1.1256674942422772e-16,1.9378477466074802
GALAXY,0.4845085,0.00014015700000000002,22.02596,0.08707838,0.07670898,20.49771,0.03536804,0.05306692,112642.39395411267,4.400217310350154e-17,3.099471535402378
GALAXY,0.08278510000000001,1.36e-05,16.9448,0.004268087,0.08984810000000001,16.16829,0.003449197,0.0621565,23794.29469883015,4.741744238764178e-15,0.2985765202618689
GALAXY,0.496994,9.990000000000003e-05,21.43081,0.09818657,0.07915924,19.58969,0.03151917,0.05476199,114791.97224322913,7.612619537154023e-17,2.3564468697892447
GALAXY,0.6266130999999999,0.000310197,22.59106,0.2173898,0.25921910000000004,20.91153,0.07390881,0.1793266,135336.54298486304,2.6147738030874218e-17,4.020755385093569
GALAXY,0.4964516,0.000111368,22.26098,0.1178693,0.093427,20.27354,0.03862637,0.06463237,114699.24577607872,3.5437748790000494e-17,3.4537559990438527
GALAXY,0.5338635,0.000101052,21.51241,0.1240205,0.09883754,19.73501,0.04273858,0.06837536,120958.0091058571,7.06145385110466e-17,2.4466827062057623
GALAXY,0.6396265,0.000245017,22.26314,0.2352407,0.08348966,20.47078,0.07712442,0.05775776,137231.73509973325,3.536731782676118e-17,3.4571932172675224
GALAXY,0.4874909000000001,0.000123491,21.48208,0.08686501,0.1397838,19.75558,0.03172912,0.09670182,113158.74372516136,7.261496380185988e-17,2.412746266579997
GALAXY,0.5717263000000001,0.000108584,22.28581,0.1151337,0.1083877,20.57544,0.04456253,0.07498211,127017.52642124172,3.4636509958700796e-17,3.493475101148122
GALAXY,0.1273011,1.23e-05,18.5001,0.009790401,0.1508567,17.69538,0.007167299,0.10436199999999997,35752.09143747141,1.131926233410644e-15,0.6111047399499264
GALAXY,0.5141677,0.000130661,21.85347,0.15243520000000002,0.07504815,20.1225,0.04431861,0.05191796,117697.45398533356,5.1578668326691985e-17,2.8627910597408066
GALAXY,0.1002963,1.92e-05,17.55535,0.006000406,0.1770576,16.54883,0.00429726,0.1224876,28567.077361312316,2.7022039544694253e-15,0.3955174529159671
GALAXY,0.4819595999999999,0.000179039,22.09262,0.1462106,0.1809948,20.16599,0.04294128,0.1252114,112199.6547965094,4.13818712532593e-17,3.196094798166264
GALAXY,0.1060809,2.8300000000000007e-05,18.53604,0.01205405,0.5904484,17.26997,0.006773501,0.4084695,30123.985176546026,1.0950706147323185e-15,0.6213032884702676
GALAXY,0.1227602,2.69e-05,18.57552,0.0096481,0.0979616,17.46931,0.00599649,0.06776939,34558.69503797184,1.0559664624547106e-15,0.632702648287427
GALAXY,0.4533703,9.73e-05,21.07597,0.06161418,0.1842946,19.20228,0.01817744,0.1274942,107141.44053279297,1.0555288916656047e-16,2.0011961204325677
GALAXY,0.5615604999999999,0.000179027,22.63131,0.16689210000000002,0.1224628,21.24516,0.06518718,0.08471919,125417.02136876296,2.519614652114665e-17,4.095978348518307
GALAXY,0.3147301,8.640000000000001e-05,20.13006,0.04830176,0.06822418,18.4795,0.02023845,0.04719717,80044.76954185171,2.5225171361672135e-16,1.2945166845778755
GALAXY,0.4519326,0.000120743,21.88076,0.09894461,0.1526161,20.35793,0.04587109,0.10557910000000002,106882.53885921906,5.029839477706849e-17,2.8989962413564845
GALAXY,0.277433,5.6299999999999986e-05,20.7861,0.04305482,0.2046946,19.06604,0.01627024,0.1416068,71972.36283103636,1.3785360417736328e-16,1.7511189678997927
GALAXY,0.4685683,0.00013307,21.47724,0.0945101,0.2245301,20.23412,0.05283018,0.1553289,109851.6103610619,7.293938970811509e-17,2.407374479526532
GALAXY,0.5692339,0.0001763,22.48558,0.277249,0.1797557,20.65009,0.08291856,0.1243542,126626.89088690438,2.881549770704108e-17,3.830113574221267
GALAXY,0.4463307,0.000104901,21.55116,0.08817022,0.04386642,20.051,0.03442495,0.03034659,105869.54649262186,6.813874419431816e-17,2.490735738341662
GALAXY,0.5231149,0.000115397,21.1753,0.06707989,0.06743696,19.87001,0.03242882,0.04665258,119188.0093883237,9.632480205087759e-17,2.0948631257458774
GALAXY,0.5553165,0.000120397,22.01304,0.1107528,0.07081832,20.2647,0.03909888,0.04899178,124424.43668386305,4.452891623499527e-17,3.0810848057332536
GALAXY,0.6060515000000001,0.000210344,22.11966,0.1982789,0.04892085,20.34983,0.06512265,0.03384322,132282.63008839858,4.036399328048144e-17,3.236142613515666
GALAXY,0.6046205,0.000147519,22.88969,0.1939521,0.05566986,21.26699,0.08057742,0.03851215,132067.34037810192,1.98601317486761e-17,4.61353322168422
GALAXY,0.112794,2.59e-05,18.73559,0.009780793,0.1498675,17.66655,0.006470676999999999,0.1036776,31918.57739521292,9.112176539927022e-16,0.6811043473090356
GALAXY,0.1414983,2.46e-05,18.60791,0.008682483000000001,0.05529891,17.4861,0.00555182,0.03825553,39445.02695209667,1.0249298111058478e-15,0.6422108702345765
GALAXY,0.4279369000000001,0.00016722400000000002,22.32412,0.133025,0.05199156,20.64094,0.05158197,0.03596752,102495.92355747153,3.34356773122885e-17,3.5556553020571866
GALAXY,0.1684756,1.47e-05,18.43747,0.01105907,0.02967768,17.6786,0.008206005,0.02053088,46304.111420538386,1.1991406491867498e-15,0.5937309005986511
GALAXY,0.3563841,5.16e-05,19.898670000000006,0.03407077,0.1280908,18.25704,0.01307032,0.08861260000000001,88654.49137610118,3.12169253037122e-16,1.1636695020118277
GALAXY,0.0380642,3.32e-05,16.80017,0.03448328,0.1517422,15.99736,0.007281385,0.10497460000000003,11194.329394463395,5.417390292678413e-15,0.27933776388923715
GALAXY,0.1716691,7.55e-06,17.7004,0.0061845680000000005,0.1856086,17.09149,0.005350582,0.1284031,47102.482774279066,2.3642757360877885e-15,0.42283959898701373
GALAXY,0.07651728,1.18e-05,20.28547,0.02543012,0.1176351,19.64812,0.02069483,0.08137943,22064.057015598646,2.1861005081948693e-16,1.3905597428856469
GALAXY,0.7573231,0.000108442,21.66374,0.1092254,0.02123693,20.86133,0.07827893,0.01469161,153129.57640626244,6.142739881354977e-17,2.6232739844199386
GALAXY,0.7150767,0.000114814,21.27418,0.08496135,0.04031758,20.58078,0.06992431,0.02789151,147670.9996108718,8.793993194733952e-17,2.1924598666586808
GALAXY,0.6188014000000001,0.00019611,22.33971,0.1869372,0.2365291,20.59088,0.06429750000000001,0.1636297,134184.9619094692,3.295900749714135e-17,3.5812748454114414
GALAXY,0.4520282,0.000112054,21.186120000000006,0.05944875,0.1802955,19.43702,0.02062777,0.1247276,106899.7681845458,9.53696360329011e-17,2.1053274465829546
GALAXY,0.5578021,0.000187987,22.18498,0.12218410000000003,0.15507179999999998,20.60255,0.04487292,0.107278,124820.43671364954,3.8007221791690386e-17,3.3349678555512066
GALAXY,0.5428164000000001,0.000153451,22.10591,0.1791812,0.09739948,20.47576,0.06344706,0.06738051,122415.29324711493,4.087842223599272e-17,3.2157157465551522
GALAXY,0.1734629,3.52e-05,18.714920000000006,0.01245059,0.1283756,17.47012,0.007249135,0.08880965,47549.67821846374,9.287313916636106e-16,0.6746517516312286
GALAXY,0.7483354999999999,0.000251446,22.30719,0.1457424,0.07937235,20.80391,0.06314099,0.05490943,151990.4730351743,3.39611294499473e-17,3.528041233755666
GALAXY,0.0677198,2.29e-05,18.31823,0.00789717,0.07593634,17.55104,0.006136539,0.052532400000000014,19615.93859869337,1.3383389736715468e-15,0.562006906026151
GALAXY,0.1409841,3.26e-05,18.6607,0.01200645,0.04976542,17.65757,0.007996606,0.03442749,39312.282376349496,9.762883910835798e-16,0.6580147855282124
GALAXY,0.6774675,0.000209834,22.65464,0.1528655,0.07325067,21.55975,0.08327104,0.05067448,142581.89819025624,2.466051404732452e-17,4.140222224287908
GALAXY,0.6255094,0.000211742,22.9044,0.1903664,0.08053286,20.9926,0.05676347,0.05571226,135174.47620187904,1.9592873080682123e-17,4.644892339717813
GALAXY,0.5742526,0.000136045,22.00053,0.08112065,0.100883,20.29313,0.03130264,0.06979039,127412.30902795907,4.5044951661207456e-17,3.0633854993596237
GALAXY,0.02436952,4.97e-06,18.06489,0.0071961859999999985,0.07157093,17.539460000000002,0.006841403,0.04951243,7216.804698988292,1.6900600082669533e-15,0.500119343344034
GALAXY,0.4284382000000001,0.000107139,20.6722,0.0558123,0.02978577,19.09829,0.02140592,0.02060566,102588.8408567078,1.531010344921787e-16,1.6616350797871617
GALAXY,0.4964403,0.000157339,22.47587,0.1272479,0.09103736,20.71828,0.04447451,0.06297922,114697.31334374771,2.9074357430245703e-17,3.8130249960911016
GALAXY,0.17322479999999998,1.75e-05,18.60992,0.007623621999999998,0.1093694,18.47032,0.008366194,0.07566124,47490.37154299453,1.0230341359225748e-15,0.6428056010060709
GALAXY,0.5015960999999999,0.000116285,21.81472,0.1414247,0.08722922,20.39534,0.05592231,0.06034477,115576.34578681308,5.345275883742262e-17,2.812157576384148
GALAXY,0.4253399000000001,0.000101445,21.59485,0.09845388,0.11829760000000003,19.75761,0.0296681,0.08183771,102013.68237332584,6.545127712750988e-17,2.541356853320157
GALAXY,0.06552906,9.03e-06,17.81053,0.007185303000000001,0.1061226,17.24645,0.006010083,0.07341515,19002.749276375147,2.1362207301762703e-15,0.4448377672769945
GALAXY,0.3155529,0.000106227,20.30229,0.05616556,0.07070027,18.62618,0.02002817,0.04891011,80218.93032029702,2.15249487060551e-16,1.4013726983392272
GALAXY,0.4111961,4.19e-05,21.14663,0.06193009,0.04231048,19.52055,0.02313479,0.02927019,99361.22266839365,9.890223938986064e-17,2.06738638702507
GALAXY,0.02047591,6.89e-06,16.73222,0.004029077,0.08092672,16.40072,0.003923284,0.05598473,6075.690369951012,5.767267894177882e-15,0.2707320378419563
GALAXY,0.09696708,7.07e-06,17.2133,0.004976155,0.0775454,16.61086,0.004429545,0.05364555,27666.59739122571,3.702867101568632e-15,0.3378746838045434
GALAXY,0.1211106,2.44e-05,17.851670000000006,0.007071921,0.1563164,16.80353,0.004839993,0.1081389,34123.68917906235,2.0567908196923575e-15,0.4533458581368958
GALAXY,0.5235232,0.000345602,22.36794,0.2281149,0.17761459999999998,20.70245,0.0808283,0.1228729,119255.65564043028,3.211309212584852e-17,3.6281367864348226
GALAXY,0.5509115,0.000209601,21.86308,0.1368373,0.1091075,20.11344,0.04477042,0.07548010000000001,123719.79084901848,5.112415291844725e-17,2.875488614040708
GALAXY,0.1048683,2.49e-05,18.4135,0.01027076,0.08465397,17.48479,0.00698616,0.05856322,29798.425978765998,1.2259086945164457e-15,0.5872129873532149
GALAXY,0.03452962,8.87e-06,17.16039,0.005538557,0.1359118,16.77567,0.0054322780000000005,0.09402318,10173.102108910332,3.887783973954735e-15,0.32974153269228074
GALAXY,0.3738809,6.77e-05,20.80114,0.04079368,0.14900410000000006,19.00636,0.01492854,0.1030804,92147.50631011771,1.359571728808382e-16,1.7632896254014745
GALAXY,0.5709124,0.000107963,21.88603,0.1083015,0.06439399,20.22802,0.03700427,0.04454746,126890.08914597833,5.005484549888569e-17,2.906040431306844
GALAXY,0.5340701,0.000169252,22.18207,0.1359055,0.08897193,20.79678,0.06692162,0.06155037,120991.8113738174,3.8109225726307054e-17,3.330501643304199
GALAXY,0.1095362,4.13e-05,18.58142,0.01842356,0.5402309000000001,17.68219,0.01195476,0.3737292,31049.316651659883,1.050243797088294e-15,0.634424070814072
GALAXY,0.4865758,0.000107651,21.7467,0.1224238,0.15319570000000002,19.94785,0.03483701,0.10598010000000002,113000.50352390604,5.69086292838067e-17,2.725433892087834
GALAXY,0.224816,3.950000000000001e-05,18.98862,0.01815689,0.1361422,17.489710000000002,0.008356015999999999,0.09418254,59975.205313868304,7.217887773587739e-16,0.7652787466923403
GALAXY,0.3214238,5.53e-05,20.52548,0.04013597,0.1635136,18.7275,0.0138986,0.113118,81456.77165813638,1.7525326802836485e-16,1.5530722228175957
GALAXY,0.4132605,6.86e-05,21.54321,0.08709132,0.2775443,19.67806,0.02524586,0.1920039,99751.13160245417,6.86395022033887e-17,2.481633552301225
GALAXY,0.2685558,5.2e-05,20.3748,0.03076311,0.2859103,18.73678,0.01218512,0.1977914,69998.97919042724,2.0134373710090036e-16,1.4489575170150693
GALAXY,0.12664560000000002,3.2200000000000003e-05,17.93721,0.008191261,0.1302326,16.758210000000002,0.004982149,0.09009434,35580.18626217898,1.9009650191045016e-15,0.4715607527379177
GALAXY,0.3054391,4.93e-05,20.18796,0.02649017,0.05442899,18.55817,0.01087927,0.03765372,78066.51613417052,2.391520594867697e-16,1.329497889583453
GALAXY,0.3494808,7.099999999999999e-05,20.81819,0.04614598,0.1572979,18.97902,0.01383352,0.108818,87256.47920691707,1.3383882808097415e-16,1.777189146451433
GALAXY,0.31557909999999995,5.6600000000000014e-05,20.53073,0.03627981,0.1034982,18.82232,0.01340383,0.07159957,80224.47328642056,1.7440788887967288e-16,1.5568316505935946
GALAXY,0.2491499,4.59e-05,20.08647,0.02485789,0.1829493,18.48096,0.0106953,0.1265635,65613.94691828702,2.625851278995496e-16,1.2687897230249228
GALAXY,0.497816,0.000127289,21.53757,0.09127171,0.05597344,19.85044,0.03167996,0.03872217,114932.38494069048,6.89969868526495e-17,2.475196329177257
GALAXY,0.6700953000000001,0.000258931,23.00035,0.28810840000000004,0.1283121,21.01093,0.08003616,0.08876572,141557.99728116745,1.793569149591713e-17,4.854736383169066
GALAXY,0.2500013,4.94e-05,19.46964,0.01875454,0.1474984,17.945079999999994,0.009028101,0.1020387,65808.39729701182,4.63449187601503e-16,0.9550445976552474
GALAXY,0.6107471999999999,0.000201033,22.61765,0.2026574,0.08754716,20.77861,0.0651397,0.06056472,132986.55322759174,2.5515149963047528e-17,4.070292805470843
GALAXY,0.1457384,2.05e-05,17.79798,0.0074360580000000015,0.08815167,16.68753,0.00502929,0.06098292,40536.76415899215,2.161056518449387e-15,0.4422742475317524
GALAXY,0.1151708,1.49e-05,17.712229999999995,0.006005000999999999,0.05579481,16.99188,0.004783479,0.03859859,32550.82145424028,2.338654817400482e-15,0.42514948004963393
GALAXY,0.6238826999999999,0.000240313,21.97581,0.1509926,0.1762693,20.55021,0.06423674,0.1219423,134935.23049513614,4.6082297697895496e-17,3.0287097266060057
GALAXY,0.3553883,9.41e-05,20.87237,0.05822536,0.111976,19.09325,0.01995766,0.07746449,88453.52634158319,1.2732395639952634e-16,1.822089276880264
GALAXY,0.27109390000000005,4.54e-05,19.61842,0.02430532,0.2146311,18.1399,0.01080588,0.1484808,70565.26500688841,4.0410118613422424e-16,1.0227739364382353
GALAXY,0.1788718,5.69e-05,20.14026,0.03025272,0.2000182,18.90089,0.01577331,0.1383717,48892.679387198994,2.498930197700533e-16,1.3006116873526916
GALAXY,0.5154042999999999,0.00014351,21.87688,0.09266134,0.28532870000000005,20.35306,0.03814735,0.1973891,117904.40236618194,5.0478463283319874e-17,2.8938209224076936
GALAXY,0.5591258000000001,0.000213434,22.21015,0.1948556,0.10544760000000003,20.71965,0.07283489,0.07294815,125030.85343971766,3.7136256706128164e-17,3.373849084490585
GALAXY,0.4795745,0.000111107,21.8201,0.1004369,0.1119787,20.39042,0.04664099,0.07746633,111784.15977642387,5.318854684553543e-17,2.8191335643605124
GALAXY,0.33473400000000003,8.18e-05,20.65491,0.05260362,0.1869288,18.87406,0.01888242,0.1293165,84231.89184410253,1.5555863556229195e-16,1.6484571109212274
GALAXY,0.1704796,2.67e-05,18.54735,0.01078208,0.2604115,17.29325,0.006304259,0.1801515,46805.44310295414,1.0837225873845128e-15,0.624547756002368
GALAXY,0.2527817,3.07e-05,20.2713,0.02379606,0.0723495,19.00253,0.01281937,0.05005105,66442.08393956786,2.2148184120832997e-16,1.381515151369703
GALAXY,0.6224094,0.00017743099999999998,22.19202,0.1722266,0.07810774,20.44013,0.05960267,0.05403458,134718.15262321816,3.776157718960763e-17,3.3457974996901196
GALAXY,0.4848625,0.000117992,22.33999,0.1235734,0.16639289999999998,20.86699,0.05030572,0.1151099,112703.77785972685,3.295050881008316e-17,3.5817366618292974
GALAXY,0.4945245,0.000136821,22.33275,0.1436309,0.12621749999999998,20.55501,0.04844723,0.08731668,114369.31644771909,3.317096646129619e-17,3.56981452494186
GALAXY,0.4663529000000001,0.000214611,22.36041,0.2112534,0.32031170000000003,20.65281,0.08340011,0.2215902,109459.57060898819,3.233658292673397e-17,3.615577310143551
GALAXY,0.6426609999999999,0.00020512,23.0527,0.2882035,0.317656,21.49396,0.1128399,0.21975300000000006,137669.53243727604,1.7091419160136905e-17,4.973196877267394
GALAXY,0.5940797,0.00020899,23.74539,0.3764607,0.09343591,21.60928,0.11962169999999997,0.06463853,130470.32815604784,9.03029889259204e-18,6.841851634495166
GALAXY,0.2694032,3.24e-05,19.03474,0.01504655,0.14489570000000002,17.418210000000002,0.007422874,0.1002381,70188.23095699662,6.917706390107583e-16,0.7817063723590858
GALAXY,0.7556016999999999,0.000152826,21.39292,0.08483019,0.092129,20.61766,0.06516775,0.06373442,152912.31466572845,7.882974563573868e-17,2.3156859053324563
GALAXY,0.0926038,1.56e-05,16.90367,0.004605232,0.05762475,15.998820000000002,0.0033667140000000003,0.03986454,26481.51586499954,4.924817316449958e-15,0.29297438567518025
GALAXY,0.07826968,1.32e-05,17.54777,0.005742409,0.05010751,16.72804,0.0044689840000000005,0.03466415,22548.975259976785,2.7211352307186767e-15,0.3941392195400667
GALAXY,0.5373858,0.000173972,21.66688,0.1198335,0.06895880000000001,20.32491,0.05366513,0.04770538,121533.17622129631,6.125000453658652e-17,2.6270700440208685
GALAXY,0.5591015,0.000178016,22.62181,0.1563119,0.14414970000000002,20.88436,0.05258385,0.09972208,125026.99363810511,2.541757567266788e-17,4.078097946123525
GALAXY,0.6003326999999999,0.00019752900000000005,22.72349,0.1675549,0.1209596,21.02669,0.05801877,0.08367927,131420.0868197392,2.3145263275060878e-17,4.273597850883344
GALAXY,0.1536565,2.3800000000000006e-05,17.80649,0.007500511,0.15915929999999998,16.70494,0.004913445,0.1101057,42561.81001712534,2.1441843665376667e-15,0.44401092102069945
GALAXY,0.2661526,6.74e-05,20.13874,0.05358259,0.1402595,18.5836,0.02060098,0.09703087,69461.2573304182,2.50243107934479e-16,1.2997015961141016
GALAXY,0.5808188,0.000165358,22.99928,0.2976025,0.07803007,20.93819,0.06346422,0.05398084,128432.93845901173,1.795337594766898e-17,4.852344785515143
GALAXY,0.2804939,4.51e-05,20.38278,0.02988116,0.1749809,18.7289,0.01186408,0.121051,72648.10426118768,1.9986931553647554e-16,1.454292124529379
GALAXY,0.2135879,3.16e-05,19.43093,0.0162134,0.1887906,18.02765,0.008301673,0.13060439999999998,57319.96323502681,4.802707363531459e-16,0.9381702396623356
GALAXY,0.16476029999999994,3.2299999999999986e-05,19.19531,0.01428369,0.3432245,17.9076,0.007987525,0.2374411,45371.68966625477,5.966698938314146e-16,0.8417006300767054
GALAXY,0.2471751,4.3e-05,19.03251,0.01969752,0.1661085,17.6382,0.008861118000000001,0.1149131,65162.19019700508,6.931929309366039e-16,0.7809040087581548
GALAXY,0.04013124,1.93e-05,18.12961,0.006806367,0.2495413,17.37333,0.00541417,0.1726315,11789.819496154938,1.5922605136584184e-15,0.5152495869254117
GALAXY,0.7288803,0.00013379899999999998,21.67192,0.09985144,0.1858686,20.71897,0.06543718,0.1285831,149483.89849100623,6.096634020417022e-17,2.6331745703410294
GALAXY,0.6512626,0.000164655,22.92726,0.3106793,0.16358589999999998,20.951320000000006,0.07989996,0.113168,138902.11628468282,1.918466081199698e-17,4.6940493620933905
GALAXY,0.4842148,0.00018433,22.75653,0.2414543,0.4625845,20.85932,0.06867533,0.3200139,112591.44665803111,2.2451539464342158e-17,4.339119914129452
GALAXY,0.1795055,2.7300000000000006e-05,19.27788,0.01663434,0.1019547,18.05544,0.009124295,0.07053176,49049.48995773117,5.529757994989283e-16,0.8743224950075954
GALAXY,0.04337456,2.59e-05,17.71375,0.007368858000000002,0.0854663,16.904320000000002,0.005768295,0.05912519,12721.612339500965,2.3353830574746767e-15,0.4254471828592951
GALAXY,0.4495914000000001,0.000139248,22.346120000000006,0.1192383,0.08747181,20.85523,0.05679158,0.06051259,106459.99350592842,3.276499644742154e-17,3.5918620797000878
GALAXY,0.6741071,0.000234638,22.0646,0.1415991,0.05321478,20.59532,0.06529192,0.03681374,142116.27244287755,4.2463728573846174e-17,3.155118334007698
GALAXY,0.4164368,7.26e-05,21.01167,0.06609178,0.1079075,19.22073,0.02371208,0.07464993,100349.19866460802,1.1199280576644282e-16,1.942806967328741
GALAXY,0.5021245,0.000102604,21.47643,0.09480346,0.06566577,19.81566,0.03652003,0.04542727,115666.13313407575,7.299382553624123e-17,2.4064766510868325
GALAXY,0.3522524,4.9e-05,19.313370000000006,0.02182992,0.09649951,17.506220000000006,0.008416046,0.06675791,87819.12619607587,5.351926311829726e-16,0.8887296148789818
GALAXY,0.4223925,0.000224883,21.78961,0.13753929999999998,0.07900272,20.26839,0.05768312,0.05465372,101464.58293456434,5.470337545944882e-17,2.779826253927908
GALAXY,0.129549,2.75e-05,18.27209,0.008622558,0.07026929,17.228360000000002,0.005783055,0.04861197,36340.66464564268,1.3964395010823349e-15,0.5501912157927785
GALAXY,0.6698606,0.000176949,22.64741,0.2992856,0.06345202,20.7181,0.08535704,0.04389581,141525.25604147435,2.4825278266646182e-17,4.126460120317627
GALAXY,0.1122871,2.31e-05,17.33399,0.006030003000000001,0.06124492,16.23164,0.003991093,0.04236896,31783.526622388654,3.3133104115811913e-15,0.35718536179134436
GALAXY,0.3407642,5.22e-05,20.88253,0.05544224,0.06550937,19.0848,0.01693262,0.04531908,85475.01033092868,1.2613805359055538e-16,1.8306345400192705
GALAXY,0.30509509999999995,7.72e-05,20.50676,0.0340707,0.19457120000000006,18.84689,0.01386808,0.13460339999999998,77992.85907146898,1.783011421678106e-16,1.5397409220731768
GALAXY,0.6134102,0.000228769,22.30836,0.1809147,0.09291773,21.02063,0.07531686,0.06428006,133384.04067077322,3.392455231471375e-17,3.5299426719074205
GALAXY,0.0424761,6.8e-06,17.881970000000006,0.007374251,0.07034263,17.638270000000006,0.008262891999999999,0.04866271,12463.802618713102,2.000184811896522e-15,0.4597160349718543
GALAXY,0.09150951,2.37e-05,17.77923,0.008231166,0.0591812,17.01417,0.006654756,0.04094128,26183.42796801876,2.1987007532812416e-15,0.43847178487279814
GALAXY,0.5263085999999999,0.000175855,21.67387,0.1068075,0.08245903,20.29764,0.04821464,0.05704477,119716.26716781646,6.085694192894428e-17,2.635540244699546
GALAXY,0.1287449,9.86e-06,18.37538,0.008415862,0.1395158,17.56297,0.006394131,0.09651636,36130.29222735039,1.269714634458329e-15,0.5769944719197487
GALAXY,0.17521679999999998,3.2500000000000004e-05,18.83357,0.01138682,0.08348327,17.6141,0.006862856999999999,0.05775334,47986.05680734872,8.325879579127458e-16,0.7125406609294561
GALAXY,0.6351055999999999,0.000159821,21.98283,0.15396410000000002,0.1058213,20.54895,0.06693512,0.07320672,136576.60441436668,4.578530643450269e-17,3.038516872541798
GALAXY,0.3163838,4.4e-05,20.30843,0.02935899,0.06536824,18.66813,0.01108168,0.04522144,80394.63599647793,2.1403565457824808e-16,1.4053407914335299
GALAXY,0.06507125,1.13e-05,17.03506,0.004479812,0.07611457,16.21565,0.003572479000000001,0.05265571,18874.42838670575,4.363491408542469e-15,0.31124877603873546
GALAXY,0.1829009,3.12e-05,17.9939,0.008376897,0.05934428,16.90887,0.005500219000000001,0.0410541,49887.7871122153,1.804255862893336e-15,0.48403375861014963
GALAXY,0.08985264,2.3800000000000006e-05,18.64849,0.008919072,0.1419635,17.71099,0.00660867,0.09820969,25731.42297822021,9.873295270411621e-16,0.6543252085758766
GALAXY,0.5742480999999999,0.00016529099999999995,22.10802,0.1632169,0.04234558,20.18464,0.04937239,0.02929447,127411.60685858739,4.0799056996910554e-17,3.218841946917055
GALAXY,0.1761714,2.92e-05,18.70226,0.01181492,0.05109606,17.51269,0.007099512,0.03534802,48223.20476708503,9.396240522484006e-16,0.670729877444813
GALAXY,0.04803433,1.36e-05,18.09187,0.007675513,0.06474424,17.52618,0.006596514,0.04478977,14054.855050321356,1.6485803734254737e-15,0.5063719639203446
GALAXY,0.5322716,0.000283088,22.45071,0.1645627,0.07849509,20.93475,0.06772883,0.05430254,120697.27884002298,2.9755970892273544e-17,3.769099932112211
GALAXY,0.1060037,1.85e-05,18.24919,0.00739195,0.08227755,17.2911,0.005423015,0.05691923,30103.271268529275,1.4262055600333834e-15,0.5444194748317693
GALAXY,0.1071155,2.42e-05,17.49719,0.006324531,0.15712020000000002,16.65642,0.004904015,0.108695,30401.4162204645,2.850900927023624e-15,0.3850646511175373
GALAXY,0.4806886,0.000142031,22.096020000000006,0.15561329999999998,0.2148756,20.02083,0.04178946,0.14865,111978.38647729327,4.1252485964405655e-17,3.2011030285430135
GALAXY,0.06705271,1.28e-05,17.44562,0.005239115,0.07422137,16.532339999999998,0.0040514570000000005,0.051346,19429.370277496997,2.989579626486814e-15,0.37602753892191226
GALAXY,0.1154003,2.37e-05,17.62114,0.009207566,0.09673602,16.69391,0.006223237,0.06692153,32611.783176417623,2.5433265516280867e-15,0.40768398577726694
GALAXY,0.5430626000000001,0.00016486,23.207320000000006,0.3578996,0.1288963,21.02333,0.07425322,0.08916985,122455.15111474744,1.482279578047579e-17,5.340226189183598
GALAXY,0.4304009,7.950000000000001e-05,20.73842,0.05503915,0.167042,18.98864,0.01972511,0.1155589,102952.10451312027,1.4404232581643497e-16,1.7130879186227321
GALAXY,0.6164791000000001,0.000140889,23.13163,0.2662366,0.2237931,21.253870000000006,0.08195741,0.15481910000000002,133840.57889041497,1.5893008849092074e-17,5.1572911796264105
GALAXY,0.1829272,3.64e-05,18.97165,0.01425855,0.0956998,17.70186,0.007251169,0.06620467,49894.267868951654,7.33158924062123e-16,0.7593214218215314
GALAXY,0.7171069,0.000289933,22.92525,0.316513,0.06464736,20.50931,0.05727406,0.04472275,147939.45523147756,1.9220209855888872e-17,4.689706376291491
GALAXY,0.598387,0.000157285,22.19082,0.1409413,0.1078547,20.48982,0.04693033,0.0746134,131125.30363173774,3.780333589954081e-17,3.343949054454171
GALAXY,0.1250734,1.7100000000000002e-05,17.83684,0.007544823000000002,0.1514751,16.72264,0.004778387,0.10478980000000003,35167.37143833563,2.08507713201309e-15,0.4502602957510539
GALAXY,0.08815815,7.19e-06,17.79416,0.007728436999999999,0.05414079,17.25279,0.007286808,0.03745435,25268.32150105081,2.168673263028383e-15,0.44149689367867395
GALAXY,0.5078113000000001,0.000145321,22.22801,0.1359091,0.07452291,20.53159,0.04686927,0.051554599999999985,116628.91832419072,3.653037455831739e-17,3.4017128633905984
GALAXY,0.5603151999999999,0.000205636,21.3705,0.1492964,0.05636268,20.05096,0.06933904,0.03899144,125219.64242467817,8.047447001361893e-17,2.2918999349425255
GALAXY,0.6921619999999999,0.000222413,22.8112,0.3126541,0.09116679,21.12077,0.1151557,0.06306877,144596.7709631679,2.134902890390505e-17,4.4497504154641785
GALAXY,0.7103773,0.000114931,21.77361,0.1073532,0.05776433,20.34651,0.05202431,0.03996109,147047.16686940577,5.551548332653138e-17,2.759419012532846
GALAXY,0.6572568,6.97e-05,21.44077,0.06446584,0.1357741,20.31953,0.04223803,0.0939279,139753.78195230488,7.543104514848116e-17,2.367280127029291
GALAXY,0.6575257,0.00024867,21.983220000000006,0.1686116,0.0860615,20.59712,0.08124388,0.05953695,139791.84834542975,4.576886315592324e-17,3.039062644156214
GALAXY,0.5403475999999999,8.37e-05,22.15241,0.1560957,0.08183252,20.69383,0.06577883,0.05661136,122014.97415746865,3.916463876688305e-17,3.285319808915065
GALAXY,0.4093358,0.00014576299999999998,20.72515,0.06060858,0.2071673,18.92853,0.01844717,0.1433174,99009.04928507909,1.458136311536069e-16,1.7026510567625384
GALAXY,0.5008104,0.000127028,21.57113,0.1051209,0.1384808,19.75373,0.03077623,0.09580037,115442.73372953494,6.689692035741884e-17,2.513747503430595
GALAXY,0.4157025,9.32e-05,21.84263,0.08824448,0.06922906,20.14727,0.03439208,0.04789234,100211.1358578047,5.209620948229168e-17,2.8485356051911013
GALAXY,0.2436212,3.06e-05,19.463520000000006,0.01607979,0.1462606,17.9955,0.008072586,0.1011824,64346.60789487876,4.660689011268253e-16,0.952356723678935
GALAXY,0.05843085,1.41e-05,16.97024,0.004487376,0.03652827,16.08469,0.003514353,0.02527009,17006.181876794504,4.631931468689145e-15,0.30209507998729473
GALAXY,0.2828913,5.36e-05,20.22498,0.03353652,0.05618155,18.63577,0.01339425,0.03886614,73175.69559271602,2.3113521872890277e-16,1.352357930872003
GALAXY,0.5280752,0.000139884,21.99837,0.1525565,0.08931459,20.48811,0.06218378,0.06178742,120007.6208368916,4.5134654797591936e-17,3.060339813509052
GALAXY,0.5886458000000001,0.000168819,23.0588,0.2044622,0.4429701,21.18411,0.06097316,0.3064446,129639.30360508907,1.6995663553622257e-17,4.987186993233941
GALAXY,0.4996011,0.000126783,22.42644,0.1823534,0.2165105,20.88435,0.07306175,0.1497809,115236.84435811303,3.0428610789281084e-17,3.7272081946166695
GALAXY,0.5251866999999999,0.000119211,22.72463,0.13662470000000002,0.1048193,20.93801,0.04996403,0.07251354,119530.92445659377,2.312097399309307e-17,4.275842033494558
GALAXY,0.3631635,5.89e-05,20.23785,0.03715831,0.1377425,18.41113,0.0133686,0.09528963,90016.43586197133,2.2841158380214825e-16,1.3603969584626439
GALAXY,0.4335095000000001,0.000133841,21.38324,0.08961456,0.15435079999999998,19.52211,0.02762027,0.1067792,103525.73783592277,7.953570320798963e-17,2.3053860042578025
GALAXY,0.13139489999999998,6.52e-06,17.7992,0.006770218000000001,0.06693143,17.148310000000002,0.005737365,0.04630286,36822.894288098956,2.1586295861660005e-15,0.44252280062541094
GALAXY,0.084439,2.4e-05,21.21735,0.06288251,0.11679180000000003,20.66792,0.05402506,0.08079601,24248.925424857367,9.266551104737563e-17,2.1358249342087805
GALAXY,0.5852944999999999,0.000138441,21.58252,0.1356947,0.1416122,19.95823,0.05136592,0.09796668,129124.12917155349,6.619880125639294e-17,2.5269674761390655
GALAXY,0.4531879,0.00013419299999999998,22.1108,0.09976301,0.15316529999999998,20.224220000000006,0.02943781,0.105959,107108.61817628326,4.0694725672664697e-17,3.2229654674572066
GALAXY,0.28840920000000003,4.870000000000001e-05,19.7101,0.02397678,0.08070602,18.17946,0.01057118,0.05583205,74384.44795782617,3.713796693332925e-16,1.0668801927593072
GALAXY,0.5234715,0.000112864,22.31475,0.2187573,0.2126149,20.33836,0.05811014,0.147086,119247.09189723189,3.3725478888906587e-17,3.54034554622291
GALAXY,0.1365244,2.9100000000000006e-05,18.93913,0.011726,0.09319995,17.85666,0.007706118,0.06447529,38157.8064225075,7.554506952194303e-16,0.7480345411893596
GALAXY,0.331444,6.45e-05,20.78131,0.07161203,0.16349370000000002,18.93555,0.02221153,0.1131042,83549.95411836437,1.384631237707574e-16,1.7472604729326777
GALAXY,0.4837196,1.21e-05,21.99848,0.08718733,0.06883726,21.60555,0.1071497,0.04762129,112505.50574802831,4.5130082268359774e-17,3.060494844678075
GALAXY,0.5599429,0.000168509,21.5929,0.1368927,0.1802918,20.50901,0.0780039,0.1247251,125160.57704430206,6.556893431832761e-17,2.539075718453839
GALAXY,0.3110079,4.54e-05,20.04462,0.03320617,0.08241287,18.3571,0.01286174,0.05701284,79254.80525321029,2.729041407325969e-16,1.2445709286300017
GALAXY,0.9953467,0.000124224,22.84815,0.1927924,0.08167645,23.06135,0.3485129,0.05650339,179427.92222001866,2.063469838384659e-17,4.526115707847917
GALAXY,0.31874709999999995,1.2e-05,20.93455,0.06082573,0.2383756,20.7142,0.05599995,0.1649072,80893.45895936913,1.2023699818668383e-16,1.8750189110020046
GALAXY,0.6572804,0.000160217,22.76796,0.231939,0.1138919,21.60884,0.113771,0.07878989999999997,139757.12332588455,2.2216422459240485e-17,4.362019997761561
GALAXY,0.5476002,0.00020268,22.35511,0.27993759999999995,0.1685128,20.57294,0.08753282,0.11657639999999997,123187.68829604697,3.2494819221872453e-17,3.606763385886781
GALAXY,0.4170278,0.00010735,20.8683,0.1114603,0.1690345,19.08261,0.03485439,0.1169373,100460.23150606443,1.2780213976991219e-16,1.8186773256923123
GALAXY,0.2898456,5.51e-05,20.01983,0.03635822,0.090881,18.48991,0.01466204,0.06287105,74697.83785585678,2.7920688615356976e-16,1.230443431693093
GALAXY,0.6164866999999999,7e-05,21.35146,0.06267307,0.2198467,20.389470000000006,0.04270907,0.1520889,133841.7074523538,8.189815634080937e-17,2.271891843115582
GALAXY,0.7588729999999999,0.000171702,22.71205,0.1725034,0.1091003,21.25918,0.07216205,0.0754751,153324.82501337974,2.33904256606512e-17,4.251142395674681
GALAXY,0.9350278,2.61e-05,21.56139,0.04558518,0.07246989999999999,21.62071,0.06706394,0.05013434,173413.26661033268,6.749974391878582e-17,2.502497499929892
GALAXY,0.09251411,1.4800000000000002e-05,17.28857,0.005236443,0.1376299,16.32643,0.003880718,0.09521171,26457.097249282167,3.454857389845844e-15,0.3497918225292506
GALAXY,0.5390673,9.38e-05,21.39696,0.08116158,0.1087341,20.33059,0.05718016,0.07522178,121806.91312881677,7.853696697430447e-17,2.3199982231853
GALAXY,0.2550662,5.19e-05,20.15058,0.02973366,0.1477763,18.57569,0.01417919,0.1022309,66961.23217598439,2.4752902159256076e-16,1.306807602231224
GALAXY,0.33128309999999994,5.07e-05,20.30923,0.04725007,0.1994751,18.4834,0.01579641,0.137996,83516.53605814384,2.1387800536706472e-16,1.4058586334988132
GALAXY,0.4996134,0.000160112,22.066270000000006,0.1578851,0.13830920000000002,20.30439,0.053452,0.09568167,115238.9399732554,4.2398464178436405e-17,3.157545753407594
GALAXY,0.6802885999999999,0.000269457,23.76465,0.4918645,0.17732179999999995,22.09455,0.2271413,0.1226704,142971.39422328383,8.871521823011952e-18,6.902805751308023
GALAXY,0.2369561,3.19e-05,19.39401,0.01815063,0.24370820000000004,17.901139999999995,0.009566809,0.16859620000000006,62808.029651432786,4.968829849489101e-16,0.9223540355866929
GALAXY,0.3751324,6.47e-05,21.13536,0.05966604,0.1915558,19.12605,0.01841697,0.1325174,92394.6119256701,9.993419655544289e-17,2.056684392114197
GALAXY,0.4916683,0.000108685,22.18618,0.1091115,0.25901230000000003,20.33554,0.03593951,0.1791835,113878.93879901286,3.796523786322516e-17,3.3368113362215768
GALAXY,0.3486263,6.94e-05,19.59061,0.04823855,0.2385587,18.049,0.02224868,0.1650338,87082.64287767072,4.145855157468519e-16,1.0097588129367077
GALAXY,0.1962813,4.2e-05,18.92446,0.016413099999999996,0.2413472,17.62213,0.009086912,0.1669629,53160.21679249523,7.657272897769901e-16,0.7429980129147978
GALAXY,0.5253336,0.000138667,23.18723,0.4860889,0.28016820000000003,20.52308,0.06354135,0.1938191,119555.20691385868,1.5099623731068868e-17,5.291047401087772
GALAXY,0.3680444000000001,7.28e-05,20.86049,0.05203943,0.1073489,19.12353,0.01719799,0.07426344,90990.29202404646,1.2872477020228295e-16,1.8121479508043108
GALAXY,0.5287276999999999,0.000248002,22.18567,0.16153499999999998,0.2453593,20.60868,0.05843373,0.1697384,120115.08006493801,3.7983075363192255e-17,3.3360277324570364
GALAXY,0.3342598,6.7e-05,21.20856,0.05902518,0.13490439999999998,19.27336,0.01991494,0.09332625,84133.76344729651,9.341876577543656e-17,2.1271967082856933
GALAXY,0.6622796999999999,0.000373015,23.00258,0.4876302,0.14224679999999998,20.75986,0.09379089,0.09840568,140462.87406328213,1.7898891078514385e-17,4.859724529884005
GALAXY,0.5507787,0.000120586,21.37783,0.07850007,0.08133141,20.29021,0.04607659,0.05626469,123698.49072092325,7.9933002251608e-17,2.299649521215893
GALAXY,0.7457682,0.000154512,22.38092,0.1780351,0.1166231,21.06639,0.09032433,0.08067933,151662.91847371045,3.173146513407926e-17,3.649888960788993
GALAXY,0.2945873,3.81e-05,19.63453,0.02649947,0.06682003,18.03989,0.01078963,0.04622579,75728.66402792434,3.9814945464901204e-16,1.0303900405649185
GALAXY,0.3568476,7.87e-05,21.03992,0.0457995,0.1846912,19.27647,0.01641015,0.1277685,88747.95149067025,1.0911642412611725e-16,1.9682472452521433
GALAXY,0.6202143,0.000333042,23.89239,0.6766879,0.06609047,21.60196,0.1464634,0.04572108,134394.02874771497,7.886823561518189e-18,7.321054709064025
GALAXY,0.5036976,0.000152707,22.60777,0.1926711,0.06964094,20.93232,0.07024289,0.04817728,115933.10808214956,2.5748392764077085e-17,4.051815414180356
GALAXY,0.4984877,0.000149235,22.4304,0.2030844,0.5555224,20.75103,0.07533477,0.3843078,115047.0226019782,3.0317830822169517e-17,3.7340115096647692
GALAXY,0.488708,0.000165366,22.78541,0.225021,0.5471613000000001,21.05445,0.08014438,0.3785236,113368.9415949637,2.1862213199115955e-17,4.3972145088512296
GALAXY,0.251495,5.41e-05,19.89471,0.03025398,0.2484694,18.44572,0.01555646,0.17189000000000002,66149.08173369069,3.1330990520936e-16,1.1615493129835945
GALAXY,0.6059859999999999,0.000240222,22.73913,0.27054490000000003,0.1502282,21.18406,0.13219479999999995,0.1039271,132272.78369188495,2.281424626706801e-17,4.304489495080356
GALAXY,0.5277283,0.000152159,20.953000000000007,0.1004408,0.3728979,19.79051,0.05847089,0.2579691,119950.45675760068,1.182110636824677e-16,1.8910179542907755
GALAXY,0.7882106,0.00012755,22.71139,0.1819281,0.0752266,21.53872,0.1081165,0.05204142,156955.82768072968,2.3404648612752368e-17,4.24985049455731
GALAXY,0.313597,4.93e-05,20.25683,0.03863419,0.1878583,18.63549,0.01543086,0.1299595,79804.65422005637,2.244533673171061e-16,1.3723397795752603
GALAXY,0.2884035,5.870000000000001e-05,21.10505,0.05924532,0.3957344,19.25313,0.02188223,0.2737672,74383.20330537898,1.0276331965053728e-16,2.028176060717798
GALAXY,0.32383779999999995,7.79e-05,21.58865,0.09604087,0.29601120000000003,19.748,0.03097299,0.2047792,81963.29090363644,6.582610000017745e-17,2.5341111061871695
GALAXY,0.1742275,3.12e-05,19.45488,0.02130012,0.2647949,18.10008,0.01102016,0.1831839,47740.01997182769,4.697925497582632e-16,0.9485749514737156
GALAXY,0.1943709,3.26e-05,18.51699,0.01601828,0.323962,17.33728,0.009792255,0.2241154,52696.01549365712,1.1144539432294743e-15,0.6158765272939968
GALAXY,0.3519567,7.46e-05,21.256,0.06890383,0.3211763,19.38854,0.02133138,0.2221883,87759.18489858563,8.942483041013943e-17,2.174180780331042
GALAXY,0.1784434,3.17e-05,19.93265,0.0257612,0.06344835,18.96954,0.01575244,0.04389327,48786.6074397223,3.0255067430980344e-16,1.182022251739097
GALAXY,0.4484358,9.16e-05,20.91168,0.1006415,0.07515004,19.28827,0.03835751,0.05198845,106250.9974486885,1.2279653864467704e-16,1.8553747941667527
GALAXY,0.6469577,0.000149023,21.93608,0.09675929,0.07715702,21.18099,0.08416887,0.05337687,138286.78387758898,4.779980503282736e-17,2.973799282111462
GALAXY,0.6706671,0.000232921,22.49546,0.2276959,0.07969815,20.88289,0.08099928,0.05513481,141637.72737946664,2.85544714185334e-17,3.8475799442217733
GALAXY,0.3153747,6.07e-05,20.6297,0.05782083,0.1255658,18.86081,0.01920896,0.08686587,80181.22519161353,1.5921285317770548e-16,1.6294297909591489
GALAXY,0.7408635,0.000334307,23.25527,0.4767828,0.17541700000000002,21.7902,0.1834228,0.1213527,151034.4407652709,1.4182412904522843e-17,5.459459546182397
GALAXY,0.3982132,7.11e-05,20.9296,0.06974325,0.14835009999999998,19.10073,0.0211836,0.1026279,96887.2515615364,1.2078642440553135e-16,1.8707495622798134
GALAXY,0.5738441999999999,0.000151954,21.45702,0.179516,0.1432829,20.02666,0.07291323,0.09912243,127348.56813031452,7.431049002913567e-17,2.3850618858438333
GALAXY,0.3366541,2.42e-05,20.88164,0.07094485,0.205408,20.24297,0.05731041,0.14210029999999998,84628.67080114894,1.2624149390308594e-16,1.8298843896172914
GALAXY,0.3766379,6.440000000000001e-05,20.94431,0.09952029,0.5654204,19.13413,0.03216707,0.3911553,92691.38795827815,1.1916099617036527e-16,1.883465425267244
GALAXY,0.4651951,0.000112731,21.83147,0.1086747,0.13826860000000002,20.09736,0.03663387,0.0956536,109254.27686868346,5.263445436767499e-17,2.8339334819613122
GALAXY,0.4709816,1.75e-05,22.35986,0.1851423,0.3000957,21.40979,0.1183682,0.2076048,110277.50610740311,3.2352967777847504e-17,3.614661656922897
GALAXY,0.361671,0.00013492799999999998,21.58067,0.1440734,0.2385874,19.97168,0.05425497,0.1650536,89717.53040831046,6.631169440510964e-17,2.5248155266257233
GALAXY,0.17294520000000002,2.22e-05,18.30354,0.01581767,0.1130375,17.11619,0.008618441,0.07819882,47420.707684129644,1.356569739540109e-15,0.5582177633316894
GALAXY,0.4787154000000001,0.000123308,21.60504,0.08170927,0.2051117,19.94454,0.0290838,0.1418953,111634.21407477639,6.483986847118003e-17,2.5533106239731973
GALAXY,0.4860735,0.000148114,22.318620000000006,0.1203972,0.109507,20.70509,0.04750938,0.07575642,112913.57254757207,3.36054817199181e-17,3.546660778942139
GALAXY,0.699227,0.000207794,22.34045,0.225067,0.27132399999999995,20.50771,0.06907384,0.1877007,145553.33329429265,3.293655143851918e-17,3.5824954895175534
GALAXY,0.35973130000000003,4.07e-05,20.62414,0.03462896,0.1062975,18.80439,0.01285237,0.07353611,89328.28004677597,1.6003026529492799e-16,1.6252630140684716
GALAXY,0.4138467000000001,0.000128007,21.83444,0.14736129999999995,0.1606453,19.89709,0.0481954,0.1111337,99861.67601149365,5.249067108655175e-17,2.8378122054467703
GALAXY,0.14973699999999998,1.8e-05,17.61104,0.00807582,0.1513505,16.414170000000002,0.005376314,0.1047036,41561.62830470852,2.567096089865608e-15,0.4057921601602774
GALAXY,0.6477504,0.000202438,22.78888,0.2329616,0.3235601,20.71606,0.0650895,0.2238374,138400.3229273089,2.1792453360879534e-17,4.404246848815147
GALAXY,0.8319109,0.000233617,23.64971,0.6224975,0.2540915,21.87319,0.2754305,0.1757793,162143.46379579094,9.862207259140003e-18,6.54692931896323
GALAXY,0.24509120000000004,4.55e-05,19.84793,0.0258344,0.3832444,18.29198,0.01193723,0.26512670000000005,64684.3614844439,3.271042035589553e-16,1.136793684739607
GALAXY,0.01749498,1.55e-05,20.69434,0.03678675,0.21881,19.13739,0.01689237,0.1513717,5198.990569208487,1.5001066116856998e-16,1.6786635186452628
GALAXY,0.09323318,8.13e-06,18.31225,0.008088504,0.0829221,17.79054,0.007591655,0.05736513,26652.801832924208,1.3457305920762519e-15,0.5604613289850157
GALAXY,0.1220173,1.2e-05,18.33978,0.009639407,0.1346652,17.54541,0.007747079,0.09316075,34362.88674884761,1.312037129007153e-15,0.5676121096401128
GALAXY,0.44464,0.000149909,22.28258,0.1207143,0.1153691,20.69604,0.05171212,0.07981184,105562.49947419541,3.4739704918859964e-17,3.4882825247021403
GALAXY,0.06451853,2.12e-05,18.00457,0.008532656999999999,0.0858159,17.19332,0.006306997,0.05936704,18719.42212834976,1.7866115003687335e-15,0.4864180163052515
GALAXY,0.08155281,3.48e-05,17.859939999999995,0.01135331,0.06657016,17.15408,0.007391945,0.04605293,23455.034284271165,2.0411838579905802e-15,0.4550757067936109
GALAXY,0.6170279000000001,0.000282138,22.42851,0.2179278,0.09543397,21.02364,0.09240018,0.06602078,133922.04712483755,3.03706526790581e-17,3.730762925264269
GALAXY,0.04147635,1.7899999999999998e-05,18.31716,0.009784549,0.08016509,17.56852,0.0077008990000000015,0.05545784,12176.645081736648,1.3396585654482511e-15,0.5617300435372626
GALAXY,0.06939659,1.47e-05,16.45993,0.004091634,0.1014925,15.52819,0.003231726,0.07021204,20084.312838054924,7.411158904855153e-15,0.23882602606669898
GALAXY,0.25992170000000003,4.51e-05,19.90435,0.03257006,0.3209459,18.37134,0.01287057,0.2220289,68060.10405022942,3.105404122484731e-16,1.1667173394271648
GALAXY,0.3793943,7.23e-05,21.26527,0.07871225,0.3222874,19.35727,0.0235261,0.2229569,93233.39188656071,8.86645726557717e-17,2.1834821820287544
GALAXY,0.1452172,1.7e-05,17.75696,0.007742703,0.2252018,16.61787,0.004782302,0.1557936,40402.84236151327,2.2442649413112274e-15,0.4339979241793133
GALAXY,0.3787785,9.3e-05,21.25215,0.05635889,0.2301205,19.43263,0.01955297,0.1591963,93112.45656196802,8.97424920417719e-17,2.1703293936601944
GALAXY,0.5299520000000001,0.000196431,22.78889,0.1854194,0.06873801,20.99244,0.05590008,0.04755263,120316.48535270445,2.179225264589084e-17,4.404267131168131
GALAXY,0.1766822,1.9e-05,18.01606,0.008083208,0.1219602,17.12471,0.005667256,0.08437152,48349.99659857016,1.7678040527683597e-15,0.48899864113742836
GALAXY,0.3591506,0.00010776,21.21309,0.04421761,0.1185415,19.29987,0.01424435,0.08200643,89211.57527860747,9.302980812126335e-17,2.1316389748702065
GALAXY,0.3279919000000001,5.67e-05,20.57334,0.04046004,0.13309379999999998,18.71857,0.01235107,0.0920737,82831.58994059013,1.676957766459811e-16,1.5876824795887694
GALAXY,0.7104377,0.000181038,22.72374,0.2388939,0.1518993,21.15151,0.09050021,0.1050832,147055.2063618265,2.313993449476388e-17,4.2740898953424
GALAXY,0.2297048,5.99e-05,18.89986,0.0215268,0.06712389999999999,17.45386,0.01011658,0.046436,61120.717496996156,7.83274747382885e-16,0.7346282960609586
GALAXY,0.329403,6.63e-05,20.41129,0.04306687,0.1060028,18.746270000000006,0.0165486,0.07333224,83125.58302843437,1.9468931863791962e-16,1.4735119160829826
GALAXY,0.30634320000000004,5.98e-05,20.40229,0.03152036,0.05157434,18.8096,0.01367928,0.03567889,78259.96077230299,1.9630986536502256e-16,1.4674173588901245
GALAXY,0.591709,0.00017434400000000002,23.31991,0.29737909999999995,0.09457974,21.20238,0.07267744,0.06542983,130108.42065864344,1.3362697133493921e-17,5.624418813590854
GALAXY,0.1433156,2.67e-05,18.54973,0.009830252,0.06818846,17.485329999999998,0.00625744,0.04717246,39913.57167818764,1.0813496031699332e-15,0.6252326546606659
GALAXY,0.6290760999999999,0.000179545,22.60405,0.4031457000000001,0.2749389,20.29509,0.07690731,0.1902014,135697.45513790412,2.583676441279402e-17,4.04488009697273
GALAXY,0.6701136,0.00020616400000000005,23.7321,0.3152313,0.2971085,21.83441,0.09821589,0.2055383,141560.5498011858,9.141513926206989e-18,6.800105526199132
GALAXY,0.6043645000000001,0.000223404,22.62596,0.30668320000000004,0.544674,20.99332,0.09779666,0.376803,132028.7878397847,2.532060773337775e-17,4.085899237507951
GALAXY,0.29558470000000003,0.000126951,20.53061,0.06380423,0.1228239,18.86987,0.02487636,0.084969,75944.77238590611,1.7442716621719837e-16,1.5567456192743334
GALAXY,0.3923782,0.00011901,20.77518,0.0578525,0.1172337,19.09225,0.02169838,0.08110173,95762.97662289467,1.3924708910014415e-16,1.742334965765359
GALAXY,0.02961883,1.29e-05,17.58442,0.007576836999999999,0.1092458,16.70016,0.005339536999999999,0.07557572,8748.057618697776,2.630813884247131e-15,0.4008479365152898
GALAXY,0.5534145,0.000137954,22.82354,0.3059519,0.3620198,20.52009,0.06203138,0.2504437,124120.631292169,2.110775891599875e-17,4.475109354563486
GALAXY,0.5780723000000001,0.000148032,22.4957,0.2005348,0.2578674,20.72651,0.06311627,0.1783915,128006.98885375014,2.854816020247877e-17,3.8480052179735686
GALAXY,0.5154498,3.54e-05,22.22302,0.1392691,0.1939914,20.796,0.05934832,0.1342024,117912.01116185455,3.669865309742686e-17,3.3939047703838816
GALAXY,0.2869139,4.92e-05,20.0378,0.02965361,0.1377714,18.45762,0.01306296,0.09530964,74057.65158176231,2.7462377026074897e-16,1.2406682041747208
GALAXY,0.5026161,0.000219957,22.36246,0.1610737,0.27805490000000005,20.88669,0.06859265,0.1923571,115749.61708115703,3.227558518865287e-17,3.618992243351572
GALAXY,0.2335805,3.2200000000000003e-05,19.5352,0.017937099999999997,0.06718793,18.07984,0.008410075999999999,0.0464803,62024.30217708409,4.362928795441124e-16,0.9843185105359479
GALAXY,0.3875441,6.31e-05,20.8786,0.04155887,0.07788283,19.08226,0.01468156,0.05387898,94825.68664195146,1.265954582588181e-16,1.8273243955684642
GALAXY,0.2744259,4.4299999999999986e-05,19.52009,0.02435045,0.1350215,18.04144,0.01105169,0.09340726,71306.16069921211,4.4240713773869185e-16,0.9774929915794378
GALAXY,0.5886260999999999,0.000178856,22.52695,0.1934926,0.08298031,20.81818,0.06358945,0.0574054,129636.28116547229,2.7738190418829333e-17,3.903782854257691
GALAXY,0.5622212,0.00016019,22.15713,0.13518670000000002,0.09984373,20.53675,0.051402599999999986,0.06907143,125521.6244075425,3.899474863798555e-17,3.292468679263136
GALAXY,0.5272886,0.000195508,22.89921,0.2078187,0.08762419,21.35119,0.0970973,0.06061801,119877.96699871302,1.9686754484832908e-17,4.6338039163895495
GALAXY,0.3837718,6.879999999999999e-05,21.48,0.0906267,0.1902782,19.53918,0.02574666,0.1316336,94090.55803770598,7.27542093139275e-17,2.4104362628124862
GALAXY,0.21301950000000006,2.65e-05,19.20478,0.01690392,0.3251373,17.80649,0.00845519,0.2249285,57184.64068913514,5.914882547350431e-16,0.8453793833353647
GALAXY,0.2956822,6.500000000000001e-05,20.7603,0.05331505,0.07720415,19.16739,0.02363466,0.05340948,75965.88443171604,1.411686056761682e-16,1.7304364410359707
GALAXY,0.4947821,0.000138396,22.00785,0.2030517,0.180157,20.10143,0.06440888,0.1246318,114413.46231781051,4.474228142979031e-17,3.0737295496503263
GALAXY,0.5875245,0.000131693,22.92962,0.2673747,0.3098466,20.67657,0.05538464,0.2143505,129467.15874132472,1.9143005547762807e-17,4.699153722849111
GALAXY,0.2631648,4.91e-05,19.73821,0.0277902,0.1038924,18.3121,0.01277517,0.07187231,68790.64378975614,3.6188795234824266e-16,1.0807808781636785
GALAXY,0.5160009,0.00013726,22.88413,0.2349186,0.3623432,21.08093,0.07630511,0.2506673,118004.13716138623,1.9962095327727617e-17,4.601735497278329
GALAXY,0.5539227,0.000149769,22.27188,0.1438259,0.15458670000000002,20.86089,0.06348671,0.1069424,124201.8723726969,3.508375949642072e-17,3.471136179867112
GALAXY,0.5690206999999999,0.000228863,22.65545,0.2351265,0.139264,20.93229,0.08143344,0.09634218,126593.42273865984,2.4642123238316764e-17,4.141766893029225
GALAXY,0.7128979,1.36e-05,21.62475,0.106465,0.3325756,21.32731,0.132583,0.2300742,147382.19177959175,6.367341238638581e-17,2.576591989622915
GALAXY,0.4355451,0.000107086,21.72993,0.1427433,0.1824099,20.16702,0.05869126,0.1261903,103900.23145682628,5.779444867878668e-17,2.704466786680336
GALAXY,0.15528699999999998,2.82e-05,18.45594,0.009212361,0.3033031,17.2679,0.005980913000000001,0.2098237,42976.59971366353,1.1789140002194666e-15,0.5988025653884768
GALAXY,0.363712,7.36e-05,20.96474,0.05767585,0.1533185,19.095,0.01915144,0.106065,90126.15331821072,1.1693974034928067e-16,1.9012693727703138
GALAXY,0.3613454,9.93e-05,21.09458,0.05375344,0.07676945,19.25151,0.01878591,0.05310875,89652.25233463642,1.0375908307398029e-16,2.0184205179090995
GALAXY,0.5150619000000001,0.000181947,22.25199,0.144258,0.0611016,20.53119,0.04996696,0.0422698,117847.1309940568,3.573239491750821e-17,3.4394868413172146
GALAXY,0.5320559,0.000249052,22.89269,0.2911047,0.09332821,20.68347,0.06893269,0.06456403,120661.91265871823,1.9805331920330657e-17,4.619911458292852
GALAXY,0.5723988,0.00028323,22.687,0.20899,0.3896834,21.38328,0.09926221,0.2695812,127122.73189526124,2.393636094978498e-17,4.202383206508229
GALAXY,0.2068253,8.62e-05,21.24,0.05747937,0.1661616,19.93179,0.03301598,0.1149498,55704.259318979915,9.07524012899743e-17,2.1582196993253318
GALAXY,0.5774119000000001,0.000158443,21.94223,0.14867679999999994,0.2631132,20.387,0.0699503,0.1820205,127904.36351625987,4.7529815143036366e-17,2.982233554013116
GALAXY,0.254391,7.390000000000001e-05,20.98298,0.05425006,0.15076679999999998,19.42817,0.02437412,0.1042998,66807.93652927928,1.1499160222092596e-16,1.9173069753567358
GALAXY,0.5356329000000001,0.00012142,21.70524,0.09600934,0.1961163,20.39914,0.05708491,0.1356724,121247.2381224177,5.912377086389324e-17,2.6738907094985
GALAXY,0.4436619000000001,0.00016276799999999998,21.47403,0.07867104,0.214702,19.64546,0.02906583,0.1485299,105384.58748853185,7.315535551477625e-17,2.4038183840836242
GALAXY,0.09456971,2.92e-05,18.24796,0.0115512,0.1715352,17.12327,0.007801995,0.1186673,27016.15387365559,1.4278221837279829e-15,0.5441111834005812
GALAXY,0.4999584,0.00014290899999999998,22.27397,0.1239065,0.2425563,20.79602,0.06336252,0.16779929999999998,115297.70703826439,3.50162895821397e-17,3.4744786892842887
GALAXY,0.6020302,0.000225673,23.31795,0.3632059,0.3715233,21.38627,0.1136041,0.2570181,131676.71765394183,1.3386841617892957e-17,5.619344428495815
GALAXY,0.4521799,8.32e-05,21.30765,0.05637905,0.1842618,19.62267,0.0206813,0.1274715,106927.10403578723,8.527036563172994e-17,2.226515138245036
GALAXY,0.6178946,0.000131072,22.35713,0.186332,0.27740570000000003,20.401,0.05362159,0.191908,134050.60038679765,3.2434419180331466e-17,3.610120118296386
GALAXY,0.26371409999999995,8.48e-05,20.99875,0.05716004,0.07516138,19.52151,0.02495891,0.05199630000000001,68914.10824077709,1.1333345412659052e-16,1.931281819864238
GALAXY,0.4067779,8.290000000000001e-05,21.28698,0.1242163,0.11831880000000003,19.38786,0.03464913,0.08185243,98523.55115726413,8.690927463248612e-17,2.2054217448254025
GALAXY,0.2380526,4.650000000000001e-05,20.028170000000006,0.02494171,0.1918704,18.51654,0.01147234,0.13273510000000002,63061.956542761276,2.770703958624561e-16,1.2351782972737
GALAXY,0.6312850999999999,0.00027384,23.20889,0.2636612,0.1123964,21.237820000000006,0.08911889,0.07775528,136020.26459901614,1.4801377160000537e-17,5.344088631428777
GALAXY,0.6300048,0.000197645,23.96193,1.0789030000000002,0.109852,21.05509,0.1848426,0.07599509,135833.27115790243,7.397519611752227e-18,7.559301237404742
GALAXY,0.580256,0.000115249,22.13627,0.1080836,0.1057652,20.43736,0.04575248,0.07316791,128345.76676080402,3.9751189165710007e-17,3.2609913910451525
GALAXY,0.2230147,3.09e-05,18.96717,0.01624624,0.2555392,17.52605,0.007942966999999999,0.1767809,59551.519261521236,7.361903581322894e-16,0.7577564683578177
GALAXY,0.3024888,0.000121319,20.3641,0.07199822,0.17766429999999994,18.81018,0.02855653,0.1229073,77433.8398780692,2.0333780223687361e-16,1.4418352942415142
GALAXY,0.3429566,8.759999999999999e-05,20.70675,0.04596775,0.2122404,18.96392,0.017243099999999997,0.1468269,85924.79957935179,1.4830579634198422e-16,1.6882845739069563
GALAXY,0.5236846,0.000327467,22.91637,0.2297986,0.15167270000000002,21.00876,0.06670745,0.1049265,119282.3870639081,1.937805236699735e-17,4.670567492519248
GALAXY,0.2097272,2.87e-05,18.75737,0.01069073,0.178179,17.52208,0.006552806,0.1232634,56399.09720211718,8.931206383224116e-16,0.6879702403333882
GALAXY,0.1565134,2.18e-05,18.23969,0.009454689,0.07766013,17.06087,0.005592550999999999,0.05372492,43288.09277425627,1.4387393610568059e-15,0.5420428901789062
GALAXY,0.6545112,0.00020458,21.03121,0.12581869999999998,0.08164538,19.93911,0.08066875,0.05648189,139364.4216317794,1.0999529915414718e-16,1.9603682147315207
GALAXY,0.9192063,5.67e-05,22.10774,0.09442471,0.07933158,22.32536,0.1805258,0.05488122,171767.74177776344,4.080958000338929e-17,3.218426920856258
GALAXY,0.5438064,0.000172438,23.06857,0.2680512,0.08261456,21.36513,0.08960047,0.05715236,122575.49639701206,1.684341406794066e-17,5.009676154912322
GALAXY,0.5097007,0.000108778,22.04371,0.1247232,0.09501748,20.32641,0.04350441,0.06573265,116947.37073583294,4.328865828189568e-17,3.124910996267291
GALAXY,0.3165551,2.85e-05,20.56667,0.038573800000000005,0.08111382,19.55761,0.02551177,0.05611417,80430.83864973938,1.6872915252980236e-16,1.582813159308259
GALAXY,0.4899187,0.00013947299999999998,22.93586,0.447441,0.1049077,20.607,0.08279429,0.07257466,113577.73493084213,1.9033301413977754e-17,4.712676754850085
GALAXY,0.5016567,0.000129043,22.25518,0.1342463,0.1206259,20.31048,0.03816652,0.08344847,115586.64596546938,3.562756369643199e-17,3.4445433302234623
GALAXY,0.4593312,0.000103011,21.27389,0.09719934,0.1173715,19.48762,0.03360331,0.08119707,108210.20914510902,8.79634238289997e-17,2.1921670833361624
GALAXY,0.5192252,0.000204929,22.41371,0.1531625,0.1615251,20.56957,0.05225082,0.1117423,118541.9374530333,3.078747875800533e-17,3.7054218001776578
GALAXY,0.2615913,4.34e-05,19.73438,0.02079775,0.1531759,18.12756,0.009756663,0.1059664,68436.53925866331,3.63166788203817e-16,1.0788762983942957
GALAXY,0.9358431,0.000202997,22.70218,0.1925017,0.1697914,21.21738,0.09268698,0.1174609,173497.27792475102,2.3604028220627074e-17,4.2318635128756625
GALAXY,0.3191193,9.74e-05,21.43422,0.07555421,0.1525713,19.53019,0.0251261,0.1055481,80971.8940449812,7.58874789130973e-17,2.3601502539114856
GALAXY,0.3795112,7.23e-05,21.96123,0.1619142,0.13537420000000006,20.29026,0.06472057,0.09365121,93256.3396788112,4.6705295611714487e-17,3.0084420635147198
GALAXY,0.6012789000000001,0.000182933,22.59003,0.2971453,0.3261137,20.68133,0.1129002,0.2256039,131563.19789766104,2.6172555246049313e-17,4.018848662268713
GALAXY,0.4728308,0.000188542,23.08991,0.2339213,0.3457564,21.10288,0.07298265,0.2391927,110603.03059117218,1.651559122603808e-17,5.0591511203370105
GALAXY,0.3047016,0.000147968,22.00036,0.1000379,0.2837188,20.51569,0.04985068,0.1962754,77908.56689929137,4.505200516212292e-17,3.0631456827504313
GALAXY,0.16261879999999998,2.33e-05,18.56256,0.00954322,0.1732717,17.30539,0.005737089,0.11986860000000002,44832.478240811906,1.0686466414766785e-15,0.6289377349595477
GALAXY,0.2854719,6.03e-05,20.56219,0.04848791,0.2724987,18.7914,0.01718642,0.1885133,73741.96606998662,1.6942680659199963e-16,1.5795509980352056
GALAXY,0.1324565,1.82e-05,18.16573,0.007877155,0.2445684,17.02995,0.005075475,0.1691913,37099.7870285578,1.5401610114407254e-15,0.5238918619946873
GALAXY,0.1860837,2.61e-05,19.11914,0.01769712,0.1874599,17.84037,0.010248899999999998,0.1296839,50670.68828235368,6.400326440758205e-16,0.8126876354550104
GALAXY,0.5414053000000001,0.000175673,23.13427,0.1875866,0.1705682,21.15324,0.06197931,0.1179983,122186.62407593058,1.585441146789804e-17,5.163565046372556
GALAXY,0.503695,0.000159664,23.10142,0.2132219,0.3738379000000001,20.99485,0.05082171,0.2586193,115932.66723782106,1.6341432530757864e-17,5.08603860456755
GALAXY,0.3404989,7.190000000000001e-05,21.16497,0.06136385,0.4524724,19.3567,0.02065851,0.3130183,85420.50343140603,9.724563693800335e-17,2.084921233136087
GALAXY,0.5070720999999999,0.000159664,22.64457,0.221784,0.30180640000000003,20.86247,0.0689405,0.2087883,116504.13527180081,2.4890299659590065e-17,4.121066781456975
GALAXY,0.2126496,3.74e-05,18.38321,0.01346955,0.1086749,17.26737,0.008787696999999999,0.07518081,57096.52921436894,1.2605907766486748e-15,0.579078782024432
GALAXY,0.7300214,0.000169803,22.77974,0.2116322,0.1469805,21.22095,0.07957443,0.1016804,149632.47465821178,2.1976682059100954e-17,4.385747780637504
GALAXY,0.0251548,6.96e-06,16.726689999999998,0.005774041,0.1080558,16.26553,0.005166951,0.07475252,7446.399653718172,5.796717358939074e-15,0.27004345279848313
GALAXY,0.09050617,6.66e-06,19.40691,0.01252188,0.08226661,18.81924,0.01047715,0.05691166,25909.80645168222,4.910142827803148e-16,0.9278497440421752
GALAXY,0.4983974,0.000108315,21.67241,0.08956929,0.1197472,20.00288,0.03124486,0.08284057,115031.61657008817,6.093883189549778e-17,2.6337688220202087
GALAXY,0.6204651999999999,0.000344236,22.51271,0.2207125,0.167268,21.38259,0.1269298,0.1157152,134431.11828434587,2.810438752437596e-17,3.878266530489629
GALAXY,0.06249163,1.8100000000000006e-05,16.3028,0.003834224,0.2359279,15.46473,0.003071493,0.1632138,18150.217840498823,8.565212166108558e-15,0.22215477493107116
GALAXY,0.5448411999999999,0.00025092,22.93214,0.1977516,0.165641,21.3362,0.08336245,0.1145897,122742.74965395965,1.9098626043825187e-17,4.704610269867205
GALAXY,0.664726,0.000337892,23.61295,0.3822777,0.1535385,21.64258,0.1270091,0.1062172,140806.72257098736,1.0201831007530883e-17,6.437031765281813
GALAXY,0.6162386999999999,0.000225214,23.20857,0.2118784,0.1208281,21.59753,0.06886376,0.08358829,133804.87551031937,1.480574022602589e-17,5.3433011554492005
GALAXY,0.6255488,3.63e-05,21.32779,0.05778243,0.17374289999999998,20.61106,0.04790268,0.1201946,135180.26528173586,8.370321227257306e-17,2.2472617108135777
GALAXY,0.5720624,0.000154175,21.40266,0.1402629,0.2125722,19.94198,0.06087941,0.14705639999999998,127070.1160869297,7.812573662404574e-17,2.3260960953695085
GALAXY,0.2375179,3.83e-05,19.10847,0.01927515,0.2519574,17.70399,0.00994389,0.174303,62938.170906786276,6.463535302882475e-16,0.8087041137029499
GALAXY,0.362852,9.81e-05,21.59768,0.09400535,0.319312,19.67515,0.02968964,0.2208986,89954.09448224015,6.528089879492104e-17,2.544671069268885
GALAXY,0.3703169000000001,7.240000000000001e-05,21.73244,0.119736,0.3484016,19.82109,0.03778702,0.2410226,91441.80870479616,5.766099405558736e-17,2.7075946810786418
GALAXY,0.3853779000000001,5.59e-05,20.30545,0.03742106,0.1829674,18.41432,0.01352207,0.126576,94403.946330618,2.1462392119784592e-16,1.4034135077937724
GALAXY,0.5831615,0.000180159,22.50817,0.4225890000000001,0.2099157,20.47828,0.1139085,0.1452187,128795.17910944356,2.822215191102469e-17,3.870166525832089
GALAXY,0.6719698000000001,0.00012390399999999998,21.40457,0.1027225,0.2302888,20.36023,0.06808812,0.15931270000000006,141819.1739445527,7.798842059733166e-17,2.32814300051576
GALAXY,0.3946441,9.96e-05,21.87044,0.1143399,0.1399345,20.16989,0.04417611,0.09680607,96200.48267614136,5.077876395890735e-17,2.8852513458462643
GALAXY,0.06364154,9.68e-06,17.15545,0.004895483,0.1502322,16.2464,0.003843592,0.1039299,18473.29088784,3.905513336819631e-15,0.32899223847793657
GALAXY,0.2058201,4.320000000000001e-05,20.55894,0.02920157,0.09454099,19.14347,0.01703525,0.06540302,55463.03681249845,1.6993472193061173e-16,1.57718868341296
GALAXY,0.2158717,3.73e-05,19.38943,0.02314604,0.3124592,17.88195,0.01057085,0.2161578,57862.79923954474,4.989834313571934e-16,0.9204106861663055
GALAXY,0.2762472,4.8e-05,19.75305,0.02906472,0.2084689,18.24693,0.01229407,0.14421779999999998,71709.93415127884,3.5697526544139105e-16,1.088192309385948
GALAXY,0.4147698,7.900000000000001e-05,20.97193,0.07892222,0.3598554,19.08778,0.02516385,0.2489463,100035.59759903255,1.1616789642623627e-16,1.9075751325979522
GALAXY,0.1548402,2.46e-05,17.8905,0.007275718,0.1127385,16.74675,0.004789165,0.07799199,42863.01128835826,1.984532086966693e-15,0.4615254477251797
GALAXY,0.4510986,0.000122297,21.46872,0.1135467,0.2572982,19.8889,0.04086076,0.1779977,106732.15036590767,7.351401205862355e-17,2.397947399149237
GALAXY,0.3034373,5.14e-05,20.36612,0.03461938,0.11738210000000003,18.68686,0.01311138,0.08120436,77637.47784482862,2.02959846242778e-16,1.443177177460255
GALAXY,0.6902661999999999,0.000346648,22.68328,0.8200395,0.1022231,20.05539,0.1158279,0.07071747,144338.75229222834,2.401851348259753e-17,4.195190168922361
GALAXY,0.8092647,0.000259093,23.45149,0.4388833,0.1113922,21.77651,0.15595250000000002,0.0770606,159487.43658245326,1.1837558144239502e-17,5.975766953696257
GALAXY,0.5595351,0.000168342,21.95586,0.1195373,0.1439963,20.91166,0.0708202,0.09961595,125095.84989883432,4.693687000430706e-17,3.0010114489753876
GALAXY,0.5781214,0.00018037,22.89017,0.2539749,0.1781873,21.508470000000006,0.08771402,0.1232692,128014.61575301939,1.985135359769794e-17,4.614553147477363
GALAXY,0.08306489999999997,1.57e-05,17.38839,0.005687736999999999,0.08191359,16.53527,0.004166673,0.05666744,23871.263839864758,3.151389801371485e-15,0.3662466426806581
GALAXY,0.487659,0.000121958,21.97656,0.1569362,0.1096862,20.26835,0.04548892,0.07588039,113187.7932118248,4.605047616640951e-17,3.0297559865584183
GALAXY,0.4239408,1.66e-05,21.95693,0.153805,0.1982851,21.15723,0.1084498,0.1371727,101753.2684991398,4.689063620318834e-17,3.0024905713910486
GALAXY,0.3960367,7.2e-05,21.06582,0.07467394,0.258922,19.0196,0.01936276,0.179121,96468.79118526076,1.0654427664412241e-16,1.991863861627981
GALAXY,0.323152,6.18e-05,22.02437,0.1401197,0.2713882,20.77407,0.06515654,0.1877451,81819.5376696758,4.4066659033628416e-17,3.0972028646578846
GALAXY,0.3614169,6.05e-05,20.94595,0.05479224,0.16048189999999998,19.04162,0.01766603,0.1110206,89666.58918481856,1.1898113985392823e-16,1.8848884458932071
GALAXY,0.17450320000000002,2.39e-05,18.62379,0.01062004,0.1246632,17.41019,0.006348725,0.08624145,47808.61346059134,1.0100482608840475e-15,0.6469245796097421
GALAXY,0.6590272,0.000191975,24.06286,0.6752979,0.3738296,21.49644,0.114843,0.2586136,140004.1865314726,6.740841650211889e-18,7.918950937700923
GALAXY,0.4191907999999999,6.97e-05,20.87489,0.07204531,0.1561997,19.05377,0.02644682,0.1080582,100865.94151031645,1.2702877944780433e-16,1.8242050441857933
GALAXY,0.7041575,0.000196923,23.3039,0.35757340000000004,0.138553,21.75499,0.1673544,0.0958503,146216.26642947586,1.3561200132171967e-17,5.583103157642667
GALAXY,0.2554165,4.53e-05,19.65699,0.02028139,0.1343491,18.12905,0.009975728,0.09294211,67040.71638115465,3.899977713088502e-16,1.0411028905760817
GALAXY,0.3686254000000001,0.000114292,21.99831,0.08693256,0.2096974,20.46456,0.04335807,0.14506770000000002,91105.84401304905,4.5137149099710945e-17,3.0602552543632764
GALAXY,0.3265402,8.840000000000001e-05,21.12137,0.05625051,0.2917017,19.31908,0.02073258,0.2017979,82528.63154405217,1.0123020706744789e-16,2.0434765216107205
GALAXY,0.33537100000000003,6.38e-05,20.80273,0.04604599,0.2462284,19.09907,0.01828098,0.1703397,84363.62352126799,1.357582169140618e-16,1.7645812177711135
GALAXY,0.2320484,3.44e-05,18.93005,0.01567107,0.15749620000000006,17.405929999999998,0.00803958,0.1089551,61667.58618947404,7.617950128702329e-16,0.7449131693955752
GALAXY,0.4724967000000001,0.00011852,22.08616,0.1076484,0.2190337,20.31928,0.03623216,0.1515265,110544.26975561275,4.162882235259966e-17,3.1866007372313057
GALAXY,0.5162796,0.00015961,22.66454,0.1844908,0.2211071,20.79466,0.05910678,0.1529608,118050.70395513113,2.4436675692927497e-17,4.159141081845738
GALAXY,0.7009001,0.00013147299999999998,22.68212,0.1406557,0.1734115,21.31151,0.07260192,0.1199653,145778.7158905867,2.404418856316751e-17,4.192949697901062
GALAXY,0.4198452,9.07e-05,21.49816,0.0874327,0.3141442,19.5244,0.02796921,0.2173235,100988.48245782123,7.154744429717945e-17,2.430679242830996
GALAXY,0.4479377000000001,0.000136345,22.2906,0.1566151,0.2741528,20.47064,0.05347122,0.1896576,106160.82565074314,3.4484038810486836e-17,3.501189781531692
GALAXY,0.3829299000000001,6.790000000000001e-05,21.02801,0.05338456,0.280465,19.21499,0.02018144,0.1940244,93926.04665790898,1.1031996749432075e-16,1.9574814369484859
GALAXY,0.608176,0.000147326,21.89611,0.1277989,0.07295986,20.39744,0.05307075,0.05047329,132601.58955429468,4.959228568769486e-17,2.919561663123591
GALAXY,0.6045765999999999,0.000201264,22.9168,0.2581734,0.1130256,20.89428,0.06764971,0.07819056,132060.73004204268,1.9370379312837675e-17,4.671492460699626
GALAXY,0.7127485,0.000196365,22.72965,0.3022588,0.0496259,20.78561,0.08260711,0.03433097,147362.36156666745,2.3014318823844362e-17,4.285738340292333
GALAXY,0.03093842,1.56e-05,17.06515,0.00500039,0.07455178,16.35567,0.004198604,0.05157457,9131.693007943893,4.244222322462523e-15,0.3155917577350017
GALAXY,0.6745135999999999,0.000119833,22.81403,0.2027612,0.08663713,21.04199,0.07525717,0.05993516,142172.6949765293,2.1293454557510853e-17,4.4555533918448775
GALAXY,0.4282015,0.00014499,21.70088,0.08397144,0.06339832,20.21782,0.03680238,0.04385867,102544.9747213827,5.936167203849498e-17,2.668527313065079
GALAXY,0.13909129999999995,9.81e-06,17.790789999999994,0.006098711,0.13794779999999998,17.01305,0.004926042,0.09543162,38822.99094270867,2.1754150322250053e-15,0.4408122473540259
GALAXY,0.5392885000000001,0.000155718,21.36299,0.1008026,0.08290091,20.02147,0.04738402,0.05735047,121842.88267239576,8.103303872920897e-17,2.2839871294540597
GALAXY,0.5680970999999999,0.000212581,23.10708,0.285188,0.07620289,21.11171,0.07209871,0.05271681,126448.33903514902,1.6256465443959904e-17,5.099312790323603
GALAXY,0.12436660000000002,2.12e-05,18.29794,0.009526287,0.07717310000000001,17.490879999999994,0.006948183,0.05338799,34981.55371562737,1.3635847175445577e-15,0.5567800328381735
GALAXY,0.05321518,8.26e-06,17.27832,0.006062673,0.06740102,16.92965,0.006118045999999999,0.04662771,15529.595076961938,3.4876277552050248e-15,0.3481445911562182
GALAXY,0.04350245,1.44e-05,17.79445,0.006393883,0.2178027,16.847360000000002,0.004710652,0.1506749,12758.290321163247,2.1680940880322825e-15,0.4415558594976534
GALAXY,0.3653834,6.159999999999999e-05,20.75578,0.06521923,0.2899032,18.99436,0.02037155,0.2005537,90460.05109284488,1.4175752601550978e-16,1.7268382199034806
GALAXY,0.8195940999999999,0.000538249,22.41009,0.1979793,0.3489335,21.12302,0.09557167,0.2413906,160707.40375765925,3.0890299936418794e-17,3.6992497427616584
GALAXY,0.1543082,2.33e-05,18.01363,0.007844321,0.1628889,16.79126,0.004859919,0.1126858,42727.68903538147,1.7717650283898739e-15,0.4884517301695506
GALAXY,0.5940340999999999,0.00014147,24.15564,0.5627079,0.3526647,21.28409,0.08150558,0.2439718,130463.37642062703,6.188738398469414e-18,8.264634508331364
GALAXY,0.2545854,5.12e-05,19.97924,0.0297268,0.08222769999999999,18.39892,0.01266722,0.05688474,66852.08482819666,2.8984253884747395e-16,1.207657136954414
GALAXY,0.6630298000000001,0.000127192,21.49741,0.06901476,0.1946366,20.60715,0.08060636,0.1346487,140568.4112758379,7.15968845948914e-17,2.429839860926903
GALAXY,0.4533672,0.000102377,21.84193,0.0940654,0.1168584,19.98819,0.02992947,0.08084211,107140.88275569263,5.2129807979503216e-17,2.8476174937941323
GALAXY,0.6263615,0.000204197,22.7666,0.2744792,0.1873239,20.81071,0.07550813,0.1295898,135299.61657281936,2.2244268326080282e-17,4.359288906252012
GALAXY,0.5675085,0.00016180399999999998,22.36526,0.1495078,0.08547315,20.81054,0.05299495,0.05912993,126355.7965820569,3.219245706900169e-17,3.6236617543006058
GALAXY,0.5432224,0.000206527,22.30344,0.2846439,0.1089103,20.00861,0.05516689,0.07534367,122481.01531039033,3.407862983473408e-17,3.5219537802342384
GALAXY,0.5156742,0.000127568,21.97255,0.104074,0.07185583,20.50749,0.04401133,0.04970953,117949.53076910469,4.622087100077108e-17,3.0241661801019735
GALAXY,0.5005386,0.000145583,21.45793,0.1916405,0.0700684,19.48371,0.04349159,0.048473,115396.48400190979,7.424823345619263e-17,2.3860616043513034
GALAXY,0.4685618,0.000106536,21.51624,0.09041364,0.07170382,19.73143,0.03119937,0.04960437,109850.46161188775,7.036588030025757e-17,2.451001924628925
GALAXY,0.1367978,2.2e-05,18.45584,0.008816078,0.118609,17.53378,0.006332609,0.08205317,38228.744850662304,1.1790225872121242e-15,0.5987749901462094
GALAXY,0.4520663,0.000116201,22.3918,0.1567242,0.06445479,20.23681,0.04075743,0.04458952,106906.63414188959,3.141507675923273e-17,3.668222346953632
GALAXY,0.4524623,7.879999999999999e-05,20.89878,0.07456471,0.09644974,19.28379,0.02916478,0.06672349,106977.97857624471,1.2426422774846417e-16,1.8443853004368989
GALAXY,0.4655198,0.00016094299999999998,21.26358,0.09465069,0.09685323,19.96148,0.04506612,0.06700262,109311.8789107795,8.880269074250092e-17,2.181783496244961
GALAXY,0.209474,4.16e-05,19.427670000000006,0.02368208,0.3573866,18.34741,0.01257431,0.2472384,56338.56165817896,4.817149504122423e-16,0.9367628350255861
GALAXY,0.0997205,2.68e-05,18.4853,0.008164734,0.07873039,17.54727,0.00629631,0.05446532,28411.5679959636,1.1474615061792601e-15,0.6069538244491791
GALAXY,0.163493,3.63e-05,18.23905,0.01029877,0.230179,16.95993,0.005883345999999999,0.15923679999999998,45052.75026875017,1.4395876929320544e-15,0.5418831569347508
GALAXY,0.1174618,4.72e-05,18.35668,0.01304734,0.1353869,17.40607,0.009218996,0.09366002,33158.69175091636,1.2917727689166088e-15,0.5720469208571294
GALAXY,0.3823051,8.7e-05,21.20143,0.05023679,0.13206800000000002,19.33961,0.01627101,0.091364,93803.85232654007,9.403426302343024e-17,2.1202235413601467
GALAXY,0.4980648,0.000107928,21.74524,0.1054222,0.1137078,20.31108,0.04514471,0.0786625,114974.85771739535,5.698520634471381e-17,2.7236020492930795
GALAXY,0.1211777,1.7800000000000002e-05,17.49679,0.006750911,0.07312552,16.44559,0.00437469,0.050587900000000005,34141.3990471763,2.8519514312379396e-15,0.3849937261201324
GALAXY,0.1149276,3.84e-05,18.08846,0.008419234,0.08367128,17.07716,0.005663621999999999,0.057883400000000015,32486.20395585696,1.653766252227092e-15,0.5055774001471156
GALAXY,0.5091574000000001,0.000195696,22.47271,0.16203389999999998,0.2263698,20.44466,0.04503511,0.1566016,116855.87189916898,2.9159100665701664e-17,3.8074801887914216
GALAXY,0.5764130999999999,0.000152468,22.22243,0.13816070000000005,0.1925435,20.55637,0.05115639,0.1332007,127748.99987649644,3.6718600934951087e-17,3.3929827546130196
GALAXY,0.447301,7.82e-05,20.08823,0.04216446,0.2443716,18.31561,0.01455474,0.1690551,106045.48570104978,2.6215981699219923e-16,1.2698185065867027
GALAXY,0.4977478,0.000118153,22.08362,0.1175804,0.2037068,20.76276,0.0539775,0.1409234,114920.74030659333,4.172632392529135e-17,3.1828755073491117
GALAXY,0.5758638,0.00013529700000000002,22.3743,0.1483221,0.4443212,20.59347,0.05088129,0.3073794,127663.4783552115,3.192553069300268e-17,3.6387787705790235
GALAXY,0.333172,7.140000000000001e-05,21.53299,0.07830543,0.1435058,20.21495,0.03602175,0.09927665,83908.45414836839,6.928865406124173e-17,2.469981226119143
GALAXY,0.7311294,0.000187395,22.720370000000006,0.2176035,0.1786095,21.22623,0.08973293,0.1235612,149776.5537953324,2.3211869765165095e-17,4.2674618986793575
GALAXY,0.4510652,0.000111738,22.12444,0.1223276,0.08939038,20.33134,0.040303,0.06183985,106726.12453096166,4.018667967835917e-17,3.24327408780708
GALAXY,0.6186096999999999,0.000217267,21.75212,0.1101591,0.1476742,20.80147,0.08111993,0.1021603,134156.56940527994,5.662524905754826e-17,2.732245078021165
GALAXY,0.12849960000000002,2.21e-05,17.79665,0.007367296999999998,0.1085037,16.68221,0.004994040999999999,0.07506233,36066.07865362389,2.1637053813049324e-15,0.4420034429646672
GALAXY,0.7649111,0.000390352,22.72636,0.2050992,0.2219311,21.340670000000006,0.1063682,0.1535309,154082.16482878992,2.308416262533747e-17,4.279249930424285
GALAXY,0.3009809,6.03e-05,20.7505,0.04860356,0.3143731,19.05408,0.02075333,0.2174819,77109.63835681102,1.424485802869539e-16,1.7226444619016361
GALAXY,0.590979,0.000221146,22.705070000000006,0.2191309,0.30566,20.80494,0.08470618,0.2114542,129996.7770524593,2.354128283739528e-17,4.237499424980806
GALAXY,0.6455539,0.000199125,23.32393,0.271281,0.1466774,21.31906,0.07350905,0.1014707,138085.45853037966,1.331331246914196e-17,5.634840822779843
GALAXY,0.6010310999999999,0.000181538,21.63169,0.08394165,0.08394903,20.7439,0.06804641,0.05807555,131525.73393175876,6.326771144538815e-17,2.5848399201069716
GALAXY,0.6000531,0.000294238,22.80971,0.2635514,0.2105211,21.20253,0.1028971,0.1456375,131377.76740985643,2.137834715822048e-17,4.446698175927765
GALAXY,0.4909005,0.000149512,23.42416,0.4069356,0.2200955,21.42802,0.11088710000000003,0.15226099999999998,113746.83408638205,1.213931344139335e-17,5.901027686600985
GALAXY,0.290099,8.640000000000001e-05,20.74651,0.08247246,0.330754,18.88925,0.02472503,0.2288141,74753.06975111956,1.42973031320112e-16,1.7194820728817646
GALAXY,0.721607,9.03e-05,21.75467,0.13384110000000002,0.09044416,21.01784,0.1205124,0.06256884,148532.26526253074,5.649241296702018e-17,2.7354554883355777
GALAXY,1.596576,0.000366602,24.30702,0.6755335,0.07168715,22.10399,0.1924375,0.04959284,222348.78826822113,5.383319118790025e-18,8.861345141679198
GALAXY,0.117797,1.3800000000000003e-05,17.35138,0.005686246999999999,0.13503810000000002,16.3437,0.004142712,0.09341872,33247.50274662339,3.2606645752322982e-15,0.36005732636971033
GALAXY,0.3837709,8.04e-05,21.01775,0.06494747,0.1812361,19.27223,0.02187678,0.12537830000000005,94090.38226027282,1.1136741141848732e-16,1.9482543396248135
GALAXY,0.1916914,2.3800000000000006e-05,18.56944,0.009903441,0.08384277,17.39166,0.0060509430000000005,0.05800204,52043.24032403669,1.0618963430978746e-15,0.6309335944181069
GALAXY,0.472187,0.000113985,22.05994,0.127863,0.1269546,20.29584,0.03933839,0.0878266,110489.7796501763,4.2646375368614086e-17,3.148354680726463
GALAXY,0.3720763,8.73e-05,20.98807,0.09620737,0.7636048000000001,18.86646,0.02211444,0.5282581999999999,91790.55193460075,1.1445377598330777e-16,1.921806474965648
GALAXY,0.5750023,0.000110764,22.16371,0.16448929999999998,0.1656287,20.61999,0.05962377,0.11458110000000002,127529.23862070336,3.875913937352585e-17,3.3024606555895777
GALAXY,0.3587046,5.88e-05,21.11205,0.1117241,0.28957790000000005,19.24146,0.03050536,0.2003287,89121.88749571059,1.0210291123710905e-16,2.034724677318453
GALAXY,0.6280316999999999,0.000280326,22.98916,0.4601851,0.281428,21.00358,0.1060661,0.1946906,135544.54245097938,1.8121499241439282e-17,4.829783375291387
GALAXY,0.2502843,3.79e-05,19.69425,0.02874618,0.1907268,18.24412,0.01202981,0.13194389999999998,65872.98918803816,3.768409805797369e-16,1.0591211781910341
GALAXY,0.3361535,5.86e-05,20.89439,0.06438663,0.14040940000000002,19.11271,0.02079479,0.09713455,84525.31025852555,1.2476768734253207e-16,1.8406603291379373
GALAXY,0.5110797,7.49e-05,22.00846,0.1230622,0.1185717,20.53647,0.05043783,0.08202738,117179.34935979925,4.471715089990367e-17,3.0745931288495747
GALAXY,0.1452731,4.88e-05,20.34305,0.02989017,0.3317463,19.17789,0.01938613,0.2295006,40417.20951336342,2.0731853210358492e-16,1.4279258384897155
GALAXY,0.4082805,0.00013445200000000002,21.42958,0.1086891,0.1354412,19.59583,0.039808300000000005,0.09369762,98808.9270312253,7.621248546510401e-17,2.355112471569516
GALAXY,0.2741322,4.75e-05,20.96201,0.04979521,0.1607553,19.34695,0.02221201,0.1112098,71240.96904496619,1.1723414628826476e-16,1.898880577050166
GALAXY,0.4776869000000001,0.000103277,21.8119,0.08987186,0.2137209,20.19224,0.03990851,0.14785120000000002,111454.50159627675,5.35917729960866e-17,2.808507915814915
GALAXY,0.3621058,5.47e-05,20.54718,0.04580092,0.2488712,18.89042,0.01692495,0.17216789999999998,89804.6625983082,1.7178535044689727e-16,1.5686702214380948
GALAXY,0.3185777,3.68e-05,19.47634,0.02492861,0.1722296,17.70596,0.009299379,0.1191476,80857.74938125929,4.605980820415669e-16,0.9579959041368067
GALAXY,0.2363912,9.41e-05,21.35827,0.08253568,0.17839660000000002,20.47959,0.05658471,0.123414,62677.08568256695,8.138607891732422e-17,2.279027954605118
GALAXY,0.226785,4.320000000000001e-05,19.59368,0.01891841,0.1378566,18.13579,0.008961133,0.09536856,60437.33934443324,4.1341490009828014e-16,1.011187406694943
GALAXY,0.1947567,1.62e-05,18.64878,0.01393054,0.09946867,17.40071,0.007571431,0.06881197,52789.84056825622,9.87065846668133e-16,0.6544125995006035
GALAXY,0.5707754,0.000104031,22.28974,0.14069489999999998,0.15916270000000002,20.56925,0.04540927,0.110108,126868.62623185586,3.4511364068276767e-17,3.4998034286460418
GALAXY,0.5299713,0.00016217100000000002,21.87807,0.13121870000000002,0.1280376,20.18304,0.05041655,0.08857580000000001,120319.65800227143,5.042316765613559e-17,2.8954072150266854
GALAXY,0.5026081,0.000131005,21.43409,0.09401277,0.32189850000000003,19.9923,0.04586005,0.2226879,115748.25890147977,7.589656580073298e-17,2.360008962524299
GALAXY,0.5625513000000001,0.000125295,21.87276,0.1353935,0.1267932,20.48314,0.06563142,0.08771496,125573.85590329547,5.0670375791672565e-17,2.8883355942042206
GALAXY,0.446564,9.09e-05,21.62067,0.1106781,0.2142835,19.99349,0.0459024,0.1482403,105911.86790197792,6.39131356733282e-17,2.571755351846276
GALAXY,0.4227968,8.159999999999999e-05,21.11571,0.08786471,0.30284520000000004,19.0685,0.02663314,0.2095069,101540.01682592361,1.0175930337193995e-16,2.0381570819035595
GALAXY,0.4829057,0.000122425,22.47711,0.176879,0.2505056,21.027420000000006,0.09587587,0.1732986,112364.1460000192,2.904117107834843e-17,3.8152030118999565
GALAXY,0.2472016,3.2899999999999987e-05,19.35196,0.01838726,0.223582,17.795189999999995,0.008951258,0.154673,65168.25915393546,5.165045185277532e-16,0.9046647162349252
GALAXY,0.1821152,3.4899999999999995e-05,18.7351,0.01509986,0.1740013,17.55622,0.009399924,0.1203733,49694.088999552274,9.116289854165929e-16,0.6809506711781996
GALAXY,0.4056427,0.000101297,21.16454,0.05405881,0.1366123,19.359,0.01975137,0.09450775,98307.61716283161,9.728415817844819e-17,2.0845084130758025
GALAXY,0.4001977000000001,0.00012061,22.83247,0.223219,0.4468296,20.83599,0.06480742,0.3091146,97267.86388853003,2.0934863098176894e-17,4.493550763634888
GALAXY,0.4687666,0.000187753,22.34705,0.2214854,0.2022158,20.58275,0.08454884,0.13989200000000002,109886.65181324635,3.2736943224224735e-17,3.593400734827839
GALAXY,0.5290909,0.00011145,21.72959,0.1100406,0.1568521,19.98902,0.03906526,0.1085095,120174.85913392506,5.781254993535097e-17,2.704043365816225
GALAXY,0.6119574000000001,8.44e-05,22.06101,0.1097106,0.1336349,20.44682,0.04013776,0.09244798,133167.34506806816,4.26043677946739e-17,3.1499064248833544
GALAXY,0.4025536,6.75e-05,21.21854,0.06688324,0.1957618,19.45466,0.02138489,0.1354271,97718.5547137368,9.256400245899097e-17,2.1369957196234406
GALAXY,0.3766769,0.000103279,22.22694,0.1398096,0.2525816,20.59217,0.04910506,0.1747348,92699.06896872465,3.6566393222359454e-17,3.4000370713678616
GALAXY,0.1752646,1.5e-05,18.00309,0.009191256,0.159639,16.76925,0.005267583,0.1104375,47997.937644896614,1.7890485454010017e-15,0.486086603671238
GALAXY,0.4862204000000001,0.000143295,22.05559,0.16015179999999998,0.13706849999999998,20.57971,0.06553631,0.09482334,112939.0012511522,4.28175807268237e-17,3.1420540552313434
GALAXY,0.6948445,0.000312559,22.38014,0.4179735,0.129491,20.722620000000006,0.1382128,0.08958127,144960.89069984612,3.175426941683346e-17,3.6485781441616076
GALAXY,0.7544948,0.000238572,23.04764,0.2114672,0.28567800000000004,22.05958,0.1418662,0.1976307,152772.38284879297,1.7171258459131363e-17,4.961621745282525
GALAXY,0.5934275,0.000185464,21.85167,0.1489158,0.2743401,20.49763,0.07195175,0.1897872,130370.86465207848,5.166424952438683e-17,2.860418987811507
GALAXY,0.5228124,0.000152007,21.94408,0.14494210000000002,0.09821113,20.27346,0.04766158,0.06794201,119137.87085207691,4.744889743255395e-17,2.9847753698319806
GALAXY,0.3990049000000001,8.759999999999999e-05,21.20898,0.06003435,0.1260484,19.34647,0.01973491,0.08719968,97039.20037313623,9.338263518170633e-17,2.1276081843978343
GALAXY,0.5505188,0.00021593,22.94629,0.258852,0.30376790000000004,21.39822,0.1142666,0.21014520000000006,123656.7950673037,1.885133560876868e-17,4.735367097932181
GALAXY,0.1866485,2.8000000000000006e-05,18.19813,0.01158255,0.2122562,16.866229999999998,0.006492141,0.1468379,50809.323740999374,1.4948792898965059e-15,0.5317673300717276
GALAXY,0.3898295,0.00016785,22.12668,0.1003559,0.1638638,20.54239,0.04509965,0.11336019999999998,95269.47041248519,4.0103855354231805e-17,3.246621439730336
GALAXY,0.1408814,3.3600000000000004e-05,19.10584,0.01547322,0.1846345,17.9552,0.009402159,0.12772930000000002,39285.76055432201,6.479211028744205e-16,0.8077252367314245
GALAXY,0.3072147,6.47e-05,20.29682,0.03411599,0.1854434,18.63536,0.01399198,0.12828889999999998,78446.23740245789,2.163366623954779e-16,1.3978470436210948
GALAXY,0.5599201,0.000171492,23.01391,0.1843593,0.2483613,20.97237,0.05790124,0.1718152,125156.9589845632,1.7713081676510084e-17,4.885147175240729
GALAXY,0.4350173,0.000125472,20.41155,0.03713301,0.09838458,18.75965,0.0149345,0.068062,103803.21730029584,1.9464270219255798e-16,1.473688356747544
GALAXY,0.1172902,2.68e-05,17.68196,0.007848209,0.09834123,16.69068,0.0052151440000000006,0.06803200000000001,33113.21386349466,2.4047732106829106e-15,0.41926407613318123
GALAXY,0.3634855,7.79e-05,20.4812,0.04193284,0.09981278,18.62958,0.01427935,0.06905001,90080.85467445565,1.8254843968142125e-16,1.5217231664055866
GALAXY,0.5821469,0.000155605,22.02323,0.1019396,0.03680624,20.99891,0.06698337,0.02546238,128638.41864469707,4.4112952390775344e-17,3.0955772927219205
GALAXY,0.4707134,0.000102559,21.80506,0.1091307,0.03374114,20.27469,0.04021065,0.02334196,110230.23443240103,5.393046007245265e-17,2.799675213010254
GALAXY,0.1885577,2.25e-05,18.69738,0.01140085,0.08368459,17.408079999999998,0.006409990999999999,0.05789262,51277.301115295035,9.438568351364567e-16,0.6692242232098187
GALAXY,0.08444187,1.4e-05,16.79186,0.004251523,0.09607619,15.8974,0.003299634,0.06646506,24249.713642402792,5.459012958201556e-15,0.2782708100623988
GALAXY,0.5252784,0.000155099,22.31415,0.1542946,0.1048015,20.55617,0.04912999,0.07250119999999999,119546.08288924953,3.3744121427942656e-17,3.5393674477329724
GALAXY,-0.000278549,3.05e-05,19.97965,0.017277200000000003,2.24176,18.96873,0.01109801,1.550839,-83.51851976325302,2.8973310802470616e-16,1.2078851786145541
GALAXY,0.4850353,0.000157348,23.01011,0.2138888,0.579015,21.11117,0.06118355,0.4005599,112733.73221849065,1.7775184825718076e-17,4.876605815991214
GALAXY,0.4988451,7.43e-05,22.04733,0.09969396,0.08001897,20.69987,0.05146642,0.05535675,115107.98231635269,4.3144568037850025e-17,3.1301247913419785
GALAXY,0.1107742,2e-05,17.68234,0.006571425,0.2002881,16.72006,0.004670260999999999,0.13855839999999994,31380.008647895702,2.4039317043202047e-15,0.4193374522853693
GALAXY,0.1407369,2.28e-05,18.58707,0.0154797,0.2145761,17.84708,0.01011375,0.1484427,39248.438964004046,1.0447926896341358e-15,0.6360769416124717
GALAXY,0.5261888000000001,0.0001317,22.99079,0.2339065,0.08068326,20.94792,0.06151383,0.05581631,119696.48737611313,1.8094314109168865e-17,4.833410178165688
GALAXY,0.4973224,0.000103883,22.0494,0.1175771,0.2224689,20.33044,0.03973759,0.1539029,114848.08532602698,4.306238953659746e-17,3.1331100687790334
GALAXY,0.4803584,0.000148549,22.19245,0.17566189999999998,0.1403473,20.48834,0.05918135,0.09709161,111920.84765654744,3.774662488060169e-17,3.34646010786998
GALAXY,0.4905362,0.000151592,22.11475,0.1458443,0.1816322,20.232470000000006,0.04598545,0.12565230000000002,113684.11216207771,4.0546943808572617e-17,3.2288335132207187
GALAXY,0.4836419,2.4100000000000006e-05,21.73918,0.08032656,0.1792754,20.26668,0.03279465,0.1240219,112492.01651984455,5.730415662866464e-17,2.7160117989216017
GALAXY,0.8238187,0.000287498,22.05804,0.2323325,0.09993771,20.65207,0.09814045,0.06913645,161202.23411628278,4.272107035657483e-17,3.145601130824875
GALAXY,0.1091266,2.42e-05,17.89524,0.009113249,0.283002,16.73679,0.005623078,0.1957795,30939.807033791534,1.975887097035349e-15,0.4625339892043794
GALAXY,0.09468396,9.38e-06,19.80851,0.02552355,0.3110587,19.22828,0.02262666,0.215189,27047.189853568467,3.3919865788348093e-16,1.1163429968837217
GALAXY,0.3221138,6.159999999999999e-05,20.27701,0.03364326,0.06800505,18.62485,0.01260151,0.04704558,81601.69721118509,2.203201026231091e-16,1.3851526980057771
GALAXY,0.3777332000000001,8.09e-05,21.26523,0.06325665,0.09162289,19.40614,0.01957078,0.06338429,92906.9722970283,8.866783923951686e-17,2.1834419611710127
GALAXY,0.4567782,0.000150595,21.66494,0.09736695,0.08380771,20.04921,0.03573647,0.05797779,107753.38526715778,6.135954424812673e-17,2.624724059830815
GALAXY,0.484657,7.7e-05,21.66467,0.08440248,0.2087759,19.95564,0.02895199,0.1444302,112668.14710395838,6.137480498732739e-17,2.624397722992885
GALAXY,0.4619355,0.000134964,21.92117,0.08092839,0.2023277,20.45758,0.03547724,0.1399694,108674.79674020347,4.846074933231486e-17,2.9534501995780875
GALAXY,0.6456908,0.000162439,22.39403,0.2669184,0.4059359,20.47168,0.07876849999999999,0.2808245,138105.10650498644,3.135061936500588e-17,3.671991373694844
GALAXY,0.4327576,0.000117247,21.47324,0.1215126,0.2718064,19.56567,0.0367802,0.1880344,103387.18166889474,7.320860395688176e-17,2.402944013717287
GALAXY,0.185082,2.51e-05,18.24105,0.00911929,0.08098128,16.93095,0.005581943000000001,0.05602247,50424.594271516384,1.4369383153187244e-15,0.5423824796777957
GALAXY,0.2998984000000001,6.720000000000001e-05,21.06659,0.05441782,0.07735821,19.34585,0.02138189,0.05351605,76876.5475294249,1.0646874263445629e-16,1.9925702980204814
GALAXY,0.3400207,7.209999999999999e-05,21.52638,0.06408001,0.1630644,19.66294,0.02313437,0.11280719999999997,85322.2126298578,6.971177248429526e-17,2.462473991932563
GALAXY,0.5344773,7.01e-05,21.76133,0.09444878,0.1361525,20.68176,0.05511416,0.09418964,121058.41015528543,5.614694425942666e-17,2.7438581279266514
GALAXY,0.4118491,7.94e-05,21.14761,0.06819743,0.2060875,19.42827,0.02527736,0.1425704,99484.6591619168,9.881300918384978e-17,2.06831962287996
GALAXY,0.5565543000000001,0.000196805,21.80839,0.1302468,0.1996487,20.12467,0.05435909,0.13811600000000002,124621.78486947688,5.376530641003934e-17,2.8039718692895135
GALAXY,0.7150552,0.000215815,22.41253,0.1400254,0.1870189,21.21592,0.08836869,0.1293788,147668.15326502296,3.082095740005112e-17,3.7034087836098686
GALAXY,1.030214,0.000146977,21.99763,0.08559529,0.06853686,21.89295,0.1199101,0.04741349,182726.47369469382,4.516542749266047e-17,3.059297080652307
GALAXY,0.5487542,0.000165062,22.25065,0.14555639999999995,0.07997684,20.48243,0.05542765,0.05532761,123373.36344916186,3.577652255036413e-17,3.4373650134844884
GALAXY,0.6075698,0.000131373,22.34032,0.1574804,0.1270978,20.78361,0.05502716,0.08792564,132510.65934563853,3.2940495313665846e-17,3.5822810219189485
GALAXY,0.9071881,0.00033060800000000003,24.17333,0.7437079000000001,0.1088537,21.93585,0.1637953,0.07530446,170498.18664528942,6.088721716719648e-18,8.332237726499292
GALAXY,0.30852909999999995,6.96e-05,20.9793,0.0732034,0.1273271,19.04755,0.01948825,0.08808433,78726.82301841387,1.1538201662454948e-16,1.9140604619005053
GALAXY,0.1501641,2.02e-05,18.03729,0.009227583,0.1060641,16.87496,0.0052508730000000005,0.07337466,41670.82777300534,1.7335729635772475e-15,0.4938029183689548
GALAXY,0.5873588000000001,0.000143702,21.37011,0.09787045,0.1130527,20.2447,0.05735835,0.07820933,129441.70082790294,8.050338189907325e-17,2.2914883429241937
GALAXY,0.5936060000000001,0.000202882,21.92422,0.3131682,0.1653179,20.19067,0.0911303,0.1143662,130398.0942900992,4.83248066648545e-17,2.957601462224913
GALAXY,0.12681969999999998,1.73e-05,19.49793,0.0228132,0.1140944,18.98732,0.02458164,0.07892999,35625.856139219635,4.515294954782415e-16,0.9675683466701192
GALAXY,0.5429062,0.000185404,22.77462,0.17190129999999998,0.2348515,21.27431,0.06987864,0.1624692,122429.83250825925,2.2080562113554308e-17,4.375419039378777
GALAXY,0.5687908,0.000170032,22.42974,0.1517832,0.212427,20.96976,0.06918361,0.146956,126557.32362249747,3.033626610256352e-17,3.732876762062229
GALAXY,0.162065,2.05e-05,18.14313,0.008551969,0.3755529,16.94446,0.005339421,0.2598058,44692.82597379751,1.5725560189390519e-15,0.5184676364965767
GALAXY,0.5343372,0.00012600100000000002,22.52872,0.154108,0.2893516,20.85704,0.05636703,0.2001721,121035.49998481228,2.769300762103241e-17,3.9069661839125907
GALAXY,0.6500107,0.000174732,23.45642,0.3332527,0.2630944000000001,21.76406,0.118453,0.1820075,138723.49127431994,1.1783929218492346e-17,5.989349442296151
GALAXY,0.21716910000000006,3.2e-05,19.62728,0.02212713,0.3871017000000001,18.16879,0.01041855,0.26779509999999995,58170.54920333895,4.008169926726612e-16,1.0269555640980144
GALAXY,0.9273747,0.000266585,23.87373,0.7210472,0.1723606,21.80608,0.2011554,0.1192383,172620.9300777826,8.023541905603937e-18,7.258412608513805
GALAXY,0.11338689999999997,1.91e-05,17.97754,0.007217205,0.1478269,16.920679999999994,0.005195068,0.102266,32076.446054300988,1.8316484602040503e-15,0.48040072292985503
GALAXY,0.4039367,0.000165818,21.60571,0.1323799,0.2120276,19.90373,0.05843694,0.1466797,97982.563945336,6.479986859796091e-17,2.5540985603317985
GALAXY,0.4762096,0.000102474,22.4648,0.1296871,0.29330890000000004,20.79278,0.05516246,0.2029098,111195.98722657801,2.937231148999228e-17,3.793635950680034
GALAXY,0.5751808,0.000128771,22.81062,0.2263311,0.2362178,20.85611,0.06884573,0.1634144,127557.06381988415,2.1360436596350304e-17,4.448562046416844
GALAXY,0.2334961,4.2700000000000015e-05,18.989420000000006,0.01518158,0.2988093,17.598779999999994,0.008725408,0.2067149,62004.667777625655,7.212571396201126e-16,0.7655607377432829
GALAXY,0.5200152,0.000201803,22.81579,0.3558614,0.3559744,20.84166,0.1026906,0.2462615,118673.39480265767,2.125896540517052e-17,4.459166126094657
GALAXY,0.6001399000000001,0.000104496,22.78886,0.262038,0.2415937,20.86723,0.08305959,0.1671334,131390.90668046393,2.1792854796402747e-17,4.404206284389406
GALAXY,0.4370913,0.000147541,21.32055,0.1083799,0.2714302,20.1285,0.06285103,0.1877741,104184.08888542645,8.426323438582645e-17,2.239781495413115
GALAXY,0.6063901999999999,9.55e-05,21.86197,0.09982762,0.176505,20.33276,0.0343849,0.1221053,132333.53367021985,5.117644630921479e-17,2.8740191149551513
GALAXY,0.5206414,0.000132934,21.78077,0.1266035,0.1071701,20.26099,0.05085704,0.07413975,118777.50861430835,5.515058521605734e-17,2.768532666934185
GALAXY,0.08501853,1.6899999999999994e-05,17.31733,0.007083079,0.1324529,16.36778,0.00476579,0.09163027,24408.038534672043,3.3645433261434797e-15,0.3544554450688281
GALAXY,0.3471415,6.99e-05,21.35779,0.09027545,0.32850490000000004,19.53176,0.02732517,0.2272582,86780.16617022088,8.142206735935935e-17,2.2785242353239767
GALAXY,0.467657,0.000182814,21.8797,0.295831,0.26799359999999994,20.30294,0.0982515,0.1853967,109690.46972295945,5.0347524881552624e-17,2.89758144736668
GALAXY,0.4187278,0.00016921599999999995,22.03016,0.1019607,0.09586052,20.52898,0.042724,0.06631586,100779.18442603716,4.383228640896695e-17,3.1054722461744517
GALAXY,0.5576419,0.00023855,22.41678,0.288786,0.1556136,20.70322,0.08518678,0.1076528,124794.94892024652,3.07005478280876e-17,3.7106641831977987
GALAXY,0.6829535,0.000136995,22.26099,0.2017298,0.1768264,21.46338,0.1617918,0.1223277,143338.15278657226,3.543742239777546e-17,3.4537719042146207
GALAXY,0.5520255000000001,0.000194642,22.50467,0.2557035,0.1828389,20.90956,0.09542147,0.12648710000000002,123898.33709241555,2.831327617587024e-17,3.863933578918378
GALAXY,0.6229482,0.000245156,23.27876,0.4560554,0.1245731,21.27342,0.1074281,0.08617908,134797.5835039481,1.3878870554498167e-17,5.518838080166047
GALAXY,0.2184973,4.11e-05,19.5948,0.02368953,0.1408539,18.13452,0.01154062,0.09744205,58485.133758902724,4.1298865848476236e-16,1.0117090905111235
GALAXY,0.28788020000000003,4.24e-05,20.04161,0.03184154,0.1471148,18.45969,0.01347797,0.1017733,74268.90037122926,2.7366176598185866e-16,1.2428469540137175
GALAXY,0.6150746,0.000149456,22.81404,0.1811481,0.28523740000000003,20.81776,0.0564192,0.1973259,133631.84513734994,2.129325843844982e-17,4.455573910473769
GALAXY,0.5987736,0.000181808,22.9373,0.27215490000000003,0.1273305,21.46896,0.1168339,0.08808663,131183.9290103883,1.9008074488215765e-17,4.715802977006257
GALAXY,0.5380349,0.000115754,22.07034,0.1302629,0.1963521,20.55007,0.05979684,0.1358355,121638.90959092915,4.223982645502638e-17,3.163469504604222
GALAXY,0.4017736,7.57e-05,21.47812,0.08406132,0.1923831,19.59083,0.02768263,0.13308979999999998,97569.47679278441,7.288029555824376e-17,2.4083502777245207
GALAXY,0.401031,1.5e-05,22.91911,0.1917333,0.27629990000000004,21.30181,0.09001909,0.191143,97427.41965501281,1.9329210924358796e-17,4.676464612016624
GALAXY,0.5765253,0.000338696,23.65103,0.3323109,0.214296,21.69138,0.09383138,0.148249,127766.46171186569,9.850224419065244e-18,6.550910292352215
GALAXY,0.2472487,4.31e-05,20.06626,0.02522364,0.1452076,18.49618,0.01139517,0.1004539,65179.04540942988,2.6751868760747105e-16,1.25703581690511
GALAXY,0.8370947,0.000290743,24.55511,0.7366148,0.25087600000000004,22.04629,0.16776110000000002,0.17355489999999998,162741.8751738641,4.283651440740572e-18,9.933851243558514
GALAXY,0.4970902,0.000166236,22.51142,0.1859155,0.4801788,20.96638,0.07850853,0.3321855,114808.41200522431,2.8137799144966066e-17,3.875963264719864
GALAXY,0.4509373,0.000317042,22.15408,0.1654155,0.3780826,20.38074,0.05877104,0.2615558,106703.04735646029,3.9104444889510654e-17,3.2878474000209263
GALAXY,0.4671959,8.759999999999999e-05,21.4603,0.1048746,0.2707692,19.56732,0.03291594,0.1873169,109608.86966661729,7.408633741191126e-17,2.388667234101475
GALAXY,0.493125,0.00015361,21.95866,0.1142641,0.15354229999999994,19.9367,0.03648458,0.10621989999999998,114129.24437130456,4.681598067811897e-17,3.0048835920685253
GALAXY,0.21745970000000006,2.8000000000000006e-05,19.033520000000006,0.01305843,0.13605599999999998,17.65406,0.007584626,0.0941229,58239.41863258682,6.925483919458897e-16,0.7812673090228998
GALAXY,0.5722264,0.000181047,23.02016,0.1964131,0.1793249,21.06682,0.06141225,0.12405610000000003,127095.76967433709,1.761140989762177e-17,4.89922801330337
GALAXY,0.6242121999999999,0.000151981,23.05992,0.2167299,0.06575061,21.36871,0.071793,0.04548597,134983.7282499805,1.6978140578387987e-17,4.989759943337365
GALAXY,0.16664479999999998,8.88e-06,18.01997,0.007585980999999999,0.07442261,17.32481,0.006312264000000001,0.05148521,45845.12362244145,1.7614492101813343e-15,0.48987993582600997
GALAXY,0.1106987,1.19e-05,17.59617,0.005210559,0.07483485,16.89327,0.00458722,0.051770400000000015,31359.854001075862,2.6024963267381602e-15,0.403022833709945
GALAXY,0.3016335,5.03e-05,20.57524,0.05054845,0.1278989,18.93268,0.01942332,0.08847991,77250.01852403017,1.6740257158550454e-16,1.5890722816499856
GALAXY,0.6605388000000001,0.000145845,22.79069,0.17447379999999998,0.2217371,21.51883,0.08514483,0.1533967,140217.57793399616,2.1756154045812973e-17,4.407919476672583
GALAXY,0.4419268,8.27e-05,21.56994,0.09573018,0.1879354,19.72078,0.02775509,0.1300129,105068.47509217064,6.697028161851839e-17,2.51237030885498
GALAXY,0.6848533,0.000133791,21.89553,0.1504896,0.1110024,21.01646,0.09516992,0.07679092,143598.9211681859,4.961878495121306e-17,2.9187819527155234
GALAXY,0.5370807,0.000159415,22.39219,0.1662514,0.09674318,20.8774,0.07881141,0.06692649,121483.44985658741,3.140379438724568e-17,3.668881224858961
GALAXY,0.1896045,3.04e-05,18.6699,0.01116434,0.1043689,17.3714,0.006125294,0.07220192,51533.46173417457,9.68050748745232e-16,0.6608085480615471
GALAXY,0.1450096,7.57e-06,18.76812,0.008409083000000001,0.1151552,18.44958,0.007989401,0.07966385,40349.47820461835,8.843213804896512e-16,0.6913845212005328
GALAXY,0.5745378000000001,0.000188202,22.33373,0.1286835,0.1533987,20.83469,0.05555944,0.1061205,127456.80338804002,3.3141039412230825e-17,3.5714259696775232
GALAXY,0.4045011,0.00015777,20.656270000000006,0.06692814,0.1027883,18.83819,0.02126474,0.0711085,98090.17438006241,1.5536390382339282e-16,1.6494898681704813
GALAXY,0.07684316,2.04e-05,17.424039999999998,0.005694001999999999,0.09691632,16.48936,0.004181946,0.06704625,22154.30202286533,3.0495947071652266e-15,0.37230910075442747
GALAXY,0.5106202999999999,0.000120104,21.950470000000006,0.09289014,0.1073015,20.19953,0.03220932,0.07423065,117102.10990676262,4.717046149403278e-17,2.9935716155272423
GALAXY,0.6273856,0.000163568,22.75216,0.2015779,0.2214068,21.21126,0.07910101,0.1531682,135449.85209585528,2.2542087187706588e-17,4.330396392405878
GALAXY,0.5268425,0.000198831,22.4954,0.165456,0.2222108,20.5292,0.04789751,0.15372439999999998,119804.38373020342,2.855604944054079e-17,3.8474736331278385
GALAXY,0.5879058000000001,0.000206294,21.98289,0.188464,0.199908,20.44572,0.06340714,0.1382954,129525.72232731072,4.578277631487499e-17,3.0386008310256
GALAXY,0.4650052,0.000148816,20.52263,0.08472503,0.1640951,18.73027,0.02579873,0.1135202,109220.57822608468,1.7571390287610897e-16,1.5510351937426425
GALAXY,0.5386949000000001,0.000122004,22.60243,0.2647817,0.2657908,20.57643,0.05970531,0.1838729,121746.33563703821,2.5875343581030568e-17,4.041863589807472
GALAXY,0.5841159,0.0002471,22.47765,0.171042,0.1765747,21.13149,0.07551407,0.1221536,128942.46800008084,2.9026730799839634e-17,3.816151891473211
GALAXY,0.1667405,1.23e-05,18.72581,0.009846087,0.2239319,17.74496,0.0065681640000000005,0.154915,45869.1392500598,9.194627198378818e-16,0.6780436487540396
GALAXY,0.6475998000000001,4.56e-05,22.15193,0.1274873,0.09468068,20.60501,0.04800038,0.06549966,138378.76045271906,3.918195713816766e-17,3.2845936752451714
GALAXY,0.34253320000000004,6.1e-05,20.81316,0.04567231,0.2017441,19.12909,0.01664771,0.13956559999999998,85838.02548993868,1.3446031526698473e-16,1.7730772287029566
GALAXY,0.487903,0.000152291,21.69004,0.1605022,0.06906457,19.91569,0.04523217,0.04777855,113229.94878532468,5.995730797369485e-17,2.655239207495303
GALAXY,0.2943231,4.88e-05,20.89299,0.05214717,0.1281603,19.55367,0.02265493,0.08866071,75671.37736451403,1.2492867251270032e-16,1.8394739940384437
GALAXY,0.3021218,5.13e-05,20.05668,0.03435213,0.1741769,18.55369,0.01502219,0.1204948,77354.98653955081,2.6988958480400594e-16,1.2515023005497392
GALAXY,0.1979998,3.8e-05,18.83526,0.01344666,0.1095589,17.55337,0.007648149,0.07579234,53576.93191410732,8.31293003279955e-16,0.7130954284823254
GALAXY,0.6949536000000001,0.000280204,22.326220000000006,0.31660340000000003,0.2311898,20.69942,0.118417,0.1599361,144975.67583947885,3.3371069480333835e-17,3.5590955888508446
GALAXY,0.134481,1.62e-05,18.89236,0.01145054,0.2757026,17.64009,0.007080259,0.1907298,37626.93212127948,7.887041485517238e-16,0.7320953565654088
GALAXY,0.513835,0.00012464100000000002,22.64845,0.1629402,0.1979111,20.84994,0.05380155,0.136914,117641.72420694395,2.4801510128603636e-17,4.128436910976086
GALAXY,0.4515015000000001,0.000113986,22.02598,0.1069339,0.1635876,20.59999,0.05213901,0.1131692,106804.82054961963,4.4001362560984403e-17,3.0995000827216486
GALAXY,0.1650402,2.2e-05,18.61988,0.01088057,0.08374729,17.3977,0.0069890690000000005,0.05793599,45442.07074142832,1.0136922477024674e-15,0.6457607613877087
GALAXY,0.5049457,0.000144421,21.4476,0.1093693,0.08552574,19.849,0.04441559,0.05916631,116144.57431777132,7.495802327375039e-17,2.3747377293261125
GALAXY,0.6383154999999999,0.000143808,23.08238,0.2269893,0.2569543,21.75765,0.1210123,0.1777598,137042.11219287108,1.663053134752308e-17,5.041637919404949
GALAXY,0.7582293999999999,0.00015894,21.2671,0.1559149,0.07347824,20.51016,0.12040539999999998,0.05083191,153243.78977967042,8.851525507450072e-17,2.1853230788136084
GALAXY,0.5927019,0.000246573,23.17817,0.2067818,0.1975891,21.82771,0.08930342,0.1366912,130260.11782198392,1.5226150746233404e-17,5.269017636851821
GALAXY,0.3435633,6.23e-05,20.51801,0.04200755,0.09149908,18.77965,0.01488059,0.06329864,86049.06525096945,1.7646318972205031e-16,1.5477387369015536
GALAXY,0.4900128,9.14e-05,21.99322,0.09147207,0.08330139999999997,20.61435,0.03801376,0.05762753,113593.95062022058,4.53492516963146e-17,3.0530903199645354
GALAXY,0.2129138,3.35e-05,19.28343,0.01891915,0.08054116,17.92445,0.00945194,0.055718,57159.46636682013,5.501563438901068e-16,0.8765600073415221
GALAXY,0.6551751,0.000163743,23.20941,0.376085,0.1541855,21.284370000000006,0.09113103,0.10666480000000003,139458.6852448519,1.4794289919785255e-17,5.345368527427365
GALAXY,0.5190647,0.000191151,21.81172,0.1216164,0.17235770000000006,20.06152,0.03772508,0.1192362,118515.21501380528,5.3600658505080996e-17,2.808275119639066
GALAXY,0.3713771,5.86e-05,20.95463,0.06896459,0.1633866,19.2058,0.02282561,0.11303010000000002,91652.0448347648,1.18033728277754e-16,1.8924379660840553
GALAXY,0.5264413,0.000231619,23.03739,0.4031689000000001,0.2635105,21.61222,0.1739074,0.1822953,119738.1735774969,1.7334133029594676e-17,4.938256593573548
GALAXY,0.556926,0.000153256,21.91709,0.121154,0.1148882,20.31958,0.04680373,0.07947909,124680.99063089679,4.8643198641724216e-17,2.9479061441497434
GALAXY,0.28592740000000005,5.03e-05,20.09813,0.059406,0.3675126,18.25187,0.01707237,0.2542435,73841.74213729652,2.5978024688624167e-16,1.2756209766351654
GALAXY,0.3871019,7.54e-05,21.0888,0.1003361,0.1887512,19.32972,0.03131251,0.1305772,94739.68143679367,1.0431292541777416e-16,2.0130550536868417
GALAXY,0.6021619,0.000250117,22.47742,0.2112018,0.3226575,21.43337,0.1152674,0.223213,131696.606930816,2.9032880410799365e-17,3.8157477102137505
GALAXY,0.585462,0.000197244,23.46797,0.3212461,0.2597444,21.68676,0.1316513,0.17969000000000002,129149.92605411402,1.1659236860635465e-17,6.021291495801411
GALAXY,0.1560753,2.35e-05,18.34018,0.0106502,0.2685659,17.03875,0.006817955,0.1857926,43176.86871266658,1.311553845695139e-15,0.5677166772854346
GALAXY,0.413677,0.000138217,21.63774,0.09516149,0.1761088,20.01082,0.03945719,0.1218312,99829.68218250961,6.291614797590638e-17,2.5920516566323277
GALAXY,0.4291015,0.000130119,20.65642,0.07387034,0.15542,19.47726,0.04540476,0.1075188,102711.7009017096,1.553424409894918e-16,1.6496038148294545
GALAXY,0.258821,7.45e-05,21.60206,0.09600275,0.1294001,20.3214,0.05094719,0.08951841,67811.53845778169,6.501807770606548e-17,2.5498090150945645
GALAXY,0.6508689999999999,0.000289287,21.17315,0.1268628,0.14883429999999995,19.95142,0.06631178,0.1029629,138845.98432452895,9.651573563987244e-17,2.092790003965952
GALAXY,0.6855139,0.000287173,23.49135,0.5038055,0.2750768,21.61679,0.1643348,0.1902968,143689.4609389996,1.1410853383205988e-17,6.086472334030317
GALAXY,0.3257855,9.21e-05,20.78117,0.04614827,0.09712626,19.03328,0.01581086,0.0671915,82370.92835495876,1.384809790168877e-16,1.7471478265182872
GALAXY,0.03650908,1.1e-05,20.11264,0.02241992,0.1853624,20.00559,0.02846309,0.12823289999999998,10745.476596184088,2.5633158633227314e-16,1.2841733481244662
GALAXY,0.1213537,2.71e-05,18.16025,0.008381951,0.13109579999999998,17.14085,0.005800311999999999,0.09069143,34187.84497757541,1.5479542653254547e-15,0.5225714179251917
GALAXY,0.5270921,0.00017138,22.37974,0.1797633,0.07996917,20.66654,0.06165211,0.055322300000000005,119845.55949845449,3.176597027726303e-17,3.6479061131282196
GALAXY,0.2452694,9.87e-05,20.33776,0.04154722,0.08961061,18.88493,0.01743141,0.0619922,64725.26671467471,2.0833110875007546e-16,1.424451452092134
GALAXY,0.645077,0.000229887,22.91623,0.2678759,0.0961174,21.13477,0.08462018,0.06649357,138016.98901064505,1.9380551226513993e-17,4.670266379611728
GALAXY,0.5652223000000001,0.000226358,22.78136,0.2351661,0.08789025,21.04919,0.07459201,0.06080207,125995.74139559739,2.194391564918705e-17,4.389020934050863
GALAXY,0.1195312,1.6800000000000002e-05,17.69293,0.00639934,0.1850642,16.66676,0.004339498,0.12802660000000002,33706.458344821476,2.38059833329311e-15,0.42138750357715077
GALAXY,0.7617309,0.000322542,23.96999,0.3010178,0.7442087,22.60846,0.16075989999999998,0.5148401,153683.93766139622,7.342807201873054e-18,7.587411741113868
GALAXY,0.4044305,9.4e-05,21.70427,0.10919560000000003,0.4493680000000001,19.68686,0.03083119,0.3108707000000001,98076.71745696633,5.917661582151262e-17,2.672696545223576
GALAXY,0.4824989000000001,0.000118824,21.12232,0.06035838,0.07671066,19.71906,0.02780382,0.05306808,112293.44128258128,1.0114167116378657e-16,2.044370720127969
GALAXY,0.27449159999999995,2.49e-05,21.12682,0.06205664,0.07706419,20.28746,0.03622848,0.05331265,71320.74088491703,1.0072334153050558e-16,2.048611716765501
GALAXY,0.2099341,1.25e-05,19.532770000000006,0.02046916,0.07576935,18.98715,0.01877026,0.05241689,56448.55030838256,4.3727044572685503e-16,0.9832176187460625
GALAXY,0.1545976,1.76e-05,17.81276,0.006776214,0.2895449,16.96996,0.00471818,0.2003058,42801.31224787634,2.1318376365803266e-15,0.44529482938549697
GALAXY,1.016465,0.00013525,22.18413,0.08392000000000001,0.1023793,21.94901,0.0869956,0.07082555,181440.81951856051,3.8036988495222744e-17,3.3336626729819834
GALAXY,0.4004872,8.590000000000001e-05,21.17556,0.07505646,0.2088451,19.50957,0.02998053,0.1444781,97323.31352938329,9.630173802300311e-17,2.0951139679942843
GALAXY,0.7024425999999999,0.00016989099999999998,22.80301,0.2471966,0.3735706,20.78989,0.06939675,0.2584344,145986.11833313043,2.15106792864284e-17,4.432999193404475
GALAXY,0.6971088000000001,0.000228256,23.539620000000006,0.4599097,0.1004552,21.23765,0.09888522,0.06949442,145267.36330544908,1.0914657827406497e-17,6.223284455433715
GALAXY,0.1505295,7.11e-05,20.91425,0.03744201,0.4575062,19.75242,0.02120985,0.3165007,41764.210871564894,1.2250621592074374e-16,1.8575719835169275
GALAXY,0.5477718,0.00011969,22.24217,0.1363464,0.2738447,20.68372,0.05253152,0.1894445,123215.3141906827,3.605704444364614e-17,3.423967646160301
GALAXY,0.2798112,4.93e-05,19.42407,0.02203187,0.1194329,18.06557,0.01107745,0.08262315,72497.59525386748,4.833148344482614e-16,0.9352110988421415
GALAXY,0.4937784000000001,0.000132032,22.28739,0.1136934,0.16566470000000005,20.52812,0.03730374,0.11460610000000003,114241.37879535928,3.4586142396607646e-17,3.496017937627563
GALAXY,0.09093362,1.67e-05,17.65559,0.00618075,0.5529583,16.51001,0.004174049,0.3825339,26026.41273673559,2.4638945970371976e-15,0.41420339312172133
GALAXY,0.29070159999999995,4.55e-05,20.17042,0.03299464,0.15493020000000002,18.56473,0.01349139,0.10718,74884.34913570271,2.430469218653315e-16,1.3188021675839652
GALAXY,0.5356289000000001,0.000128136,22.21698,0.1662168,0.1334046,20.49942,0.0578685,0.09228867,121246.58495550822,3.690337829733692e-17,3.3844776638439003
GALAXY,0.3999448,0.000115248,21.86972,0.1088953,0.20482020000000006,20.27205,0.05001559,0.1416937,97219.40898878143,5.0812448785006877e-17,2.8842948351408983
GALAXY,0.5280130999999999,2.4e-05,21.78893,0.0518016,0.1125512,21.31473,0.05420997,0.07786238,119997.38937627918,5.4737647086650846e-17,2.778955883250893
GALAXY,0.5018815,0.000134944,22.26374,0.1523877,0.2942013,20.70821,0.07089426,0.2035271,115624.84877888196,3.5347778524053464e-17,3.458148607041307
GALAXY,0.3612450999999999,7.57e-05,21.2484,0.07211396,0.1982453,19.44823,0.02582325,0.13714520000000002,89632.13861315955,9.005298752638834e-17,2.1665846020223443
GALAXY,0.4995161,0.000153182,22.0417,0.1502817,0.3014619,20.38621,0.06541951,0.2085499,115222.36163381329,4.336887186650708e-17,3.1220197944408707
GALAXY,0.3781627,7.01e-05,20.94495,0.06080265,0.2768178,19.2011,0.02200162,0.1915013,92991.43364089275,1.1909077601508668e-16,1.8840206225247595
GALAXY,0.2726025,5.770000000000001e-05,20.42264,0.0419693,0.3090692,18.76002,0.0164423,0.2138126,70901.06777618073,1.9266468874734117e-16,1.481233932001183
GALAXY,0.5987434,0.00025705,23.05702,0.3711014,0.2234159,20.7074,0.08350003,0.1545581,131179.35033369175,1.702354978690702e-17,4.983100569940942
GALAXY,0.580009,0.000193573,22.08585,0.2123314,0.13342939999999998,20.28445,0.06466101,0.09230583,128307.49090423134,4.1640709933910964e-17,3.186145849702012
GALAXY,0.6160526,0.000109134,21.91559,0.15362079999999995,0.07937826,20.63059,0.06946088,0.05491351,133777.2296764064,4.87104481477822e-17,2.9458705058922954
GALAXY,0.5348294,0.000107653,22.48337,0.1815422,0.07620217,20.67097,0.05449573,0.05271631,121115.9714175537,2.887421096150366e-17,3.826217487374502
GALAXY,0.3647772,7.75e-05,21.23437,0.06900138,0.07283797,19.39081,0.02280675,0.05038897,90339.02545579214,9.122421296859103e-17,2.1526313074429066
GALAXY,0.8168308000000001,0.00010998,21.57656,0.08098701,0.1020029,20.86237,0.06362831,0.07056514,160382.44638935354,6.656318971271523e-17,2.5200412649007333
GALAXY,0.4842227,0.000142233,21.62168,0.1120153,0.1414336,20.25621,0.04908531,0.09784314,112592.81727941624,6.385370848340541e-17,2.572951810552721
GALAXY,0.5601913000000001,0.000151804,22.391070000000006,0.2877391,0.16512739999999998,20.47889,0.08053673,0.1142343,125199.98856624775,3.143620594072322e-17,3.6669893806752585
GALAXY,0.4462246,0.000135144,21.5921,0.1120098,0.1273417,20.32357,0.05096564,0.08809442,105850.29574005268,6.561726509809055e-17,2.538140460681373
GALAXY,0.3047585,7e-05,20.51071,0.03405311,0.13978800000000002,18.80422,0.01357802,0.09670466,77920.75791561972,1.7765364609248982e-16,1.5425443248045767
GALAXY,0.5935729000000001,0.000215485,21.87597,0.116495,0.15497460000000002,20.31534,0.04788851,0.1072107,130393.04541540012,5.052078908671202e-17,2.892608461535691
GALAXY,0.5405241,0.000130541,21.66723,0.09487168,0.2280354,19.99713,0.03670647,0.15775379999999994,122043.63250328483,6.123026305007405e-17,2.6274935118099423
GALAXY,0.3350631,6.63e-05,21.30848,0.08441649,0.1911494,19.77406,0.03550859,0.1322362,84299.96202546569,8.520520490666795e-17,2.227366339845758
GALAXY,0.6604116999999999,0.000144588,22.40693,0.14287729999999998,0.2559595,21.1661,0.08411777,0.17707160000000002,140199.64979966354,3.0980336112354336e-17,3.6938703846410283
GALAXY,0.4555924,7.2e-05,21.82069,0.09489796,0.7453941,20.24882,0.04267814,0.5156602,107540.73436568037,5.3159651504656193e-17,2.81989964122989
GALAXY,0.6968369000000001,0.000225627,22.24734,0.190828,0.1944639,20.79129,0.09593077,0.13452920000000002,145230.60421684402,3.5885758092189354e-17,3.432129390417261
GALAXY,0.3165804,6.69e-05,20.18884,0.03481298,0.2428648,18.62211,0.01699714,0.1680128,80436.18495476291,2.389583028937677e-16,1.3300367844068097
GALAXY,0.2046246,4.26e-05,19.11568,0.01713995,0.251794,17.67691,0.009390941,0.17418989999999998,55175.78824617762,6.420755392748166e-16,0.8113937391239952
GALAXY,0.6963854,0.0002142,23.28134,0.3392573,0.14726889999999998,21.47459,0.14643810000000002,0.10188,145169.53876782558,1.3845929794611616e-17,5.525399095732489
GALAXY,0.4648151,0.000146733,21.64696,0.1136519,0.16847420000000002,19.88207,0.04526933,0.1165496,109186.8365287942,6.238413033729826e-17,2.603080820361676
GALAXY,0.5897263,0.000196691,22.55875,0.1434846,0.4376515,21.02374,0.06632474,0.3027653,129804.97051509813,2.6937551959043343e-17,3.9613722255589288
GALAXY,0.488483,0.000229196,22.47461,0.1652757,0.3795139,20.92899,0.06759465,0.262546,113330.10596354227,2.910811789174512e-17,3.8108131246161228
GALAXY,0.5647539,0.00020308,22.72617,0.2985435,0.2686293,21.09096,0.1227432,0.1858365,125921.85321798094,2.3088202625724703e-17,4.278875519994888
GALAXY,0.1071045,1.67e-05,17.68447,0.007900101999999999,0.1246817,16.79168,0.005539705,0.08625423,30398.46817750438,2.3992202880398723e-15,0.4197489827186871
GALAXY,0.01382449,7.8e-06,14.96347,0.002240604,0.1006651,14.17536,0.00199903,0.06963962,4115.832891421211,2.940831389169863e-14,0.11989184740965508
GALAXY,0.1893938,1.49e-05,18.61034,0.01035322,0.1143682,17.76766,0.007647066,0.07911941,51481.92604309543,1.0226384677671504e-15,0.6429299426565298
GALAXY,0.4131572,0.000101938,21.85418,0.1454326,0.1137597,19.5736,0.02673946,0.07869842,99731.64358207928,5.154495029910226e-17,2.863727251226986
GALAXY,0.05470366,7.56e-06,17.82163,0.005934652,0.1309009,17.35683,0.005590021999999999,0.09055664,15951.81711226664,2.114492383823956e-15,0.4471174834920206
GALAXY,0.5758665,0.000208006,22.63292,0.256149,0.08370589,20.60261,0.06737354,0.05790735,127663.89885815501,2.5158811730442274e-17,4.099016365678379
GALAXY,0.3263935,4.760000000000001e-05,20.59347,0.04005757,0.08793991,18.92638,0.01519923,0.06083642,82497.98779407488,1.6461527248032595e-16,1.6024690571821496
GALAXY,0.2367664,4.05e-05,18.76305,0.01622774,0.1298015,17.461489999999998,0.008467651,0.08979605,62764.066603795014,8.884605018396141e-16,0.6897721449424759
GALAXY,0.5706748,0.000209519,22.86609,0.1917764,0.1202678,21.10415,0.06769256,0.08320072,126852.86367203343,2.0296545430805227e-17,4.5636638981651325
GALAXY,0.16903220000000002,2.65e-05,18.33839,0.01008096,0.2325187,17.11759,0.006237503,0.16085529999999998,46443.46648311963,1.3137179235724366e-15,0.5672488868047039
GALAXY,0.08419595,1.51e-05,18.150920000000006,0.008803031,0.09329985,17.13341,0.0058463130000000006,0.0645444,24182.165316380568,1.5613135371064388e-15,0.5203309418305607
GALAXY,0.5194899000000001,0.000147623,21.86601,0.1075164,0.1249768,20.12779,0.03406002,0.08645836,118585.99762281065,5.098637375060719e-17,2.8793711723780917
GALAXY,0.413971,8.859999999999999e-05,21.49872,0.09846871,0.304202,19.6251,0.032255599999999995,0.2104456,99885.10644202173,7.151055113873232e-17,2.4313061703950707
GALAXY,0.245822,4.58e-05,19.8435,0.02928911,0.1425693,18.29898,0.01556068,0.0986288,64852.06096519059,3.284415743468718e-16,1.1344768869072697
GALAXY,0.2127143,4.04e-05,19.24489,0.02262354,0.25199940000000004,17.93996,0.01151921,0.17433210000000002,57111.94365924531,5.700357916603447e-16,0.8611397810467306
GALAXY,0.4869791,0.000119982,22.29536,0.12752080000000002,0.1729994,20.66655,0.05210321,0.1196802,113070.26370403494,3.43331874936105e-17,3.5088730211236348
GALAXY,0.5989906,0.00014586700000000002,22.15185,0.1301122,0.1194821,20.54532,0.05301459,0.08265717,131216.82400446487,3.9184844277826055e-17,3.284472668571276
GALAXY,0.5360121,0.00010886,22.02763,0.1290823,0.1732714,20.1232,0.03767924,0.1198683,121309.14437270405,4.3934544204185595e-17,3.1018561424243476
GALAXY,0.5284471,0.000144577,23.74804,0.393054,0.1720483,21.30729,0.08512198,0.1190222,120068.87860493027,9.008285154915387e-18,6.850206322522492
GALAXY,0.4142706,0.000118231,21.38376,0.06938179,0.1207983,19.56064,0.02279091,0.08356767,99941.5666497233,7.949761968182627e-17,2.3059381384991204
GALAXY,0.5760164000000001,0.000131409,22.30806,0.1193352,0.1221694,20.63484,0.04755226,0.08451623,127687.24246569899,3.393392731007106e-17,3.5294550259910595
GALAXY,0.5013822,0.000124514,21.71224,0.08977853,0.09085318,20.01124,0.03615785,0.06285181,115539.98332970873,5.874381198513281e-17,2.682524222844655
GALAXY,0.4925993,0.000200293,21.26052,0.1399464,0.2612836,19.21043,0.03773333,0.1807548,114038.96264823173,8.905332208214388e-17,2.1787111313155676
GALAXY,0.5001207000000001,0.000121148,22.18745,0.14872220000000005,0.2440487,20.73271,0.06610883,0.1688318,115325.34483971774,3.7920855384767703e-17,3.3387634632015124
GALAXY,0.4818933,0.000209622,22.21049,0.1805429,0.2017355,20.25365,0.05000565,0.1395597,112188.12083433969,3.712462924961178e-17,3.374377388922679
GALAXY,0.7617399,0.000282814,21.85084,0.2219455,0.13430479999999995,20.38706,0.08945993,0.09291147,153685.06670370555,5.170375978625969e-17,2.8593258612891175
GALAXY,0.9326352,0.000111484,22.44345,0.1956926,0.07696077,21.93947,0.1808057,0.053241099999999986,173166.28359744357,2.995560706486822e-17,3.7565195405220466
GALAXY,0.5844901,0.000294475,22.69808,0.3445767,0.08593144,20.72322,0.1067953,0.05944698,129000.17181609542,2.3693331194181362e-17,4.223880786230136
GALAXY,0.5728297,0.000120145,22.51002,0.23511260000000006,0.1302801,20.873,0.08542264,0.09012719,127190.09792111983,2.817410476607673e-17,3.8734651442396784
GALAXY,0.2376964,3.83e-05,19.81511,0.02876429,0.13526629999999998,18.30984,0.01245678,0.09357658,62979.50296518071,3.371429830956217e-16,1.1197411851765078
GALAXY,0.2864268,5.03e-05,20.00385,0.0332001,0.15920720000000002,18.52144,0.014029399999999996,0.1101388,73951.07377575558,2.833466779551272e-16,1.2214217584850917
GALAXY,0.5986544,0.00016334799999999998,23.06023,0.4217470999999999,0.2607336,20.81464,0.07247271,0.1803743,131165.85593921834,1.697329366230609e-17,4.990472333692189
GALAXY,0.6315144,0.000168265,23.20177,0.4664254,0.1497557,20.98439,0.1011026,0.1036003,136053.72532299813,1.4898760031667192e-17,5.326594695772744
GALAXY,0.3017828,6.21e-05,21.07834,0.06884264,0.1566506,19.39034,0.01872967,0.1083701,77282.11931753632,1.0532273426020006e-16,2.0033814689322953
GALAXY,0.7876054,0.00032975,24.36865,1.110724,0.12951780000000002,22.21089,0.2823916,0.08959983,156882.15159737613,5.086254946270552e-18,9.116447856616151
GALAXY,0.3078712,3.86e-05,19.70082,0.03234587,0.2340312,17.99383,0.0123026,0.1619017,78586.434509026,3.745675283277679e-16,1.0623305044669247
GALAXY,0.352736,5.44e-05,20.56415,0.05606728,0.1507957,18.58876,0.01665068,0.1043198,87917.11188529652,1.6912122869653313e-16,1.5809773654955517
GALAXY,0.8446864,0.000336596,23.48505,0.4722798,0.1336947,22.604,0.3423578,0.09248938,163611.9212079478,1.1477257493760964e-17,6.068839503301209
GALAXY,0.09199749,1.12e-05,21.58453,0.08620097,0.2239804,21.24768,0.1022731,0.15494860000000002,26316.398575408,6.607636221389035e-17,2.529307619207769
GALAXY,0.06634596,1.07e-05,20.76196,0.04598464,0.2919936,20.365070000000006,0.04918413,0.2019998,19231.56626087057,1.409529355782191e-16,1.731759793210232
GALAXY,0.4023491,0.00010892,21.48849,0.09416661,0.3072325,19.68908,0.02975411,0.212542,97679.48278592649,7.218752054969926e-17,2.419879008719593
GALAXY,0.2072395,2.28e-05,18.33561,0.01172033,0.1265098,16.973979999999994,0.006135686,0.08751889,55803.576672319505,1.3170859750431327e-15,0.5665231382790905
GALAXY,0.4973482,0.000133951,21.56623,0.1226889,0.3930891,19.94368,0.0471299,0.27193720000000005,114852.49280206041,6.719951292315398e-17,2.508081543370485
GALAXY,0.368747,5.350000000000001e-05,20.64398,0.05065595,0.1297324,18.74989,0.01665588,0.08974826,91130.01840914038,1.5713253797466334e-16,1.6401805301621661
GALAXY,0.3352756,5.22e-05,20.07452,0.03232139,0.1196736,18.5314,0.01377489,0.08278967,84343.90104145344,2.654911967717018e-16,1.261826524297897
GALAXY,0.3105196,5e-05,21.02485,0.05673372,0.5586876999999999,19.16996,0.02122128,0.3864975,79150.91842888664,1.1064151788466875e-16,1.9546349155195297
GALAXY,0.5712873,0.00014787899999999998,22.90869,0.2096132,0.2294868,21.50181,0.1059843,0.1587579,126948.8046651447,1.9515609758171512e-17,4.654077943311957
GALAXY,0.4880152,0.000113045,22.17365,0.1136481,0.16830889999999998,20.47728,0.04892584,0.1164353,113249.32936569837,3.840591577853764e-17,3.3176124510922667
GALAXY,0.5592224,0.000114468,21.99592,0.1154142,0.1478336,20.14845,0.03951205,0.1022706,125046.19625133928,4.523661765126609e-17,3.056888881172452
GALAXY,0.6303383,0.000162886,22.12844,0.17824949999999998,0.1493787,20.81956,0.08578730000000001,0.1033395,135882.00726602226,4.00388988685184e-17,3.249253925403813
GALAXY,0.5633667,0.00015763799999999998,22.84715,0.1850561,0.2965615,21.59849,0.1123329,0.2051599,125702.7892077912,2.0653712398338503e-17,4.524031834402733
GALAXY,0.04997618,9.27e-06,15.88115,0.003248237,0.15536789999999998,15.03069,0.002862237,0.1074828,14608.54299025664,1.2629848039057738e-14,0.18294715166794154
GALAXY,0.2869156,3.89e-05,20.13096,0.03675666,0.2473926,18.44594,0.013812,0.1711451,74058.02343737349,2.520427010843704e-16,1.2950533280479446
GALAXY,0.5001287,0.000114573,21.80519,0.1137127,0.3858573,19.95163,0.04065822,0.2669343,115326.70700981254,5.3924003126401797e-17,2.7998428267781676
GALAXY,0.4813617,0.000108555,21.80176,0.08863706,0.2623091,20.43922,0.03917793,0.1814643,112095.60775033299,5.4094626335468463e-17,2.795423760636616
GALAXY,0.3368275,7.36e-05,20.85329,0.05392683,0.06659296,19.13226,0.01892155,0.0460687,84664.45915405748,1.295812381160363e-16,1.806149321400148
GALAXY,0.2792425,4.35e-05,19.86953,0.0270326,0.07091135,18.40085,0.01194847,0.04905614,72372.12787227985,3.206609871494789e-16,1.1481579896688512
GALAXY,0.5743519,0.000151108,21.83337,0.1932188,0.2814355,19.88398,0.05564398,0.1946958,127427.80262044063,5.2542426478334187e-17,2.836414208835377
GALAXY,0.6497797,0.00017947099999999998,23.35144,0.3880887,0.2719265,20.97576,0.07090386,0.1881175,138690.50294514684,1.2980222148292445e-17,5.706681733856105
GALAXY,0.5502984999999999,0.000190048,23.14078,0.26560209999999995,0.1830339,21.28328,0.08824958,0.126622,123621.44243688027,1.5759633925238887e-17,5.179068465489856
GALAXY,0.6012174,0.000199406,23.95304,0.5004714,0.35778730000000003,21.42717,0.1107692,0.2475156,131553.90095561987,7.458339102498273e-18,7.52841674976983
GALAXY,0.5121203,0.000107691,22.24049,0.09574398,0.098322,20.58598,0.04173304,0.0680187,117354.15199782138,3.611288003630893e-17,3.4213196544011133
GALAXY,0.5372584,0.000106759,22.17156,0.13776629999999998,0.1614526,20.40537,0.05331668,0.1116922,121512.41425508501,3.847991687563768e-17,3.314420849746581
GALAXY,0.5207129,0.000112265,21.56312,0.1330996,0.2348107,19.76014,0.04779197,0.162441,118789.39152231092,6.739227621878558e-17,2.5044920201857512
GALAXY,0.5714728,0.000126245,21.96609,0.1043621,0.2537953,20.22269,0.0365236,0.1755744,126977.84745552938,4.649669939036318e-17,3.01518283642651
GALAXY,0.4074131,8.43e-05,21.2055,0.07117431,0.1270418,19.36867,0.02345881,0.08788689,98644.25086386976,9.368242524586763e-17,2.124201211905926
GALAXY,0.5356529000000001,0.000234451,22.92916,0.2515029,0.09602632,20.71491,0.06718959,0.06643056,121250.50391080235,1.9151117691555106e-17,4.698158369758832
GALAXY,0.6275056,0.000125387,22.28111,0.1277244,0.2637432,20.77429,0.05096589,0.1824563,135467.4443248614,3.478677155639047e-17,3.485921896019497
GALAXY,0.4164646,0.000144063,22.16311,0.1167891,0.1106574,20.41564,0.04135038,0.07655231,100354.42326291319,3.878056438489946e-17,3.301548278043901
GALAXY,0.6008644000000001,5.5200000000000014e-05,21.4747,0.07363798,0.1010428,20.33981,0.04486634,0.06990094,131500.52504929813,7.311022579729092e-17,2.4045601880327836
GALAXY,0.2900589000000001,1.29e-05,22.00064,0.1027728,0.1475461,21.42809,0.08068357,0.1020717,74744.33050639593,4.5040388219675904e-17,3.0635406848174602
GALAXY,0.2007517,5.17e-05,20.50596,0.0438089,0.13662639999999998,19.11423,0.01830521,0.09451749,54242.545882844206,1.7843256771747197e-16,1.5391737650347035
GALAXY,0.4384893,0.000153922,22.25671,0.1646172,0.1927606,20.77926,0.07007758,0.1333509,104440.29393000687,3.557739333011973e-17,3.4469711798056
GALAXY,0.5664518,5.83e-05,22.10563,0.1960553,0.26527009999999995,21.60721,0.1914757,0.18351270000000006,126189.4964729822,4.0888965712574763e-17,3.2153011235755518
GALAXY,0.4875378,0.000111018,21.59815,0.15975699999999998,0.280492,19.52483,0.04126254,0.1940431,113166.84912868169,6.525264572355063e-17,2.545221905116053
GALAXY,0.5760898,0.000183446,22.96331,0.2723196,0.3633397,21.21332,0.09732755,0.2513567,127698.6713918005,1.8558126263799425e-17,4.772628741231579
GALAXY,0.16738,4.6e-05,19.53078,0.03177588,0.1968438,18.16207,0.01502432,0.1361756,46029.553832330734,4.3807263517016194e-16,0.9823169824852507
GALAXY,0.5423903,0.000151781,22.10196,0.1636559,0.12525999999999998,20.381870000000006,0.05696284,0.08665428,122346.28365654539,4.1027412242926386e-17,3.209871540873451
GALAXY,0.24799720000000006,6.22e-05,20.82526,0.05755251,0.4210347,19.15289,0.02068544,0.2912698,65350.37913444878,1.329701397527654e-16,1.7829848470527105
GALAXY,0.6208986999999999,0.000302427,23.75043,0.34328000000000003,0.3081819000000001,21.99359,0.13923529999999998,0.2131989,134495.17518045174,8.98847728414877e-18,6.857750054667219
GALAXY,0.3262078,7.46e-05,20.47284,0.04713716,0.0891145,18.74983,0.01678883,0.061649,82459.18990756824,1.839594596358191e-16,1.5158759134471047
GALAXY,0.2170962,3.55e-05,18.58769,0.01841302,0.1882995,17.239729999999998,0.009477604,0.13026469999999998,58153.26901711671,1.0441962403789058e-15,0.6362585805812521
GALAXY,0.4877952999999999,0.00014698899999999998,22.29963,0.1585046,0.2759203,20.57978,0.06057847,0.1908804,113211.34308765389,3.4198426575803066e-17,3.515779684375632
GALAXY,0.3798206,7.269999999999999e-05,20.787370000000006,0.05091595,0.1043471,19.11608,0.02124004,0.07218683,93317.06053101299,1.3769244926402465e-16,1.752143420959284
GALAXY,0.4837288,5.93e-05,21.4087,0.08082344,0.1780465,20.26315,0.05226541,0.12317169999999998,112507.10284632274,7.769232624845394e-17,2.332575191375226
GALAXY,0.3287397,3.52e-05,21.3197,0.09874167,0.1953379,19.22755,0.02800541,0.1351338,82987.44939959329,8.432922812592041e-17,2.2389049281137376
GALAXY,0.1817798,2.71e-05,18.09966,0.01013924,0.35634940000000004,16.94429,0.006632695,0.2465208,49611.35082946845,1.636794380001645e-15,0.5081917989783771
GALAXY,0.4962001,0.000169965,22.80193,0.170673,0.5142063,21.03485,0.06353231,0.3557256,114656.230237169,2.153208696516057e-17,4.4307949523010475
GALAXY,0.4500928,0.000115364,22.19868,0.104417,0.16976960000000002,20.27069,0.03457762,0.1174458,106550.58561220468,3.75306533790781e-17,3.3560749582904945
GALAXY,0.18547220000000006,4.22e-05,21.28164,0.05919152,0.1907059,20.412,0.04492231,0.13192939999999995,50520.49024731385,8.733777529722891e-17,2.2000049210984627
GALAXY,0.5355629,0.000109429,21.67763,0.08021743,0.2147441,20.5607,0.05581778,0.148559,121235.80725716778,6.064655349195774e-17,2.640107751849049
GALAXY,0.483838,7.63e-05,22.44832,0.145922,0.2467864,20.75429,0.05521,0.1707257,112526.05838467316,2.9821544004085376e-17,3.7649538083707488
GALAXY,0.6204371,0.000144535,21.97188,0.168607,0.17481970000000002,20.27841,0.06632474,0.1209395,134426.96491615294,4.6249402370048684e-17,3.023233228443504
GALAXY,0.000101027,1.85e-05,21.97105,0.07609855,0.2665287,21.859,0.124778,0.1843833,30.285602745284077,4.628477162472529e-17,3.0220778814683014
GALAXY,0.4968253,0.000185305,22.66803,0.1823846,0.22543890000000005,20.91718,0.06657911,0.1559576,114763.13834319318,2.4358252337672486e-17,4.16583104630161
GALAXY,0.2810773,4.74e-05,20.22347,0.03130738,0.221686,18.74545,0.01554648,0.1533614,72776.62708158873,2.314568963049333e-16,1.3514178541634552
GALAXY,0.1987661,3.07e-05,19.75855,0.01761072,0.2958398,18.33477,0.009446899,0.2046606,53762.48884977512,3.551715128872098e-16,1.0909520238019752
GALAXY,0.132647,2.29e-05,17.654329999999995,0.00682208,0.2701908,16.44294,0.004500722,0.1869167,37149.44010349764,2.4667556136179444e-15,0.41396312072092906
GALAXY,0.6634739000000001,0.000249314,23.77162,0.6168951,0.3065128,21.11918,0.1125342,0.2120442,140630.85158671823,8.814752550471562e-18,6.924997999519915
GALAXY,0.5693180999999999,0.000215109,22.68748,0.24890660000000006,0.1862356,20.6397,0.05842509,0.1288369,126640.10629732814,2.3925781111093883e-17,4.203312238297757
GALAXY,0.1735606,2.62e-05,18.46708,0.0111607,0.1875988,17.20599,0.006083706,0.12978,47574.00904696837,1.1668798091924531e-15,0.6018824114061765
GALAXY,0.5818346999999999,0.000174466,22.46129,0.1837292,0.14196199999999998,20.85245,0.07487916,0.09820868,128590.14468414123,2.946742081748017e-17,3.7875088149593834
GALAXY,0.4644122000000001,7.41e-05,21.41908,0.08523643,0.06878878,19.66943,0.02898969,0.04758776,109115.29898588733,7.695310096466499e-17,2.343751981698515
GALAXY,0.01877811,7.38e-06,17.45889,0.007206540999999999,0.1029869,16.94855,0.006788144,0.07124587,5576.68887830701,2.9532630056990215e-15,0.37833250179951966
GALAXY,0.3876729,8.1e-05,21.29046,0.09178257,0.1317669,19.17501,0.02225421,0.09115572,94850.72904306353,8.663115910601634e-17,2.2089589856364635
GALAXY,0.4800914000000001,0.000120273,21.63752,0.1083125,0.1624348,19.86515,0.03392329,0.11237160000000003,111874.30532276789,6.292889780862631e-17,2.5917890594766964
GALAXY,0.05041169,2.17e-05,18.10751,0.00728656,0.1048194,17.287779999999998,0.005391136,0.07251357,14732.567658764496,1.6250028432776499e-15,0.5100322668048418
GALAXY,0.08307038,1.85e-05,17.14931,0.005013151,0.05374152,16.22254,0.003734266,0.03717814,23872.77108255122,3.927662165049331e-15,0.32806330235259423
GALAXY,0.6657706,0.000207099,22.91297,0.26141,0.2740156,20.98408,0.07118466,0.18956270000000006,140953.25177343865,1.9438830156366982e-17,4.66326023693139
GALAXY,0.6223425,0.0003723480000000001,22.072470000000006,0.1767608,0.1337245,20.83161,0.09138214,0.09250996,134708.28660694935,4.215704148834825e-17,3.166574078185529
GALAXY,0.07722652,7.42e-06,16.984189999999998,0.00568167,0.112965,16.38844,0.004585309,0.07814866,22260.42467971984,4.572799137574178e-15,0.3040420501278213
GALAXY,0.489703,0.000145686,21.83579,0.08182577,0.04656856,20.31825,0.03159864,0.03221592,113540.55784855931,5.242544495805439e-17,2.839577016081382
GALAXY,0.4930228,0.00016245299999999998,22.36755,0.1911258,0.07555047,20.44521,0.05527567,0.05226547,114111.69731512228,3.212462932567064e-17,3.6274852256402412
GALAXY,0.4928671,0.000120727,22.17104,0.1401535,0.08918282,20.45832,0.04453697,0.06169626,114084.96060005292,3.8498350772488755e-17,3.313627244224057
GALAXY,0.6469362,0.000150235,24.14872,1.02511,0.143895,20.58602,0.07419892,0.09954592,138283.70295191256,6.228308633952786e-18,8.238338876235561
GALAXY,0.1961383,3.82e-05,18.82061,0.01183004,0.2002749,17.5067,0.006549470999999999,0.1385492,53125.50448293363,8.425857795607235e-16,0.7083006694607142
GALAXY,0.613378,0.00017737599999999998,23.04436,0.2654867,0.06237477,21.2418,0.07180907,0.04315058,133379.24180351043,1.722321112218786e-17,4.9541328937342435
GALAXY,0.09233844,2.07e-05,17.892689999999995,0.006618955,0.14727590000000002,16.91545,0.004749954,0.1018848,26409.263252615117,1.9805331920330985e-15,0.4619911458292813
GALAXY,0.4659249,0.000141877,22.16676,0.13382249999999998,0.06430747,20.68326,0.04942404,0.04448761,109383.71304200076,3.865041177712017e-17,3.3071024746946223
GALAXY,0.07960168,3.16e-05,17.49694,0.006413105,0.07964531,16.56455,0.004642401,0.05509825,22916.955886233773,2.8515574468029714e-15,0.38502032146313125
GALAXY,0.4577590999999999,0.00010102,21.14188,0.07495405,0.09288663,19.17045,0.02031938,0.06425854,107929.0665002514,9.933587582071566e-17,2.062869013181843
GALAXY,0.6528170999999999,0.00015077,24.16079,0.4466444000000001,0.307866,21.93521,0.1171453,0.2129803,139123.5543848153,6.159452709783503e-18,8.284258695052646
GALAXY,0.07656587,1.55e-05,17.4333,0.006175592,0.1403016,16.485960000000002,0.004328940999999999,0.09705999,22077.51489229808,3.0236959986246243e-15,0.3739001611020418
GALAXY,0.4807977,0.00012,21.86541,0.1268115,0.1163548,20.33785,0.05357652,0.08049369,111997.39271180647,5.101455764878353e-17,2.878575682627473
GALAXY,0.4917047000000001,0.000155825,22.33531,0.15471010000000002,0.1643601,20.63084,0.05505143,0.1137035,113885.19867256023,3.30928465266769e-17,3.574025545165076
GALAXY,0.5635916999999999,0.000121842,22.54275,0.1723772,0.1639909,20.7856,0.05151693,0.1134481,125738.34506982281,2.7337457772572178e-17,3.9322910269953693
GALAXY,0.5210459,0.000147624,21.59238,0.106082,0.08916446,20.40741,0.05333891,0.06168356,118844.72110522505,6.560034527422353e-17,2.538467761708567
GALAXY,0.08156869,3.24e-05,19.46855,0.01403153,0.1028432,18.57445,0.009516914,0.07114642,23459.40903434051,4.639146904270162e-16,0.9545653203782642
GALAXY,0.6327493000000001,0.00030084,23.51184,0.4537468,0.09323674,21.50469,0.1199889,0.06450075,136233.77459022,1.1197527177755251e-17,6.144176066574297
GALAXY,0.2637274000000001,6.34e-05,19.57523,0.02709487,0.116534,18.0233,0.01205415,0.08061767,68917.0966691586,4.205001210968454e-16,1.002632209714366
GALAXY,0.6805663000000001,0.000214848,22.76045,0.5139009,0.09309994,20.59836,0.11720239999999997,0.06440611,143009.6659215371,2.2370625382925017e-17,4.346960083821666
GALAXY,0.7299629,0.000184386,23.09055,0.3284657,0.1769192,21.23563,0.09993546,0.12239189999999997,149624.86246620846,1.6505858784906348e-17,5.060642428215416
GALAXY,0.3392903,6.57e-05,20.62254,0.04989545,0.1158256,18.98149,0.02001179,0.08012760000000001,85171.97753190972,1.6026626845988607e-16,1.6240659171051657
GALAXY,0.1769265,2.21e-05,18.78177,0.01461623,0.26799320000000004,17.41851,0.008001544000000001,0.1853965,48410.6115219384,8.732731858496395e-16,0.6957442924495836
GALAXY,0.5011449,0.00015228,22.34322,0.1503351,0.2015945,20.72251,0.0578822,0.1394621,115499.63219664228,3.285262869130199e-17,3.5870683519358817
GALAXY,0.4526693,0.000160793,22.01078,0.15411789999999995,0.08211053,20.16158,0.05174698,0.05680368,107015.25899373369,4.462170135264954e-17,3.077879777973815
GALAXY,0.6459471,0.000215138,22.31391,0.22782020000000006,0.09418035,20.7259,0.09380325,0.06515353,138141.88240113104,3.375158132866463e-17,3.538976284003139
GALAXY,0.5364255,0.000114942,22.2552,0.1480577,0.1185356,20.61792,0.0543721,0.08200237,121376.60244276565,3.5626907418499915e-17,3.4445750557860655
GALAXY,0.5763461999999999,0.00020075,22.333070000000006,0.1470995,0.09246931,21.17719,0.08148271,0.06396984,127738.58704486777,3.3161191393343484e-17,3.5703406310152834
GALAXY,0.5826493,0.000181668,22.44849,0.2214793,0.3604153,20.64846,0.08233339,0.2493336,128716.06515081148,2.9816875037916697e-17,3.7652485702102436
GALAXY,0.2340314,3.68e-05,19.11451,0.02266645,0.5913651,17.55084,0.01014754,0.4091037,62129.165156275965,6.427678191201675e-16,0.8109566739489906
GALAXY,0.5997189,0.000187405,22.09571,0.1692011,0.2298629,20.4491,0.06886683,0.1590181,131327.1656999797,4.1264266078602866e-17,3.200646070810375
GALAXY,0.3662344,6.890000000000001e-05,21.37204,0.08130118,0.27087009999999995,19.50648,0.0257943,0.1873867,90629.8048536331,8.03604065480669e-17,2.293525918189403
GALAXY,0.5601039000000001,0.000222634,22.2221,0.1910229,0.1860141,20.41304,0.06055029,0.1286837,125186.12286234884,3.672976292797576e-17,3.3924671601118535
GALAXY,0.4623788,0.000209648,22.48794,0.2300284,0.587659,20.81801,0.08218934,0.4065398,108753.73604675026,2.875293120233298e-17,3.8342784817264883
GALAXY,0.6126115,0.00014593,23.24383,0.2934015,0.1204159,21.69324,0.1122397,0.08330314,133264.95444484073,1.4332637775148804e-17,5.430773026397324
GALAXY,0.7055340999999999,0.000181954,21.68545,0.1667145,0.1533974,20.44711,0.08071554,0.1061196,146400.682232947,6.021131680375353e-17,2.6496325619195247
GALAXY,0.5040029,5.39e-05,22.62966,0.1795855,0.184383,21.064770000000006,0.06596407,0.1275553,115984.86398205221,2.5234466370338228e-17,4.092867188913552
GALAXY,0.5566342,0.000190419,21.76304,0.2635956,0.3308865,19.99117,0.07260505,0.2289058,124634.5138240423,5.605858420788958e-17,2.7460197235793866
GALAXY,0.4984734,0.000145004,22.19142,0.23647240000000005,0.1103606,20.31436,0.05933969,0.07634696,115044.58299642398,3.7782450775395694e-17,3.3448731493860593
GALAXY,0.1900499,1.4800000000000002e-05,18.36168,0.01321532,0.1131066,17.67116,0.008846479,0.07824665,51642.36297888378,1.2858376121667777e-15,0.5733656252014339
GALAXY,0.5264908,4.11e-05,22.03275,0.1105224,0.1063415,20.39686,0.04419391,0.07356657,119746.34426982491,4.372785006203273e-17,3.109178474120707
GALAXY,0.1947408,1.29e-05,18.49347,0.01257686,0.09908614,17.85428,0.01212893,0.06854733,52785.97455877825,1.1388594378814914e-15,0.6092417434724605
GALAXY,0.2403132,4.9700000000000015e-05,19.10204,0.01985536,0.1101243,17.67371,0.009512331,0.07618347,63584.45769576318,6.501927539434874e-16,0.8063129821617349
GALAXY,0.5781189,0.00021434,22.72763,0.192675,0.321066,21.40008,0.1142919,0.222112,128014.22742865607,2.3057176561029947e-17,4.28175341006438
GALAXY,0.5642964,0.00011666,21.91927,0.1580231,0.09275322,19.89556,0.04016699,0.06416626,125849.64517114172,4.854562817739e-17,2.9508671130674924
GALAXY,0.7991029000000001,0.000200958,23.17594,0.3051131,0.14888510000000002,21.99563,0.1518092,0.102998,158273.15441769292,1.5257455965111955e-17,5.2636093811257005
GALAXY,0.5185173,0.000142565,21.60563,0.1348895,0.2036809,20.24586,0.07593307,0.14090550000000002,118424.03764334935,6.480464340463551e-17,2.5540044655967695
GALAXY,0.280747,3.58e-05,19.6585,0.02196706,0.1897434,18.1739,0.01142511,0.1312636,72703.87278197336,3.894557544593398e-16,1.041827105204165
GALAXY,0.1021693,2.15e-05,16.44308,0.004642303,0.1348521,15.37329,0.003359821,0.09329005,29072.258585939937,7.527072951811255e-15,0.23697997661168518
GALAXY,0.3630873,5.9e-05,21.15617,0.06353322,0.2742094,19.21894,0.02135171,0.1896968,90001.18784604185,9.803702531239342e-17,2.076489083478735
GALAXY,0.582705,0.000239523,23.06739,0.3658531,0.31089720000000004,20.97272,0.1035307,0.2150773,128724.6708298959,1.6861729781118796e-17,5.006954585913452
GALAXY,0.3982565,0.000112882,22.09175,0.2169023,0.2612878,19.68276,0.04436755,0.1807577,96895.56567413661,4.1415043819460844e-17,3.194814539889575
GALAXY,0.4991023,0.000131851,21.41154,0.1484323,0.5077868,19.82476,0.06230701,0.35128459999999995,115151.83558007068,7.748936913894424e-17,2.3356278884297077
GALAXY,0.1044567,2.11e-05,18.38983,0.009932785,0.06138143,17.48392,0.007310286999999999,0.04246339,29687.822069507074,1.2529280299899959e-15,0.5808468684678498
GALAXY,0.5624647,0.000133731,22.82142,0.1939872,0.1971322,20.96859,0.06000042,0.1363751,125560.15520697963,2.114901402464244e-17,4.470742454885997
GALAXY,0.4499705,0.000128554,21.50996,0.1132849,0.08035035,19.78172,0.0356013,0.055586,106528.49359582052,7.077406249300202e-17,2.4439237523043014
GALAXY,0.2852302,8.28e-05,20.2203,0.0371589,0.0696496,18.535120000000006,0.01342478,0.04818327,73689.00090086722,2.3213366337957046e-16,1.3494464410665539
GALAXY,0.5137046,0.000175252,21.97798,0.1167225,0.1232521,20.30238,0.04138736,0.08526523,117619.87525216036,4.599028757487593e-17,3.0317378954622662
GALAXY,0.5755184,0.000192428,21.37608,0.07740124,0.06189239,20.56991,0.06394225,0.04281687,127609.67412380301,8.006194291518622e-17,2.2977969692590734
GALAXY,0.2887314,5.83e-05,20.13914,0.03461872,0.2990446,18.46163,0.01211643,0.2068777,74454.79018105402,2.501509319469726e-16,1.299941032047935
GALAXY,0.6861219,0.000187135,21.88229,0.06867392,0.16128679999999998,21.07652,0.05308116,0.1115775,143772.7301202734,5.0227565098329145e-17,2.901039567898915
GALAXY,0.3549255,0.000103874,21.66319,0.11291210000000003,0.3232584,19.66511,0.02751705,0.2236287,88360.04750537669,6.145852389519849e-17,2.622609634285393
GALAXY,0.6291097,0.000183451,22.81945,0.23408920000000005,0.3369848,21.0261,0.07149572,0.2331245,135702.37148034226,2.1187422413593832e-17,4.4666883537589746
GALAXY,0.5317433000000001,0.000139209,21.95352,0.1231425,0.14736229999999995,20.28699,0.04191335,0.1019446,120610.64279612692,4.703813835728388e-17,2.9977792713834153
GALAXY,0.07037407,6.02e-06,18.06466,0.006690021,0.1500391,17.545270000000002,0.006169577,0.1037963,20356.966345605193,1.6904180648328515e-15,0.5000663740514529
GALAXY,0.4709882000000001,0.000115998,21.84545,0.08095931,0.1145744,20.36108,0.03407078,0.079262,110278.66920388212,5.1961074734439765e-17,2.8522372818072794
GALAXY,0.4431227,0.000107912,21.20591,0.06839072,0.10338,19.4828,0.02267575,0.07151783,105286.42162487225,9.364705519661846e-17,2.124602324403846
GALAXY,0.4985269000000001,0.000110518,21.66998,0.07428044,0.04461665,20.09214,0.02994255,0.03086559,115053.70998102296,6.107537260947721e-17,2.6308231347842246
GALAXY,0.5295261,5.19e-05,21.408520000000006,0.06895977,0.03688356,20.09769,0.0364621,0.02551587,120246.45499456323,7.770520762604387e-17,2.332381845085769
GALAXY,0.2163672,4.51e-05,18.44576,0.01193053,0.1061562,17.200110000000002,0.006796617,0.07343838,57980.38812601103,1.1900196295498176e-15,0.5960019110398154
GALAXY,0.5956161999999999,0.000158745,23.26381,0.2710351,0.4409962000000001,21.25093,0.07631521,0.3050791,130704.3508267997,1.4071296854282603e-17,5.4809728686607295
GALAXY,0.4585995,8.87e-05,21.79848,0.08399402,0.2082131,20.01637,0.0287974,0.1440409,108079.42224664846,5.425829284260713e-17,2.7912044721392797
GALAXY,0.2972565,4.89e-05,19.95545,0.03450399,0.1324305,18.38974,0.01385357,0.09161481,76306.4423996026,2.9626348362887403e-16,1.1944986198103111
GALAXY,0.4900127,0.000140877,22.01945,0.1200895,0.1342247,20.25766,0.04489672,0.092856,113593.933388775,4.426679967149177e-17,3.090193340573377
GALAXY,0.02210053,6.61e-06,17.36792,0.006779969,0.10131110000000003,17.0801,0.007985202,0.07008653,6552.375372452888,3.2113683676314722e-15,0.3628103370213986
GALAXY,0.5538059000000001,0.00016345,22.48135,0.205915,0.07141213,20.59413,0.06009837,0.04940258,124183.20497191894,2.8927981110179645e-17,3.82265982507373
GALAXY,0.14110079999999994,2.8000000000000006e-05,18.32168,0.009033457,0.06187919999999999,17.122429999999998,0.005482031,0.04280774,39342.415979376405,1.3340930607506077e-15,0.562900523139876
GALAXY,0.1410308,3.2500000000000004e-05,18.141,0.01342823,0.1349694,17.29888,0.009936698,0.09337123,39324.34144877218,1.5756440913708872e-15,0.5179593202888098
GALAXY,0.5353237,0.000205387,22.04444,0.15855770000000002,0.3150513,20.53943,0.06250942,0.2179511,121196.73924349139,4.32595627250383e-17,3.1259616973960345
GALAXY,0.1323082,1.46e-05,19.16345,0.01762936,0.2439837,18.29641,0.01237635,0.1687868,37061.12600360138,6.144380825521777e-16,0.829441292515065
GALAXY,0.2424223,3.27e-05,19.50592,0.01989678,0.1923822,18.05501,0.009812802,0.13308910000000002,64070.720626849325,4.482188584777471e-16,0.9711351023454324
GALAXY,0.14102060000000002,1.7100000000000002e-05,18.32346,0.009432046,0.2234304,17.20341,0.005977311,0.1545681,39321.707614611885,1.3319076863262742e-15,0.5633621332914504
GALAXY,0.14231470000000002,1.57e-05,21.06261,0.03706814,0.253868,20.36256,0.02783424,0.1756247,39655.631610166274,1.0685974296133071e-16,1.9889215449832347
GALAXY,0.5989505,0.000209147,22.31436,0.2051069,0.2462535,20.63513,0.07016022,0.17035699999999998,131210.745882695,3.3737595367366936e-17,3.539709751462961
GALAXY,0.4452491,0.000109588,21.81851,0.1079281,0.1031317,20.17286,0.03878903,0.07134601,105673.18834167978,5.326649556200822e-17,2.8170700881294093
GALAXY,0.5141905999999999,0.000104797,22.49248,0.1903013,0.16844489999999998,20.68843,0.06992884,0.1165294,117701.28910531622,2.863295199883126e-17,3.842303375061938
GALAXY,0.2745165,4.650000000000001e-05,20.27143,0.03062877,0.2355258,18.64424,0.01345945,0.16293570000000002,71326.26641887189,2.2145532379501838e-16,1.3815978613065052
GALAXY,0.7508176999999999,0.000300864,24.34546,1.104326,0.1928795,21.64015,0.1952933,0.1334332,152306.25018870988,5.196059615745966e-18,9.019607774491682
GALAXY,0.4688624,0.000120379,22.00016,0.162164,0.1385605,20.35047,0.05971149,0.09585553,109903.57762608414,4.5060304812565595e-17,3.062863569598936
GALAXY,0.7093636,0.000232081,21.03441,0.1456244,0.25040830000000003,19.95821,0.09706052,0.17323129999999998,146912.15519752173,1.0967158630311674e-16,1.9632592497635872
GALAXY,0.5313717,0.0002393,22.696,0.1911199,0.12603720000000002,21.01831,0.07181477,0.08719198,120549.67171063877,2.3738765218547522e-17,4.219836771878168
GALAXY,0.5128644,0.000160662,22.15576,0.1910397,0.4711794,20.1781,0.06583066,0.3259597,117479.01636168179,3.904398391675112e-17,3.290392088532997
GALAXY,0.5402588,0.00021635,22.93753,0.3483854,0.7785131,20.9926,0.1155232,0.5385718,122000.55342838661,1.9004048285457148e-17,4.7163024961913385
GALAXY,0.4299178,6.670000000000001e-05,20.95127,0.06660108,0.2305696,19.24782,0.02692049,0.15950699999999998,102862.76859676222,1.1839957001941588e-16,1.8895119907725657
GALAXY,0.4308074000000001,0.000118374,22.29533,0.1247812,0.08264853,20.63376,0.05747738,0.05717587,103027.2359688606,3.4334136167745605e-17,3.508824544586222
GALAXY,0.7537079000000001,0.00019777,22.50824,0.23065,0.1457662,21.4249,0.1620624,0.1008404,152672.79625384038,2.8220332420302604e-17,3.8702912872715096
GALAXY,0.5795736,0.000105166,22.325,0.1050085,0.1725114,20.74851,0.0506867,0.11934260000000002,128239.99297383372,3.340858834247331e-17,3.5570965410775064
GALAXY,0.5076822,0.000159944,22.81318,0.2155442,0.2236447,20.9225,0.0812842,0.15471629999999995,116607.13301904719,2.131013128154137e-17,4.453809653711528
GALAXY,0.5235952,0.00010729,21.731,0.1099637,0.1126758,20.07145,0.0467249,0.07794861,119267.58106723434,5.773751993501369e-17,2.705799749754487
GALAXY,0.459468,0.000125842,21.24634,0.09450146,0.2383614,19.62276,0.03956452,0.1648973,108234.64878180658,9.02240099634194e-17,2.1645302135318927
GALAXY,0.330284,9.92e-05,21.77461,0.09453563,0.2654191,19.78957,0.02651041,0.1836157,83308.887560169,5.546437521656364e-17,2.76069006459765
GALAXY,0.7545474,7.4e-05,22.10166,0.1709322,0.07568233,21.32904,0.1218913,0.05235669,152779.03645758587,4.103875010217747e-17,3.209428111363559
GALAXY,0.3509538,6.27e-05,21.75845,0.09920841,0.09545614,19.40271,0.01981745,0.06603611,87555.7323416042,5.629607611455776e-17,2.740221391251845
GALAXY,0.5576413,0.000153875,21.81594,0.1860896,0.07664652,19.97827,0.05583335,0.05302371,124794.85345131638,5.339272976138916e-17,2.813737976937349
GALAXY,0.5723832,0.000258281,22.63169,0.3073716,0.09635367,21.30737,0.14552579999999998,0.06665703,127120.29238313761,2.518732959091867e-17,4.0966951929792605
GALAXY,0.02778255,1.03e-05,21.29424,0.06254344,0.1589046,21.36686,0.08835612,0.1099295,8213.34196856433,8.633007639046696e-17,2.2128075893210974
GALAXY,0.5562451,0.000203799,23.07784,0.308599,0.2024564,21.25176,0.08563732,0.14005839999999994,124572.51460933963,1.6700217417788263e-17,5.031108140105934
GALAXY,0.2721877,2.6e-05,22.8239,0.3027264,0.1463787,21.70358,0.1452685,0.1012641,70808.79491480513,2.1100761328977782e-17,4.475851327112609
GALAXY,0.31992800000000005,6.56e-05,22.20493,0.1469125,0.2218178,21.624270000000006,0.1312237,0.15345250000000002,81142.19694831617,3.7315230204184866e-17,3.3657484330740886
GALAXY,0.4982572,0.000174118,21.72002,0.12491860000000002,0.1230327,19.88631,0.041144400000000005,0.08511348,115007.69387556774,5.832437924142608e-17,2.692152468579176
GALAXY,0.3179349,5.11e-05,20.68186,0.04202036,0.2215728,19.04694,0.01613303,0.153283,80722.18266008873,1.5174490748782717e-16,1.6690434865781878
GALAXY,0.6748241,0.000189525,23.93127,0.35832309999999995,0.251289,21.88121,0.1163261,0.17384059999999998,142215.77465659118,7.609394938709438e-18,7.453318021190378
GALAXY,0.5274623,9.11e-05,21.82996,0.08712382,0.10412169999999997,20.58603,0.047074,0.07203089,119906.60799153577,5.270770726175878e-17,2.8319635043399054
GALAXY,0.3237642,7.879999999999999e-05,21.20939,0.06588298,0.137569,19.46659,0.02149853,0.09516957,81947.86883525367,9.334737831899382e-17,2.1280099402337105
GALAXY,0.4819866,0.000217673,23.16849,0.4345099,0.1313262,20.61097,0.08001169999999999,0.09085083,112204.35162665036,1.5362508111449542e-17,5.245581660368457
GALAXY,0.6685665,0.00014634200000000002,22.79218,0.2823573,0.2035162,20.74744,0.07190387,0.1407915,141344.5650801733,2.1726317667326074e-17,4.410945098283867
GALAXY,0.2550565,4.48e-05,20.07286,0.03127073,0.5325789000000001,18.42594,0.01369877,0.3684356,66959.03075783608,2.658974211059272e-16,1.2608622792097404
GALAXY,0.4302639,9.08e-05,21.42175,0.08609798,0.1878411,19.6734,0.0335841,0.12994760000000002,102926.77534106461,7.676409340448092e-17,2.3466355857388828
GALAXY,0.5152412999999999,0.000141609,22.76498,0.16691270000000002,0.251996,20.8903,0.06067494,0.1743297,117877.14113241252,2.227748321925903e-17,4.356037925776459
GALAXY,0.4008099,8.89e-05,21.5246,0.08371744,0.3022695,19.63093,0.02901726,0.20910860000000006,97385.09988541328,6.982615452910731e-17,2.4604562791231697
GALAXY,0.3018444000000001,4.58e-05,20.68124,0.04427736,0.16047679999999998,18.62475,0.01355487,0.1110171,77295.36222531964,1.518315848129864e-16,1.66856700838676
GALAXY,0.3563902,0.00010942,22.05402,0.1000883,0.278335,20.49767,0.04446952,0.1925509,88655.72170985128,4.287954073914877e-17,3.1397831343771765
GALAXY,0.5706121999999999,0.000141278,22.37168,0.1598301,0.1866421,20.747,0.05742025,0.1291181,126843.05421980092,3.200266351164019e-17,3.634391032910814
GALAXY,0.7347236,0.000238069,23.5089,0.5700042,0.09619173,21.19677,0.1084204,0.06654499,150242.65992568212,1.122788937996643e-17,6.1358629724034435
GALAXY,0.6852743,0.000294256,22.27258,0.2486577,0.14336020000000002,20.83138,0.1223096,0.09917589,143656.63014458213,3.5061147450811626e-17,3.472255322341181
GALAXY,0.616711,0.000229754,22.26778,0.1645142,0.1283213,20.84548,0.08209465,0.08877209,133875.01035711024,3.521649463879565e-17,3.4645884424013578
GALAXY,0.5523288000000001,0.000200349,22.5481,0.1914408,0.24295770000000005,20.72775,0.06800741,0.168077,123946.90794194117,2.7203082912003346e-17,3.9419912167167115
GALAXY,0.6529621,0.000139694,22.51407,0.2587449,0.1876616,20.4634,0.072712,0.1298234,139144.18912602402,2.806920583077535e-17,3.8806962618107166
GALAXY,0.5175867999999999,0.000145908,22.77144,0.2169033,0.2347203,20.79795,0.06160029,0.16237839999999998,118268.91436704529,2.2145328412549996e-17,4.3690161721626835
GALAXY,0.4748042,0.000129894,21.89888,0.133962,0.4786364000000001,20.19684,0.04837691,0.33111840000000003,110949.63611058817,4.946592392017811e-17,2.9232883262404914
GALAXY,0.6368185000000001,0.000197497,22.11204,0.13909100000000002,0.15787939999999998,20.9115,0.08201610000000001,0.1092203,136825.2307610341,4.064827548060883e-17,3.2248064387979953
GALAXY,0.1368105,1.73e-05,18.03454,0.008124816,0.2568319,16.94591,0.005620664,0.1776751,38232.039568185915,1.7379693981574018e-15,0.49317795140708065
GALAXY,0.5172779000000001,0.000201131,21.91852,0.14095729999999998,0.1879679,20.25595,0.05164479,0.1300354,118217.38014266756,4.8579173894267535e-17,2.9498480956618027
GALAXY,0.3595203,4.84e-05,21.16495,0.06058216,0.1321258,19.29391,0.02384486,0.09140398,89285.88403540984,9.724742828533345e-17,2.0849020303903187
GALAXY,0.1392889,2.52e-05,18.58332,0.01209643,0.3478855,17.360689999999998,0.007221824,0.2406656,38874.11870010058,1.0484075147310269e-15,0.6349794235956553
GALAXY,0.5581871999999999,0.000177191,21.902420000000006,0.1899961,0.1420534,20.28489,0.07813518,0.09827188,124881.68641030513,4.9304904870320585e-17,2.9280578459385844
GALAXY,0.4670616,0.00011999,21.97292,0.1488101,0.6457350000000001,20.23879,0.05424477,0.4467165,109585.0944818615,4.620512241603971e-17,3.024681515602479
GALAXY,0.212515,6.34e-05,22.257620000000006,0.1362455,0.3420998,21.55938,0.1342275,0.236663,57064.45781200405,3.554758695174497e-17,3.4484160064173066
GALAXY,0.567493,0.000176527,22.83445,0.2436345,0.2326447,21.11814,0.09750215,0.16094260000000002,126353.35873381511,2.089672007993049e-17,4.4976499582914435
GALAXY,0.4580642,0.000134941,22.12321,0.1644493,0.2962528,20.237,0.04604319,0.2049464,107983.66910130896,4.0232231834650616e-17,3.241437501027079
GALAXY,0.13398329999999994,2.4100000000000006e-05,19.29113,0.01415274,0.08408969999999999,18.21873,0.009174572,0.05817286,37497.44860012238,5.462684586204828e-16,0.8796737899551329
GALAXY,0.3347471,6.04e-05,21.14333,0.07170244,0.5168585,19.29199,0.02176891,0.3575603,84234.60191478806,9.920330136898717e-17,2.064246953307349
GALAXY,0.3452086,6.78e-05,20.97772,0.07953312,0.0808761,19.27714,0.02673749,0.05594971,86385.61509954909,1.1555004666444601e-16,1.9126682657352652
GALAXY,0.3878784,6.82e-05,21.3013,0.07079577,0.1933266,19.49849,0.02231347,0.1337425,94890.67625897889,8.577053621924165e-17,2.220013688398303
GALAXY,0.1200036,2.46e-05,18.4565,0.01176514,0.13747179999999998,17.490029999999994,0.007884937,0.09510238,33831.32808250466,1.1783060978487685e-15,0.5989570102148718
GALAXY,0.20025,3.1e-05,19.79326,0.02395828,0.237293,18.3328,0.01035401,0.1641582,54121.35226962392,3.4399658027596617e-16,1.108530514108772
GALAXY,0.5956709,0.000225901,23.09547,0.2291718,0.06700067,21.59561,0.09548027,0.04635075,130712.67435107364,1.643123190584102e-17,5.072121546533974
GALAXY,0.3972256,8.28e-05,20.79086,0.05047294,0.1272951,18.96769,0.01779361,0.08806215,96697.50553401849,1.3725056003161837e-16,1.7549617377648647
GALAXY,0.494373,0.000100082,21.43304,0.09847173,0.1235459,19.69502,0.03694415,0.08546849,114343.34706381809,7.59699997899212e-17,2.3588680728751985
GALAXY,0.6587845,0.000215118,23.99899,0.4956359,0.1009301,21.84716,0.133133,0.06982297,139969.88971447482,7.149277016376689e-18,7.689421227753202
GALAXY,0.5249836999999999,9.82e-05,21.44763,0.06964668,0.13902550000000002,20.41365,0.05018781,0.09617722,119497.36179318011,7.495595213564018e-17,2.374770537766921
GALAXY,0.5022827999999999,0.000132189,22.31159,0.16740020000000005,0.1654001,20.30615,0.04564946,0.1144231,115693.02106413829,3.382377878100898e-17,3.535197262682111
GALAXY,0.3026335,4.36e-05,20.576220000000006,0.05225041,0.4961067,18.913970000000006,0.02282679,0.3432043,77464.92074848726,1.672515399603198e-16,1.5897896024365443
GALAXY,0.3700535,7.97e-05,21.23288,0.05993069,0.1835337,19.48768,0.02391885,0.12696780000000002,91389.53623727015,9.134948961173843e-17,2.151154742294205
GALAXY,0.3353297,5.42e-05,20.94937,0.05093748,0.2224575,19.25143,0.02012045,0.1538951,84355.08565302311,1.186069464817922e-16,1.8878594242469235
GALAXY,0.4701203,0.000155346,22.67716,0.2097753,0.4015472,20.89508,0.06971237,0.27778850000000005,110125.64427064717,2.4154281601976776e-17,4.183383241258027
GALAXY,0.481239,0.000186983,22.2617,0.1716044,0.2463791,20.64501,0.06780108,0.17044389999999998,112074.24631758445,3.541425623189893e-17,3.4549013585773505
GALAXY,0.5417805,0.000142528,22.30028,0.1341743,0.2979281,20.66667,0.05751311,0.2061053,122247.46243487301,3.41779590583984e-17,3.516832241547844
GALAXY,0.02848108,1.16e-05,17.58398,0.009977698,0.08931305,17.19768,0.009532085,0.06178635,8416.869299396401,2.6318802507261615e-15,0.4007667219332032
GALAXY,0.03011455,6.88e-06,17.46069,0.006277978000000001,0.1647273,17.07323,0.006157187,0.1139576,8892.235968460189,2.9483709616363997e-15,0.378646243216873
GALAXY,0.1347169,1.86e-05,18.34909,0.007834704,0.09368362,17.43908,0.005786785,0.0648099,37688.279942258596,1.3008347356895982e-15,0.5700509217916493
GALAXY,0.1562591,2.84e-05,17.524929999999998,0.00686904,0.08751752,16.52348,0.004638148,0.06054422,43223.53814630025,2.778984504671897e-15,0.3900153070760851
GALAXY,0.5890066999999999,0.00013895799999999998,21.97692,0.1712134,0.06022104,20.07765,0.0475758,0.04166064,129694.66171803304,4.6035209637375986e-17,3.0302583197070416
GALAXY,0.4806714,0.000106614,21.6802,0.07154437,0.04794544,19.97969,0.02616349,0.03316844,111975.38985408483,6.050316938030978e-17,2.643234245026564
GALAXY,0.1392385,2.22e-05,18.46284,0.008157985,0.1074994,17.355829999999994,0.005360737,0.07436758,38861.07907791052,1.1714455992472973e-15,0.6007083271559884
GALAXY,0.5762421,0.000117839,21.2037,0.06317635,0.09377032,19.97897,0.0347338,0.06486987,127722.38249066958,9.383786652451248e-17,2.12244112604503
GALAXY,0.5227170999999999,0.000132299,22.22147,0.1072532,0.2778107,20.46993,0.03656882,0.1921881,119122.07143805185,3.675108161043168e-17,3.391483060891777
GALAXY,0.4850764,0.000126063,21.09702,0.07748304,0.2667602000000001,19.47047,0.02767575,0.1845435,112740.85588056891,1.0352616471428993e-16,2.020689814108761
GALAXY,0.5739880999999999,0.000177041,22.607570000000006,0.1955721,0.1705112,20.65611,0.05192597,0.1179588,127371.03076681322,2.5753136230180636e-17,4.051442245374802
GALAXY,0.1420207,1.22e-05,18.63803,0.01013704,0.08280359,17.83831,0.007328342,0.05728314,39579.81109343826,9.968874421585966e-16,0.6511808979666847
GALAXY,0.5081532999999999,0.00016539599999999995,22.56603,0.1649308,0.08274781,20.64261,0.04693371,0.05724455,116686.61394895021,2.6757536418826312e-17,3.9746752662453573
GALAXY,0.4005078,0.000104485,21.26329,0.08713675,0.08511365,19.47587,0.02650962,0.05888123,97327.25844837056,8.88264130977022e-17,2.181492138655816
GALAXY,0.06145659,1.16e-05,17.18368,0.00475038,0.24122270000000004,16.2796,0.003613451,0.16687670000000002,17859.082691886877,3.805275677518409e-15,0.3332971900781906
GALAXY,0.5339417,0.000102851,21.66184,0.09856862,0.1661476,20.6334,0.06442811,0.1149401,120970.80454279206,6.1534988703081e-17,2.6209796699115304
GALAXY,0.3550224,9.19e-05,21.24001,0.0821692,0.2286553,19.30334,0.02427248,0.1581827,88379.62409012548,9.075156543331726e-17,2.1582296383172412
GALAXY,0.5731371999999999,0.000236565,22.5369,0.2102182,0.2354442,20.85441,0.06335071,0.1628792,127238.15098726045,2.7485150869323857e-17,3.9217115954191124
GALAXY,0.2519211,3.41e-05,19.75582,0.02239613,0.4155243,18.14111,0.009987197,0.2874578,66246.15962590156,3.560656879763595e-16,1.0895813282221336
GALAXY,0.2052431,4.58e-05,19.34594,0.01752232,0.1946807,18.03533,0.009420542,0.13467920000000005,55324.44693387568,5.193762964526498e-16,0.9021601762650294
GALAXY,0.5351083000000001,0.000157141,23.57993,0.3398335,0.2413701,21.18456,0.05960382,0.1669787,121161.54901100011,1.0516860788367826e-17,6.339888971411735
GALAXY,0.06067003,1.27e-05,15.99545,0.00333359,0.1862025,15.055,0.002569804,0.128814,17637.627211407907,1.1367844524318289e-14,0.19283490680081963
GALAXY,0.2088229,1.12e-05,19.86998,0.02278082,0.0913948,18.98909,0.01519399,0.0632265,56182.81532872488,3.205281118298818e-16,1.1483959501570196
GALAXY,0.2011073,2.28e-05,19.33151,0.01589272,0.2843947,18.25524,0.009878597,0.1967429,54328.40496596581,5.263251527843464e-16,0.8961849622259734
GALAXY,0.09198096,1.47e-05,17.513460000000002,0.006065921,0.1567404,16.544829999999994,0.0043184,0.1084322,26311.895426774645,2.80849804050011e-15,0.38796062676456666
GALAXY,0.4887958,0.000268812,23.0207,0.331273,0.1065616,20.98489,0.08445725,0.07371884,113384.09332535043,1.760265289318926e-17,4.900446500857535
GALAXY,0.6240345,0.000162774,22.12715,0.15540220000000002,0.09879655,20.75408,0.07603376,0.06834699,134957.57563803706,4.008649871379776e-17,3.2473242242642004
GALAXY,0.5038676999999999,0.000119485,21.85893,0.1497612,0.1722431,20.03864,0.04461981,0.119157,115961.94653758714,5.1319938256960665e-17,2.869998384535106
GALAXY,0.3537324,6.45e-05,20.35577,0.05921294,0.1731414,18.69488,0.0212162,0.1197784,88118.82455189347,2.0490385313091015e-16,1.4363148553815555
GALAXY,0.4725706,0.000113343,21.46929,0.08220822,0.1985594,19.65039,0.02772756,0.1373625,110557.26913419401,7.347542811042043e-17,2.398576930254519
GALAXY,0.6191930999999999,0.000102289,21.55235,0.09393021,0.1566787,20.3507,0.04376006,0.1083896,134242.95641476184,6.806410296416369e-17,2.4921010735934033
GALAXY,0.4778962000000001,0.000182989,22.4348,0.1852573,0.4167997000000001,20.86875,0.06770438,0.2883401,111491.0908061632,3.019521492535958e-17,3.7415853141087707
GALAXY,0.3090118,4.01e-05,20.17685,0.03221367,0.3131026,18.38231,0.01129089,0.2166029,78829.75735787283,2.41611791304278e-16,1.3227130924100576
GALAXY,0.15347,1.86e-05,18.001820000000006,0.008248004,0.16809449999999998,16.89697,0.005238771,0.116287,42514.31750469533,1.791142443540164e-15,0.4858023958248091
GALAXY,0.5051595999999999,0.00013785,21.85562,0.1387405,0.1686478,20.18301,0.0456661,0.1166698,116180.78427333556,5.147663211266057e-17,2.865626946039028
GALAXY,0.5330236999999999,0.000167624,22.93376,0.26774640000000005,0.2515319,21.18133,0.07524455,0.1740086,120820.52291201045,1.907015070764562e-17,4.708121395434279
GALAXY,0.3744379000000001,9.24e-05,21.14331,0.0775457,0.2015744,19.39841,0.02433491,0.1394483,92257.52948726289,9.920512877816007e-17,2.0642279409778665
GALAXY,0.2662463,4.93e-05,20.06241,0.04883612,0.2276411,18.65249,0.01966886,0.15748099999999998,69482.2509327208,2.684689876796994e-16,1.2548090788924224
GALAXY,0.9370034,8.32e-05,22.21383,0.1534686,0.1589063,21.96463,0.1835054,0.1099306,173616.70768217836,3.701059995355198e-17,3.3795716030160516
GALAXY,0.7091930999999999,0.00031849900000000003,23.72976,0.49257,0.12619080000000002,22.41955,0.2509158,0.08729822,146889.43123371166,9.161237142922052e-18,6.792781612552507
GALAXY,0.3440499,8.03e-05,21.42853,0.1110643,0.26221940000000005,19.485570000000006,0.02952855,0.1814022,86148.66795843189,7.628622512347466e-17,2.3539739490113614
GALAXY,0.3737792,6.96e-05,20.53339,0.05880263,0.1688328,18.72435,0.02014883,0.1167977,92127.40992034235,1.7398112117166674e-16,1.5587398994044892
GALAXY,0.5605544,0.000159345,22.5558,0.1970882,0.2977242,21.129620000000006,0.08597608,0.20596420000000004,125257.57784916779,2.7010842167138024e-17,3.955994255425758
GALAXY,0.1996831,2.29e-05,18.97855,0.01499123,0.2725301,17.61184,0.007789616,0.1885351,53984.32556238726,7.285143742304976e-16,0.7617380543121107
GALAXY,0.1765062,1.83e-05,18.31549,0.01102753,0.3095384,16.98033,0.005947745,0.21413720000000006,48306.31773373678,1.3417207157648755e-15,0.5612982035857047
GALAXY,0.2428249,4.74e-05,20.0291,0.02385475,0.3121747,18.51107,0.01145951,0.215961,64163.40811878215,2.7683316959970247e-16,1.235707413753848
GALAXY,0.6114430000000001,0.000145976,22.20157,0.1930494,0.101855,20.26805,0.05342432,0.07046283,133090.5301457143,3.743088755914267e-17,3.360544512524852
GALAXY,0.6415266,0.00021611400000000005,23.49917,0.3648037,0.4718695,21.59223,0.1163712,0.3264371,137506.0503947334,1.132896213382537e-17,6.108430715441144
GALAXY,0.5840929,0.000263779,22.22574,0.1822075,0.1119242,20.6032,0.07091372,0.07742865,128938.92043912485,3.6606830235893294e-17,3.3981586605174736
GALAXY,0.3519668,7.120000000000001e-05,19.91852,0.04746719,0.20649650000000006,18.31208,0.018860400000000003,0.1428533,87761.23261077839,3.0651386557368624e-16,1.1743556789265412
GALAXY,0.5149412999999999,0.000138665,22.04264,0.1579485,0.266143,20.41523,0.06069265,0.1841165,117826.95338662171,4.3331340560912514e-17,3.1233715656540655
GALAXY,0.19584820000000006,2.9600000000000005e-05,18.60467,0.014583700000000003,0.117216,17.30217,0.008359097,0.08108951,53055.06734644658,1.0279929238103591e-15,0.6412533578781305
GALAXY,0.4866544,0.000117118,22.06721,0.1447121,0.1272481,20.79959,0.08275548,0.08802963,113014.1018389311,4.236177266105756e-17,3.1589129066400354
GALAXY,0.6116933000000001,0.000152452,22.45411,0.1882466,0.3139303,20.92657,0.09114002,0.2171755,133127.91301788285,2.966293534863065e-17,3.775006052538861
GALAXY,0.03700114,2.65e-05,21.71155,0.06877866,0.2178531,21.47431,0.08143088,0.1507098,10887.577506708823,5.878115633501085e-17,2.681671968097051
GALAXY,0.6681335,0.000182631,24.191370000000006,0.7629609,0.2247821,21.50842,0.1344045,0.1555032,141284.04588516025,5.988390672074087e-18,8.401748019438884
GALAXY,0.3066689,4.2e-05,19.93544,0.03062297,0.2195064,18.27441,0.01179151,0.1518535,78329.5988583544,3.017742124496951e-16,1.1835419402137703
GALAXY,0.1032668,1.04e-05,17.2596,0.0061608240000000005,0.1398841,16.22958,0.004647735,0.0967712,29367.79790149837,3.5482819761658688e-15,0.3451561787829507
GALAXY,0.2139675,4.23e-05,19.19042,0.01828139,0.1405674,17.82849,0.008984631,0.09724385,57410.28820062986,5.993632701136277e-16,0.8398073132811201
GALAXY,0.4959914000000001,0.00012544299999999998,22.189,0.1245883,0.1787216,20.52966,0.04138497,0.1236388,114620.52534669066,3.7866758090958567e-17,3.34114752793824
GALAXY,0.7217366999999999,0.000164994,22.84748,0.3904717,0.08262894,20.90145,0.09803358,0.05716232,148549.30527950532,2.0647435837442208e-17,4.524719406552095
GALAXY,0.5443475,0.000160785,23.04063,0.2418269,0.0482531,21.08723,0.07248361,0.03338128,122662.97904140638,1.7282482476487776e-17,4.94563034319929
GALAXY,0.6800071999999999,0.000217471,23.32442,0.2511449,0.08435617,22.37585,0.16099249999999998,0.05835721,142932.59999503358,1.3307305437923956e-17,5.636112486899101
GALAXY,0.1489251,7.730000000000001e-05,18.8618,0.01086954,0.3977984000000001,17.62605,0.006449115,0.2751951,41353.9015791658,8.112190210109661e-16,0.7218644464166326
GALAXY,0.3564825,8.9e-05,20.9355,0.0622455,0.1123506,19.11907,0.02028035,0.07772364,88674.33699673506,1.2013183895016279e-16,1.875839394678874
GALAXY,0.5338816999999999,0.000116182,22.70718,0.2022768,0.1876625,20.6267,0.04952863,0.129824,120960.98717724309,2.3495577562130575e-17,4.241618965786012
GALAXY,0.4583099,7.11e-05,21.40579,0.08141276,0.1098721,19.63864,0.0271203,0.07600904,108027.62682108834,7.790083722592815e-17,2.3294513903858265
GALAXY,0.5896001999999999,3.69e-05,21.24217,0.08603393,0.17893299999999998,20.13546,0.05602451,0.123785,129785.64714850034,9.057120069833308e-17,2.1603775336073956
GALAXY,0.6029267,0.000244268,23.55646,0.3800706,0.1182847,21.31805,0.09830827,0.08182878,131812.046010709,1.074667524802686e-17,6.271734313832514
GALAXY,0.6136028,0.000189906,23.7631,0.4417667,0.2410595,21.51092,0.1183069,0.1667638,133412.740675708,8.884195876635543e-18,6.897880277159197
GALAXY,0.3547291,6.850000000000001e-05,20.70351,0.04366229,0.1118873,18.96704,0.01697078,0.0774031,88320.36223439475,1.4874902412598257e-16,1.6857674048342322
GALAXY,0.4529922000000001,0.000112567,22.15141,0.1437608,0.2419777,20.45204,0.06036054,0.1673991,107073.39466714785,3.920072734909692e-17,3.2838072115466708
GALAXY,0.5799361,0.000176055,22.18503,0.2298478,0.1280531,20.58934,0.08438084,0.08858651,128296.19198016114,3.800547153474545e-17,3.335044646907991
GALAXY,0.5026762,0.000150815,22.09528,0.1664364,0.3157197,20.51523,0.06617992,0.2184134,115759.81999623904,4.128061180644676e-17,3.2000123342054128
GALAXY,0.8903143,0.000204871,21.89394,0.1615671,0.07673676,21.40754,0.17651889999999998,0.05308614,168686.58931885488,4.9691502121153735e-17,2.9166455384429586
GALAXY,0.4482934,0.000153378,22.20217,0.1360674,0.08054428,20.66794,0.05448203,0.05572016,106225.22396962378,3.741020820069631e-17,3.361473193584832
GALAXY,0.8455912,0.000302922,24.38121,0.7274503999999999,0.1214368,21.91706,0.155935,0.08400939,163715.11695199634,5.027755215651575e-18,9.1693310389238
GALAXY,0.6713637,0.000218506,21.953470000000006,0.1479068,0.122845,20.76452,0.08533236,0.08498361,141734.78753504582,4.704030459348652e-17,2.997710245759484
GALAXY,0.2791895,4.31e-05,19.72307,0.03084961,0.09037568,18.21296,0.01337368,0.06252147,72360.43072501423,3.6696963100910026e-16,1.0732716363205674
GALAXY,0.1844518,2.36e-05,18.76003,0.01180771,0.08064999,17.45054,0.0066323530000000006,0.05579329,50269.62650167969,8.90935215115708e-16,0.688813503246592
GALAXY,0.3272717,2.0600000000000006e-05,21.64774,0.06544783,0.1177684,21.02632,0.05763726,0.08147161,82681.35411577654,6.233932926412829e-17,2.6040160234701135
GALAXY,0.6323349,0.000201795,23.70129,0.5527812,0.1959465,21.27728,0.09518942,0.1355549,136173.3837641093,9.404638903117249e-18,6.704303283065794
GALAXY,0.5934262,0.00019467,23.20627,0.4193497000000001,0.09503972,20.83464,0.0787588,0.06574804,130370.66632006892,1.4837137628668892e-17,5.33764458509654
GALAXY,0.6506913000000001,0.000149713,23.39713,0.5570043,0.1787808,20.76826,0.08331945,0.1236798,138820.63377988344,1.244532164282691e-17,5.828028304143219
GALAXY,0.3079043,1.64e-05,21.84601,0.1161991,0.16585970000000005,21.23248,0.09186973,0.114741,78593.50025122962,5.1934281210477286e-17,2.8529729387955447
GALAXY,0.5529261999999999,0.00014808899999999998,22.29931,0.14859289999999994,0.1233417,20.57521,0.05230593,0.08532725,124042.52565197548,3.4208507394060753e-17,3.5152616181080463
GALAXY,0.6572734,0.000183131,22.61084,0.2281523,0.2203002,21.39491,0.15117139999999998,0.1524027,139756.13225009214,2.5675690099969318e-17,4.057547870422457
GALAXY,0.31870429999999994,0.000113746,21.95256,0.08420797,0.1393709,20.19426,0.02991516,0.09641618,80884.4373714497,4.707974752724968e-17,2.996454257059397
GALAXY,0.2967276,4.650000000000001e-05,19.9373,0.03602663,0.2578272,18.31866,0.01362995,0.17836359999999998,76192.09849235171,3.0125767858166883e-16,1.184556151161451
GALAXY,0.449637,0.000137161,21.07947,0.06933704,0.09805088,19.42877,0.027146100000000003,0.06783114,106468.23465244856,1.052131747030026e-16,2.004424268362094
GALAXY,0.5927579000000001,0.000237585,22.57672,0.1787798,0.2712884,20.81534,0.0708385,0.187676,130268.66834472578,2.6495378328593295e-17,3.9942905448234285
GALAXY,0.4739439,8.45e-05,21.56421,0.1064682,0.1824336,19.81022,0.03649324,0.1262067,110798.633312857,6.732465323627455e-17,2.505749499469804
GALAXY,0.6063324999999999,0.000187329,24.21948,0.6629503999999999,0.2067329,22.143420000000006,0.2171998,0.1430168,132324.86330410637,5.835339457511696e-18,8.51121678346473
GALAXY,0.1539414,1.94e-05,22.24249,0.1060951,0.3743249,22.03863,0.1346862,0.2589562,42634.341212348685,3.6046418884695306e-17,3.424472257859638
GALAXY,0.3916342,9.56e-05,21.32511,0.05772685,0.1728046,19.4961,0.0224585,0.1195454,95619.06844757566,8.39100780785096e-17,2.244489883575021
GALAXY,0.314307,5.9e-05,21.20989,0.0783786,0.4655162000000001,19.141,0.02127583,0.32204190000000005,79955.14751549708,9.330440015948294e-17,2.1284999890471115
GALAXY,0.4735903,0.00017737599999999998,21.98286,0.1208863,0.2261194,20.28172,0.04715657,0.1564283,110736.52376917843,4.57840413572114e-17,3.0385588514937165
GALAXY,0.5043537,0.000179917,22.08869,0.17192829999999998,0.2369566,20.5207,0.06968997,0.1639255,116044.31025360755,4.1531931132525623e-17,3.1903156351333797
GALAXY,0.5005624,0.000178346,22.16843,0.1438274,0.2943362,20.78436,0.06769249999999999,0.2036204,115400.53442322262,3.8591008238107215e-17,3.309646824495385
GALAXY,0.5296654000000001,4.870000000000001e-05,21.01286,0.07694802,0.08000128,19.88899,0.04966326,0.05534452,120269.3638371507,1.1187012547801516e-16,1.943871946964673
GALAXY,0.2104897,3.05e-05,18.84271,0.01528625,0.09102305,17.50525,0.0085,0.06296933,56581.2918756554,8.256084422957569e-16,0.7155461548441018
GALAXY,0.4613539000000001,0.000125508,21.67127,0.115669,0.17132039999999998,20.01269,0.04743176,0.1185187,108571.16743694192,6.100284998016637e-17,2.632386484191524
GALAXY,0.5901857,0.000167908,22.58396,0.1544839,0.5404211,20.87311,0.06397264,0.3738608,129875.34406704102,2.6319287321985522e-17,4.007630307522825
GALAXY,0.4389209,0.000120189,21.04344,0.1119054,0.1844814,19.31852,0.04334079,0.1276234,104519.3059708128,1.0876323716752036e-16,1.9714404006005504
GALAXY,0.2308325,3.53e-05,19.88139,0.02678608,0.17479160000000002,18.32587,0.01216507,0.12092,61384.04450994785,3.1717731999798224e-16,1.15444607701107
GALAXY,0.6424441,0.00018268,23.06434,0.299718,0.1740094,21.32273,0.1082115,0.1203789,137638.2910243203,1.6909163566841695e-17,4.999926869768351
GALAXY,0.3472449,6.6e-05,20.49824,0.04439621,0.2764062,18.69595,0.01535735,0.1912165,86801.24740596736,1.7970581283781223e-16,1.5337114233159046
GALAXY,0.2316847,3.4e-05,19.42903,0.01982497,0.1999398,17.9685,0.009953458,0.1383174,61582.814593630144,4.811119289881484e-16,0.9373497162991651
GALAXY,0.3743844,7.340000000000001e-05,20.28061,0.03618846,0.2115954,18.80658,0.01517014,0.1463807,92246.96485813537,2.1959079205807683e-16,1.3874509936138462
GALAXY,0.2494831,4.48e-05,18.98985,0.02276703,0.07989597,17.5188,0.01089938,0.05527166,65690.06882395195,7.20971546156407e-16,0.7657123508660335
GALAXY,0.3479613,7.49e-05,20.75191,0.05684353,0.1124848,19.03432,0.01916821,0.07781645,86947.23718816401,1.4226370836833082e-16,1.7237633881372458
GALAXY,0.5924261,0.000220013,23.26433,0.3175221,0.1538818,21.64601,0.1050547,0.1064547,130217.99829821782,1.4064559193329015e-17,5.482285548095339
GALAXY,0.1431438,2.84e-05,18.83634,0.01385842,0.4136215,17.51785,0.007157087,0.28614140000000005,39869.31774281147,8.304665133268368e-16,0.7134501806816566
GALAXY,0.2014501,5.25e-05,23.04524,0.4763538,0.17348729999999998,22.11468,0.1892098,0.1200177,54411.140729917446,1.7209257193818256e-17,4.956140987610524
GALAXY,0.6199203000000001,0.00016602,21.88012,0.2520195,0.2504304,20.11252,0.08287432,0.1732466,134350.5540487055,5.032805249876443e-17,2.8981419435088123
GALAXY,0.4505674,0.000138833,22.56306,0.1648489,0.4868471,20.96541,0.0590892,0.3367985,106636.28618362868,2.6830831088172764e-17,3.9692426776221144
GALAXY,0.3706746,7.269999999999999e-05,20.88979,0.0485231,0.1173164,19.0606,0.01767601,0.08115892,91512.76937494136,1.2529741904147647e-16,1.8367652413569036
GALAXY,0.5310355999999999,0.000138507,22.71458,0.1990271,0.2230816,20.94819,0.07176863,0.1543268,120494.5023705366,2.3335984368483105e-17,4.256098322466072
GALAXY,0.5102274,0.000197619,22.71846,0.1297073,0.09878793,21.08874,0.04900724,0.06834104,117036.01797382685,2.325273944433508e-17,4.263709942841599
GALAXY,0.7106994000000001,0.000187281,23.14889,0.469587,0.2094741,21.10049,0.1256785,0.14491320000000002,147090.0332288422,1.5642354543163733e-17,5.198447379840378
GALAXY,0.24454360000000006,4.320000000000001e-05,19.71805,0.03220654,0.12991689999999995,18.20691,0.01424455,0.08987592,64558.60922803641,3.686702769592985e-16,1.0707933176396291
GALAXY,0.09612627,1.51e-05,20.59674,0.03588211,0.1378007,20.2039,0.04298347,0.09532987,27438.664220253067,1.6412023313003601e-16,1.6048840182308528
GALAXY,0.28068540000000003,4.38e-05,21.80338,0.09270363,0.3090991,20.55748,0.05174209,0.2138333,72690.30123120686,5.401397327346935e-17,2.7975100299073445
GALAXY,0.5752411000000001,0.000190709,22.99826,0.206821,0.2869286,21.26203,0.07805562,0.1984958,127566.46227429122,1.797025025648945e-17,4.850066041650294
GALAXY,0.1218219,1.64e-05,18.17196,0.007554966999999998,0.2122434,17.09125,0.005280045,0.146829,34311.358129583765,1.5313488093622323e-15,0.5253970769762607
GALAXY,0.4126014,8.94e-05,21.74564,0.1248549,0.329513,19.66996,0.03504216,0.2279556,99626.7486238615,5.696421608563563e-17,2.7241038015429893
GALAXY,0.06065654,1.57e-05,17.17751,0.005129883,0.211495,16.31602,0.003902987,0.14631129999999998,17633.827508758455,3.826961782390008e-15,0.33235150693725035
GALAXY,0.06256697,8.1e-06,16.30862,0.004787356,0.1734183,15.56688,0.003926873,0.11997,18171.397001321515,8.519421884983912e-15,0.2227509948089955
GALAXY,0.6696649,0.000124974,22.14968,0.1170502,0.07323144,20.66106,0.05047277,0.05066118,141497.9485587977,3.926323914188557e-17,3.281192062467744
GALAXY,0.5760484,0.00012895299999999998,22.57507,0.3001051,0.2795964,20.512,0.08283772,0.1934235,127692.22522497267,2.6535674129420354e-17,3.991256623660929
GALAXY,0.165026,9.92e-06,19.21667,0.01845278,0.2626548,18.53841,0.01419346,0.1817034,45438.50067080077,5.850461492770837e-16,0.8500209942617902
GALAXY,0.1551833,2.27e-05,18.18857,0.01213456,0.2291003,17.07116,0.006875961999999999,0.15849059999999998,42950.2414562479,1.5080999487996355e-15,0.5294313476001509
GALAXY,0.29238190000000003,5.770000000000001e-05,20.61724,0.04124105,0.1963018,18.98395,0.016974,0.1358007,75249.92566388036,1.610505176990286e-16,1.6201068276559631
GALAXY,0.4645389,0.000124694,22.32943,0.15572170000000002,0.4095011,20.43477,0.04403487,0.283291,109137.79906951242,3.3272552975441585e-17,3.5643607468545397
GALAXY,0.5044489999999999,0.00013042299999999998,21.70638,0.08866196,0.08487,20.18211,0.03420365,0.05871267,116060.45546332495,5.906172473702717e-17,2.675294842326137
GALAXY,0.5402108,0.000148458,22.51444,0.140255,0.27806620000000004,21.10172,0.06018525,0.1923649,121992.75781177018,2.8059641963699776e-17,3.8813575550172708
GALAXY,0.5161234,0.000144052,22.53686,0.16867279999999998,0.05036031,20.60013,0.04845814,0.03483903,118024.60704822217,2.7486163478355558e-17,3.9216393554871893
GALAXY,0.2691845,2.1600000000000007e-05,20.86563,0.03568946,0.05773465,20.30883,0.02826493,0.03994056,70139.40594522883,1.281168125492406e-16,1.8164424898633649
GALAXY,0.6385344000000001,0.000279652,22.50566,0.4321311,0.08411421,20.66895,0.1320649,0.05818982,137073.79406969156,2.828747122628858e-17,3.8656955936496558
GALAXY,0.5924479,0.000431856,23.78919,0.5753356,0.1718907,21.89326,0.1816553,0.1189132,130221.32803885658,8.67325520074614e-18,6.981257423703088
GALAXY,0.4865656,0.000148803,22.78291,0.2062585,0.1974156,20.90667,0.07051951,0.13657120000000006,112998.73876463038,2.1912610805449602e-17,4.392154941641721
GALAXY,0.5234014,0.000122222,23.22828,0.3835614,0.2148432,20.82593,0.06278197,0.1486275,119235.47948934106,1.4539387961844257e-17,5.392021960042513
GALAXY,0.4356055,0.000106032,21.70975,0.08980011,0.2994045,20.01822,0.03874095,0.2071266,103911.32964317386,5.887868816210603e-17,2.6794499691224947
GALAXY,0.450098,9.88e-05,22.3969,0.14630279999999998,0.4718149,20.66733,0.05604362,0.3263994,106551.52485868966,3.1267857583916476e-17,3.6768477939856345
GALAXY,0.310768,6.04e-05,21.20754,0.04883772,0.1407308,19.45377,0.01887884,0.09735689,79203.77342875708,9.350656971314258e-17,2.126197740433532
GALAXY,0.5348665,0.000113312,22.15527,0.1071829,0.17258729999999994,20.5145,0.04411922,0.1193951,121122.03513051063,3.906160870423023e-17,3.2896496843373746
GALAXY,0.4827848,7.879999999999999e-05,21.37123,0.08225700000000001,0.09483624,19.70659,0.03370847,0.06560727,112343.13626884684,8.042038079924315e-17,2.2926705494821036
GALAXY,0.1730287,2.26e-05,18.31434,0.01094022,0.3269888,17.0051,0.006164175,0.2262094,47441.51445217435,1.3431426046713565e-15,0.5610010218040326
GALAXY,0.3334269,8.04e-05,21.017,0.06681253,0.2411372,19.24558,0.02542588,0.1668176,83961.27574035036,1.1144436787765963e-16,1.9475815526077378
GALAXY,0.5550322,0.00016433799999999998,22.29951,0.1884273,0.2011118,20.27291,0.05393698,0.1391282,124379.06881457723,3.420220653447453e-17,3.515585400578561
GALAXY,0.5197364000000001,0.000104937,21.87337,0.1065079,0.1040094,20.02921,0.03448212,0.07195321,118627.01598341779,5.0641915611446885e-17,2.889147086074053
GALAXY,0.4953612,0.000188724,21.85138,0.178835,0.07162873,20.23377,0.05519553,0.04955243,114512.6558765378,5.1678050881847696e-17,2.860037004547967
GALAXY,0.6157262,0.000209967,22.13757,0.1438104,0.08577927,20.80782,0.07994087,0.05934171,133728.72721298688,3.9703621790941414e-17,3.2629442401879953
GALAXY,0.702378,9.62e-05,22.6894,0.26252600000000004,0.08060715,21.77344,0.164365,0.05576365,145977.43974593148,2.3883508498406628e-17,4.20703041974473
GALAXY,0.2092526,2.9100000000000006e-05,18.92874,0.01657992,0.110446,17.60245,0.008159014000000001,0.07640603,56285.6146287523,7.627147148624361e-16,0.7444639157201032
GALAXY,0.5152045,0.000133737,22.26525,0.2224444,0.15532620000000005,20.45891,0.06908488,0.1074539,117870.98572404767,3.5298652367541365e-17,3.4605541731289247
GALAXY,0.6215807,0.000178981,22.1645,0.1520358,0.240912,20.43229,0.05194843,0.1666618,134595.88635162346,3.8730947826666375e-17,3.303662337242052
GALAXY,0.6052678000000001,0.000368947,22.65818,0.3736832000000001,0.173279,20.74759,0.1232617,0.1198736,132164.76947786548,2.4580240351288926e-17,4.146977244405465
GALAXY,0.3532169000000001,8.13e-05,21.0625,0.05676365,0.2592068,19.2592,0.02370054,0.1793181,88014.49541290085,1.0687056987043068e-16,1.9888207949908847
GALAXY,0.2410205,4.61e-05,19.60182,0.02522036,0.3264408,18.05581,0.01240248,0.2258302,63747.660331952415,4.103270285405584e-16,1.0149850659563968
GALAXY,0.5747859000000001,0.00014534299999999998,22.39574,0.2254115,0.1781389,20.15417,0.06036833,0.1232357,127495.49761022703,3.130128199893281e-17,3.6748841473807254
GALAXY,0.31268490000000004,6.31e-05,20.81727,0.05463852,0.6139915,19.04471,0.0212706,0.4247565,79611.1403189171,1.3395228464984084e-16,1.776436354153143
GALAXY,0.2853815,3.88e-05,20.34161,0.02987249,0.2299762,18.63664,0.01225193,0.1590965,73722.1579156425,2.0759367881672185e-16,1.4269792312172214
GALAXY,0.5471383000000001,9.49e-05,22.09367,0.1089777,0.3083733,20.54482,0.04795637,0.2133312,123113.29925283369,4.134187078077572e-17,3.197640620721866
GALAXY,0.4081808,9.33e-05,21.52481,0.07447679,0.08753176,19.86376,0.02693439,0.06055407,98790.00751306034,6.981265025947623e-17,2.460694237847223
GALAXY,0.5069492,0.000155919,22.00362,0.1225691,0.09000845,20.16223,0.03477418,0.06226743,116483.37819100732,4.4916936198226444e-17,3.0677477925649446
GALAXY,0.34208520000000003,7.57e-05,20.49716,0.04503177,0.1944746,18.6779,0.01504006,0.1345366,85746.16285861135,1.7988465815721425e-16,1.5329488087489769
GALAXY,0.4635927,0.00016920599999999998,22.57191,0.1901846,0.2413202,20.78016,0.0576281,0.1669442,108969.6863946099,2.6613017846684423e-17,3.9854526363059204
GALAXY,0.5232751,0.000168072,22.82361,0.2081285,0.25515429999999995,20.92519,0.05868446,0.1765146,119214.55485492619,2.1106398092358234e-17,4.475253617369969
GALAXY,0.225642,3.24e-05,18.54021,0.01445474,0.08923500000000001,17.21726,0.007480507,0.06173236,60169.1982906386,1.0908728303529592e-15,0.6224975582925177
GALAXY,0.1718102,2.51e-05,19.130370000000006,0.01316587,0.2549238,17.79409,0.007455916,0.1763551,47137.69171386333,6.334467688656976e-16,0.816901422434866
GALAXY,0.2896942,3.92e-05,20.32156,0.03768708,0.2728215,18.71298,0.01663016,0.1887367,74664.83045560075,2.114628714580678e-16,1.4138640511908593
GALAXY,0.43687,0.000106949,22.28815,0.1671255,0.3047626,20.50134,0.05866203,0.2108333,104143.49350487876,3.456194105697782e-17,3.497241733350791
GALAXY,0.4952114,0.000241698,21.3327,0.1085819,0.2715257,20.02905,0.0508482,0.1878402,114487.00325543422,8.332553776865679e-17,2.25234883009864
GALAXY,0.5205488,0.000209933,22.54035,0.2289576,0.31182059999999995,20.7214,0.08505128,0.215716,118762.11751353007,2.7397953560192317e-17,3.9279472992141784
GALAXY,0.5761463000000001,0.000224182,22.46237,0.1785766,0.1323224,21.40488,0.1023739,0.09154003,127707.46819079596,2.9438123653719794e-17,3.78939303273505
GALAXY,0.70289,0.000115501,21.20575,0.1675241,0.07643557,20.09255,0.1078994,0.05287778,146046.20575799572,9.366085655356654e-17,2.1244457836865824
GALAXY,0.16157629999999998,3.3100000000000005e-05,18.88686,0.01526228,0.2904613,17.64968,0.009054752,0.2009398,44569.51825417445,7.92709613716649e-16,0.7302434198483576
GALAXY,0.513199,0.000101512,21.67239,0.09714595,0.2120873,19.99347,0.03541718,0.146721,117535.12851729369,6.093995444060419e-17,2.6337445642246045
GALAXY,0.4341471,9.88e-05,21.97551,0.1338934,0.211919,20.34036,0.04807102,0.1466046,103643.13516911691,4.60950324665953e-17,3.0282913237968674
GALAXY,0.1680482,2.0600000000000006e-05,18.2578,0.009279587,0.08603574,17.04351,0.005606438,0.05951912,46197.0449661304,1.414940329213773e-15,0.5465824113471149
GALAXY,0.5646725,0.00021528,23.0119,0.2554709,0.2959776,21.25673,0.08512619,0.2047559,125909.00855067221,1.774590389443458e-17,4.880627383652342
GALAXY,0.3369897,5.27e-05,21.05321,0.06190317,0.20676220000000006,19.16554,0.01788958,0.1430371,84697.92934305631,1.077889211681729e-16,1.980330390482331
GALAXY,0.4390957,0.000100089,21.45853,0.09635047,0.09017442,19.74923,0.02931885,0.06238225,104551.29477071286,7.420721370128446e-17,2.3867209886301546
GALAXY,0.4700403,9.84e-05,21.79894,0.0995212,0.1123595,20.10431,0.03423981,0.07772978,110111.53107527691,5.4235309793756163e-17,2.7917958174661583
GALAXY,0.4299943,2.03e-05,22.53563,0.1443357,0.0739025,21.74135,0.09752078,0.05112541,102876.91853705327,2.7517319424172637e-17,3.919418627050038
GALAXY,0.3640989,1.41e-05,21.18475,0.0929831,0.2170996,20.45169,0.07001773,0.1501885,90203.5031412564,9.549005098055143e-17,2.1039995969098375
GALAXY,0.2264979,3.91e-05,19.25733,0.0206098,0.1001339,17.87902,0.009907961,0.06927218,60370.02033867246,5.635417875206318e-16,0.8660872640499142
GALAXY,0.17614749999999998,2.12e-05,21.77757,0.10884660000000003,0.2660484,21.3151,0.08119371,0.1840511,48217.27047708247,5.531337079961719e-17,2.7644558110994337
GALAXY,0.3790036,8.65e-05,21.39898,0.111327,0.09071723,19.53926,0.03692568,0.06275776,93156.67350703722,7.839098567078089e-17,2.3221573926103023
GALAXY,0.5512176,0.000157206,21.94102,0.1397523,0.1092152,20.27284,0.05081649,0.07555459,123768.87432379795,4.7582814328863106e-17,2.9805722400603063
GALAXY,0.1418077,4.06e-05,18.95526,0.01324684,0.1098318,17.87096,0.008698305,0.07598113,39524.86448751907,7.443104649847775e-16,0.753611734560336
GALAXY,0.6319779999999999,0.000151111,22.31647,0.3775554,0.5517340000000001,20.12861,0.08746330000000001,0.381687,136121.34900039245,3.3672094005623307e-17,3.5431509268584875
GALAXY,0.5287466,0.000137161,22.49915,0.1771495,0.1475423,20.61919,0.05471469,0.1020691,120118.19144599099,2.845759047040221e-17,3.8541237252011893
GALAXY,0.3431477000000001,8.190000000000001e-05,20.82047,0.05125141,0.1131376,19.06523,0.01915186,0.07826810000000001,85963.95064426176,1.3355806711236778e-16,1.7790561373619882
GALAXY,0.14335870000000006,1.59e-05,18.44932,0.01318132,0.3217221,17.26127,0.00827038,0.2225658,39924.672479381494,1.1861240865929925e-15,0.5969798221567908
GALAXY,0.668429,0.000190283,23.23919,0.440379,0.1152598,21.5028,0.1698749,0.07973621,141325.3503973535,1.4394020776023105e-17,5.4191809455921565
GALAXY,0.6328325,0.00022312400000000005,22.52255,0.3730146,0.2946844,20.6958,0.1347737,0.2038613,136245.89586286576,2.7850828898220984e-17,3.8958807257618995
GALAXY,0.3869902,7.97e-05,21.3672,0.08478569999999999,0.28866640000000005,19.462670000000006,0.02846761,0.1996981,94717.94938737151,8.071943719900176e-17,2.2884195657292334
GALAXY,0.5917806999999999,0.000130834,22.4107,0.217261,0.1631582,20.51414,0.06903654,0.1128721,130119.38104417546,3.087294969005334e-17,3.700289064887783
GALAXY,0.2877539,6.709999999999999e-05,20.27743,0.05762069,0.2314376,18.50262,0.02135094,0.1601075,74241.30261410696,2.202348917337098e-16,1.385420636200992
GALAXY,0.3599063,5.89e-05,20.34262,0.04009073,0.1385566,18.49878,0.01498212,0.09585278,89363.434651072,2.0740065575741108e-16,1.4276431052999095
GALAXY,0.4186476,0.00013376,22.56208,0.1348782,0.3020645,20.91637,0.05619827,0.2089669,100764.15171326714,2.6855059887651847e-17,3.967451736056536
GALAXY,0.4836788,9.97e-05,21.81448,0.10351889999999997,0.1925074,19.85321,0.03169794,0.1331757,112498.42275536963,5.3464575777896065e-17,2.811846782418079
GALAXY,0.29952890000000004,8.240000000000001e-05,21.54578,0.08899698,0.27477870000000004,19.60733,0.0272085,0.1900906,76796.91717190464,6.847722069717478e-17,2.4845723756749694
GALAXY,0.5349480999999999,0.000130125,22.33797,0.1684931,0.04326949,20.5486,0.05459364,0.02993363,121135.37109778248,3.30118699243322e-17,3.578406320693418
GALAXY,0.07055976,1.94e-05,16.929289999999998,0.004539957,0.08798805,16.03495,0.003659075,0.06086972,20408.72985788507,4.809967314616102e-15,0.29645150008672766
GALAXY,0.05358942,2e-05,18.1487,0.009921237,0.1066922,17.27819,0.007174806,0.07380918,15635.813953707651,1.564509213947326e-15,0.5197992544776446
GALAXY,0.5600221,0.000203617,22.01943,0.1542652,0.1518588,20.40713,0.06473125,0.1050552,125173.1442873383,4.4267615103586213e-17,3.090164878971974
GALAXY,0.3731556,9.51e-05,21.14189,0.07418869,0.1162296,19.20278,0.02522773,0.08040711,92004.13114475184,9.93349609077014e-17,2.0628785130665954
GALAXY,0.1899929,2.78e-05,18.88665,0.01472764,0.1443428,17.59845,0.0077734,0.09985568,51628.4294154029,7.928629521778447e-16,0.7301728024633275
GALAXY,0.1605335,1.65e-05,17.57374,0.006340365,0.08230361,16.39001,0.004205435,0.05693726,44306.17610961028,2.656819959136371e-15,0.3988812776821262
GALAXY,0.4618819000000001,0.000121007,21.72758,0.1664524,0.06240382,19.78877,0.04295443,0.04317068,108665.24928395414,5.791967619081589e-17,2.7015415553239244
GALAXY,0.4851836,0.000157756,22.02276,0.1228776,0.07878377,20.36541,0.04254972,0.05450225,112759.43470710359,4.413205240393895e-17,3.0949073491947514
GALAXY,0.4879479000000001,8.690000000000001e-05,21.16159,0.07580269,0.09117435,19.58374,0.03014696,0.06307399,113237.7047800202,9.754884355921453e-17,2.081678478560813
GALAXY,0.5209297,0.000113938,22.63407,0.2396176,0.2014206,20.66255,0.09163745,0.1393418,118825.41637227492,2.5132177897835565e-17,4.101187757421548
GALAXY,0.4417621,0.000127782,21.95106,0.12785139999999998,0.1598083,20.34777,0.06346075,0.1105547,105038.43528176242,4.71448355530147e-17,2.9943850945338677
GALAXY,0.5288798000000001,6.54e-05,21.79104,0.1069965,0.1652602,20.47664,0.05605208,0.1143263,120140.11730950962,5.4631374236325376e-17,2.781657481766631
GALAXY,0.5093639,0.00015665200000000002,22.22758,0.1547096,0.1937688,20.32858,0.04888183,0.13404839999999998,116890.65611013203,3.654484508250963e-17,3.4010393150152374
GALAXY,0.5507804000000001,0.000109464,22.73596,0.1531068,0.1578013,20.89203,0.05664361,0.1091662,123698.76340926265,2.28809538525958e-17,4.298210218141727
GALAXY,0.4072603,7.950000000000001e-05,21.44085,0.1212743,0.219514,19.5788,0.03942849,0.1518588,98615.22429766438,7.542548738843612e-17,2.3673673424587447
GALAXY,0.5116833,0.000137712,21.79599,0.1373144,0.3741763,19.94958,0.04267304,0.2588534,117280.76974649378,5.438287023825785e-17,2.788005667571288
GALAXY,0.5714964,0.000155099,22.67419,0.188903,0.1822894,20.80812,0.06025178,0.126107,126981.54193330885,2.422044539432343e-17,4.177665390444856
GALAXY,0.6979357,0.000154545,21.94462,0.1213207,0.2003098,20.99942,0.08764726,0.1385734,145379.08350347803,4.7425304193424134e-17,2.98551771365231
GALAXY,0.5929741,0.000267992,22.409270000000006,0.22424810000000006,0.07120457,20.68735,0.08450986,0.04925899,130301.67419835457,3.0913638583022956e-17,3.697853081165387
GALAXY,0.33241420000000005,1.4300000000000004e-05,22.17031,0.09601923,0.1257124,21.0498,0.05818269,0.08696726,83751.32616321402,3.852424402899105e-17,3.3125134647786334
GALAXY,0.6620111,9.9e-05,23.96977,0.6452068,0.2181004,21.9016,0.1615811,0.15088089999999998,140425.0602721783,7.344295207202852e-18,7.586643070961512
GALAXY,0.3295635,1.77e-05,22.16177,0.08777829,0.1016659,21.63305,0.07606389,0.07033199,83158.9913973506,3.8828456347111145e-17,3.2995115448477486
GALAXY,0.3625075999999999,0.00010867,21.69785,0.1441864,0.2110379,19.74001,0.04099525,0.1459951,89885.14218756421,5.952756599868394e-17,2.664806335938298
GALAXY,0.5782071,0.000184584,23.20621,0.33827670000000004,0.09899364,21.32714,0.0980731,0.06848335,128027.92682253812,1.4837957581850934e-17,5.337497102563878
GALAXY,0.4345173,0.00013192,22.03164,0.1105038,0.1762486,20.30776,0.04489978,0.1219279,103711.25730095804,4.3772577992378404e-17,3.107589549406401
GALAXY,0.23043690000000006,4.18e-05,20.27728,0.03197316,0.3342369,18.69801,0.01492276,0.23122350000000005,61291.70744529583,2.2026532041031856e-16,1.3853249380391977
GALAXY,0.4061551,0.000134442,22.06276,0.10979260000000003,0.2454244,20.35269,0.04604224,0.1697835,98405.11995378448,4.25357529790102e-17,3.1524459727151757
GALAXY,0.2922302,5.870000000000001e-05,20.92855,0.0453778,0.2802274,19.20552,0.02063109,0.19386,75216.95017355353,1.209032917352998e-16,1.8698451933365088
GALAXY,0.5700951999999999,0.00013288200000000002,22.28336,0.13711610000000002,0.187855,20.83648,0.07412289,0.1299572,126762.01244982803,3.4714756649908255e-17,3.489535752275672
GALAXY,0.4405340999999999,0.000175109,22.74891,0.2465842,0.17293499999999998,21.39601,0.1436356,0.1196357,104814.27496414482,2.2609664875542658e-17,4.323920021126574
GALAXY,0.4114195,6.9e-05,20.74941,0.04684641,0.2129245,19.01899,0.0203528,0.14730020000000002,99403.46262650452,1.4259166008596512e-16,1.7217799741605009
GALAXY,0.701932,0.000213613,23.30496,0.413083,0.2027503,20.79521,0.07417607,0.14026170000000002,145917.50482513066,1.3547966846504174e-17,5.585829203807502
GALAXY,0.3390025,6.86e-05,20.82219,0.05140455,0.323318,19.126,0.02102377,0.2236699,85112.74499774186,1.3334665478972042e-16,1.7804658668847635
GALAXY,0.2402167,3.620000000000001e-05,19.2794,0.01848359,0.4698898,17.71718,0.008339661,0.3250676,63562.180975909825,5.52202190650252e-16,0.8749347226487613
GALAXY,0.4856173,0.00014539,22.14736,0.1251242,0.2279969,20.51007,0.05154547,0.1577272,112834.57525294376,3.934722649078125e-17,3.2776883106007126
GALAXY,0.5950699,0.000126255,22.52984,0.1809263,0.22231,20.67127,0.0553925,0.153793,130621.19278727176,2.7664455403275748e-17,3.9089818350322565
GALAXY,0.2095204,3.12e-05,18.587670000000006,0.01205142,0.2624707000000001,17.1572,0.006533415,0.181576,56349.65636452685,1.0442154753616297e-15,0.6362527204501516
GALAXY,0.3167005,5.36e-05,20.40271,0.04921886,0.22284250000000005,18.67335,0.01793724,0.1541614,80461.56190158066,1.9623394066261542e-16,1.467701210020287
GALAXY,0.5446628000000001,0.00028524,23.11068,0.3531068,0.308077,21.25703,0.1062545,0.2131263,122713.92965020977,1.6202652778400862e-17,5.107773755101765
GALAXY,0.5065398,9.78e-05,22.123620000000006,0.1101895,0.2420455,20.87041,0.05422995,0.16744589999999998,116414.21125400517,4.0217042048330915e-17,3.2420495810341903
GALAXY,0.17353670000000002,2.78e-05,19.06388,0.01624675,0.1845147,17.75582,0.00877331,0.1276464,47568.057330339216,6.734511908439124e-16,0.7922671559381197
GALAXY,0.5070275,0.000144086,21.47817,0.1060948,0.07479838,20.05571,0.047617800000000016,0.05174517,116496.60294419488,7.287693937388099e-17,2.408405732677447
GALAXY,0.5940377,0.00015511,22.09637,0.13607679999999994,0.09506144,20.5378,0.0593747,0.06576306,130463.92525536765,4.123918987730506e-17,3.201619026974463
GALAXY,0.15107820000000002,1.32e-05,18.27021,0.01087709,0.1169848,17.426389999999998,0.007462555999999999,0.08092953,41904.3676484712,1.3988595921501466e-15,0.5497150817877524
GALAXY,0.5885465999999999,0.000173122,22.44015,0.1986671,0.09786111,20.65996,0.06038999,0.06769986,129624.08330048138,3.0046793011764084e-17,3.750815070288128
GALAXY,0.3494219,0.000123926,21.144920000000006,0.07253294,0.04825068,19.25023,0.02317709,0.0333796,87244.50239538682,9.905813000131917e-17,2.0657589939701815
GALAXY,0.1177383,1.7199999999999998e-05,17.80931,0.0072072030000000014,0.04835607,16.941979999999994,0.005380485999999999,0.03345251,33231.95257433787,2.138622468338189e-15,0.4445879139291503
GALAXY,0.5172031,0.000183597,22.57715,0.1629875,0.04722975,20.753770000000006,0.05380212,0.03267332,118204.89833020359,2.648488705377134e-17,3.9950815818147705
GALAXY,0.5398778000000001,0.00014636,22.17145,0.1028742,0.1225146,20.51359,0.03989688,0.08475503,121938.6635867055,3.848381561758365e-17,3.3142529558062064
GALAXY,0.04647851,7.85e-06,17.17899,0.005757236999999999,0.12180330000000003,16.72561,0.005545454,0.08426296,13610.42702538296,3.82174868841088e-15,0.33257810336574656
GALAXY,0.542195,8.75e-05,22.23493,0.1032328,0.2082789,20.43011,0.03585806,0.1440864,122314.64201213724,3.629828658571944e-17,3.4125706578191943
GALAXY,0.3137966,0.000109815,22.10257,0.1875858,0.8815729999999999,19.88227,0.04025978,0.6098680999999999,79846.97450940622,4.1004368254631445e-17,3.210773369824314
GALAXY,0.14945329999999998,4.06e-05,21.1938,0.0783326,0.3225259,20.09942,0.04691272,0.223122,41489.06421380734,9.469741525720094e-17,2.1127866900573227
GALAXY,0.15393320000000002,3.07e-05,19.0356,0.01494868,0.9188271,17.65319,0.007548729,0.6356403,42632.25393884742,6.912229118619595e-16,0.7820160242887257
GALAXY,0.478988,0.000136623,22.46768,0.1117499,0.16974779999999998,20.85474,0.04186555,0.1174307,111681.80963082655,2.929450238491201e-17,3.798670746422009
GALAXY,0.1749859,5.600000000000001e-05,18.84723,0.01763467,0.1218392,17.386229999999998,0.00771457,0.08428781,47928.656915420994,8.221785178489388e-16,0.7170371418201608
GALAXY,0.6697263000000001,0.000230929,23.9696,0.5695109,0.1413681,21.87827,0.1385725,0.09779779,141506.51682922713,7.345445236030878e-18,7.586049151907964
GALAXY,0.4219706,6.18e-05,21.05553,0.06308459,0.1618211,19.22231,0.02130501,0.1119471,101385.82690662373,1.0755884381490987e-16,1.9824473051018663
GALAXY,0.30245890000000003,0.000109919,21.0239,0.07256358,0.06354417,19.33134,0.02643435,0.04395956,77427.416847697,1.1073836962397416e-16,1.9537799670378142
GALAXY,0.6369357,0.000225552,22.57171,0.337636,0.1190743,20.62617,0.09296189,0.08237506,136842.22408145294,2.661792059728448e-17,3.985085579456602
GALAXY,0.6156517,0.00015003,23.65189,0.3227706,0.2520947,21.65874,0.09901067,0.174398,133717.6540456348,9.842425251202533e-18,6.553505259061804
GALAXY,0.6203626,0.000148671,22.53486,0.3675539,0.1709465,20.37925,0.09540007,0.11826,134415.9526559464,2.7536841524461803e-17,3.9180290550192076
GALAXY,0.247826,3.3100000000000005e-05,19.46132,0.02061602,0.1419343,18.00704,0.01046479,0.09818949,65311.20399320829,4.670142422714458e-16,0.951392344032118
GALAXY,0.1415836,2.12e-05,18.20337,0.01068842,0.3561179,16.9201,0.006134489,0.2463607,39467.04048230158,1.4876820577063338e-15,0.5330520922084051
GALAXY,0.6061893,6.28e-05,21.36206,0.08395758,0.2695405,20.48188,0.07178126,0.1864669,132303.3426347894,8.110247825831272e-17,2.2830091509963855
GALAXY,0.6089532,0.000288061,21.18816,0.08816648,0.09867311,20.082420000000006,0.06016961,0.0682616,132718.07536177072,9.51906133602243e-17,2.1073062357313157
GALAXY,0.4871089,0.000170241,21.73276,0.1053968,0.105255,19.94332,0.03707552,0.07281489,113092.70859427637,5.764400208353386e-17,2.707993716377561
GALAXY,0.5961705,0.000141613,21.36607,0.217972,0.08278312,19.68672,0.08532019,0.05726898,130788.672173979,8.080349117628915e-17,2.287229018071251
GALAXY,0.1620377,3.04e-05,18.42065,0.01162156,0.12995839999999995,17.242829999999998,0.00733044,0.08990461,44685.93947221303,1.2178621275166488e-15,0.5891496883435536
GALAXY,0.3503812,7.53e-05,20.80273,0.06110813,0.1395901,19.01925,0.02018312,0.09656775,87439.46492731055,1.357582169140618e-16,1.7645812177711135
GALAXY,0.7150068,0.00016633900000000002,23.81617,0.5106949000000001,0.5923379,21.45145,0.1071833,0.4097766,147661.74541794107,8.460384973148298e-18,7.068538898408867
GALAXY,0.1739795,2.31e-05,18.73003,0.01218845,0.3566732,17.4231,0.006596859,0.2467449,47678.300031400584,9.158959217137645e-16,0.6793626276778805
GALAXY,0.8667031,4.02e-05,22.0409,0.14867049999999998,0.07765793,21.60406,0.1346911,0.05372339,166093.23666293427,4.3400839007905904e-17,3.120869811690341
GALAXY,0.4368063,8.8e-05,21.40023,0.14531,0.1946455,19.49132,0.035861300000000006,0.1346549,104131.80638149,7.830078664596132e-17,2.323494518678147
GALAXY,0.2653914,5.07e-05,19.86184,0.03558756,0.2283701,18.25142,0.01351707,0.1579854,69290.62523836055,3.22940211377623e-16,1.1440991218959886
GALAXY,0.7497738,0.000403003,22.76538,0.3718285,0.15200379999999994,21.31056,0.1555474,0.1051555,152173.5587189102,2.2269277402795832e-17,4.356840411525257
GALAXY,0.06548689,1.5e-05,21.47617,0.09711789,0.15180870000000002,21.90657,0.1427487,0.1050205,18990.93192217489,7.301130737677015e-17,2.4061885302384693
GALAXY,0.5933141,0.000226818,24.25035,0.9031079,0.2649118,21.10318,0.1071096,0.1832647,130353.5628604101,5.6717636537210716e-18,8.633077751356382
GALAXY,0.07814082,1.87e-05,20.59136,0.04501811,0.3699663,20.41182,0.06632596,0.255941,22513.348415099885,1.6493549386333404e-16,1.6009127088341675
GALAXY,0.2507447,4.14e-05,18.70828,0.0196856,0.1090306,17.25476,0.008497712,0.07542688,65978.02587799585,9.344286060384235e-16,0.6725919301392954
GALAXY,0.6547487,0.000247703,24.10628,1.631642,0.1820306,20.54095,0.1164931,0.12592799999999998,139398.1513729344,6.476585828205598e-18,8.078889206501561
GALAXY,0.6872441,0.000270918,24.05296,0.6605714,0.4531353,21.648670000000006,0.1392255,0.3134769,143926.26762065396,6.802587319761822e-18,7.8829296770969615
GALAXY,0.7551236,5.42e-05,22.03473,0.1516261,0.1755682,20.87206,0.0911964,0.1214573,152851.8962020633,4.364817855068895e-17,3.1120147896444235
GALAXY,0.28517750000000003,3.66e-05,20.51078,0.04331562,0.2126204,18.79178,0.01495518,0.1470898,73677.45046106992,1.776421927078653e-16,1.5425940513600165
GALAXY,0.3946176,0.000110306,21.26425,0.06702472,0.3767818,19.45092,0.02516552,0.2606559,96195.37272613528,8.87479081456979e-17,2.182456781558212
GALAXY,0.3242486,3.43e-05,20.33302,0.03625449,0.09402499,18.59611,0.01463426,0.06504605,82049.34515789192,2.0924260836978166e-16,1.4213454784597699
GALAXY,0.3665125,8.75e-05,20.78893,0.05471578,0.2155721,18.90133,0.02089387,0.1491318,90685.24225469299,1.3749475300971882e-16,1.7534026245235894
GALAXY,0.3000576,6.620000000000001e-05,21.69386,0.1186763,0.20602640000000005,19.66418,0.03818776,0.1425281,76910.84591438422,5.974672784239229e-17,2.659914348947823
GALAXY,0.3325512,5.59e-05,20.78838,0.05731672,0.2722328,18.92451,0.01946883,0.1883294,83779.74309616316,1.3756442119519234e-16,1.752958571299857
GALAXY,0.6167562,0.000260232,22.68686,0.2797137,0.176874,21.3059,0.1438135,0.1223606,133881.720360638,2.393944761722814e-17,4.202112277584099
GALAXY,0.4954529,0.000141551,22.5923,0.1720096,0.180505,20.82525,0.06311319,0.1248725,114528.35687996403,2.611789221097288e-17,4.023052057368535
GALAXY,0.3192111,6.759999999999999e-05,20.65838,0.0413501,0.1940256,18.98882,0.01798433,0.134226,80991.23415962096,1.5506226563147713e-16,1.6510934414428797
GALAXY,0.5720936,0.000233015,22.43325,0.1729009,0.3299244,20.9097,0.07986904,0.2282402,127074.99690640009,3.023835248177577e-17,3.738915518317882
GALAXY,0.2526075,3.46e-05,19.70397,0.02485795,0.21754450000000006,18.20004,0.0118056,0.15049620000000002,66402.441220968,3.734823864818558e-16,1.063872669772602
GALAXY,0.5679731,0.000206666,22.05454,0.1466374,0.32514770000000004,20.53169,0.07304548,0.2249357,126428.84849770424,4.285900902765602e-17,3.140535104665722
GALAXY,0.2290559,5.11e-05,19.16016,0.02584138,0.229102,17.69925,0.01334825,0.1584917,60969.03996680468,6.163027778228121e-16,0.8281855567141322
GALAXY,0.5317353,0.000190854,21.70852,0.225947,0.3668728,20.4398,0.1221757,0.2538009,120609.33045969982,5.894542796810395e-17,2.6779326621487995
GALAXY,0.2731504,6.48e-05,19.98064,0.03208045,0.33162859999999994,18.37734,0.01458083,0.2294191,71022.88103870062,2.894690429197588e-16,1.2084359933309465
GALAXY,0.14664979999999994,2.51e-05,18.47062,0.01194004,0.4574053,17.235979999999998,0.007372898,0.3164308,40770.76150770067,1.1630814392585095e-15,0.6028644185490761
GALAXY,0.2183512,3.34e-05,19.58981,0.02082427,0.2863779,18.15416,0.009248412,0.1981149,58450.553257423555,4.1489110621377893e-16,1.0093868725604354
GALAXY,0.16346,4.120000000000001e-05,22.28543,0.13188239999999998,0.06359596,21.5283,0.08682511,0.04399539,45044.43917245677,3.464863461409753e-17,3.4928638088361903
GALAXY,0.4956253,0.000141903,22.12976,0.1545766,0.1001785,20.2515,0.05537235,0.06930301,114557.8708536548,3.999025055792145e-17,3.2512296903435245
GALAXY,0.6252934,0.0001051,22.18525,0.1808454,0.2392876,20.48924,0.054972,0.16553810000000002,135142.7343722162,3.7997771361670696e-17,3.335382549884708
GALAXY,0.6454291,0.000109992,21.94113,0.1873533,0.08296204,21.05351,0.1257877,0.05739275,138067.54441891686,4.7577993779986796e-17,2.980723230351219
GALAXY,0.4571725,0.000107183,21.9359,0.1699216,0.16689949999999998,20.33241,0.05545636,0.1154603,107824.02965853768,4.7807730234286564e-17,2.97355278499578
GALAXY,0.3930036,8.97e-05,21.32495,0.09342251,0.08803175,19.36666,0.02570534,0.06089996,95883.84714650318,8.392244443574963e-17,2.244324509541391
GALAXY,0.3074644,1.65e-05,22.10111,0.139568,0.1572292,21.6962,0.1267689,0.1087705,78499.57406032177,4.105954431571057e-17,3.2086153163561386
GALAXY,0.2029088,3.16e-05,19.22404,0.01598354,0.33508540000000003,17.78141,0.007972237,0.2318105,54762.84257916353,5.810882920211938e-16,0.8529108757493781
GALAXY,0.6050831999999999,0.000236454,21.14974,0.11870410000000002,0.1229167,20.10821,0.06741068,0.0850332,132136.99173263283,9.86193476004775e-17,2.0703494355427803
GALAXY,0.541986,0.000279943,23.10874,0.2425782,0.3941744,21.24587,0.07694954,0.272688,122280.77269287598,1.6231629656443187e-17,5.103212492449776
GALAXY,0.47955,0.000127568,21.9578,0.1431065,0.11636789999999997,20.20107,0.04755247,0.08050275,111779.8856975423,4.685307780435028e-17,3.003693759669013
GALAXY,0.5255683000000001,0.000105085,21.84603,0.1169799,0.1144759,20.17773,0.04085882,0.07919388,119593.99392138068,5.1933324554474034e-17,2.852999215768408
GALAXY,0.5020908,0.000149721,22.11789,0.14095539999999998,0.14926470000000006,20.36992,0.0519142,0.1032606,115660.40839722758,4.0429849549025286e-17,3.233505859506491
GALAXY,0.4965099,8.159999999999999e-05,21.54635,0.1089642,0.2141275,19.9044,0.04285886,0.1481324,114709.21534956024,6.844128031706919e-17,2.485224648362171
GALAXY,0.2393945,3.86e-05,19.74277,0.03188074,0.5491746,18.23935,0.01437727,0.3799165,63372.27857083522,3.6037124089222885e-16,1.083052856882487
GALAXY,0.4588788,0.000108662,21.62072,0.1094653,0.2102184,19.97594,0.04782216,0.1454281,108129.35873774781,6.391019243243049e-17,2.571814569383399
GALAXY,0.1640247,2.92e-05,18.71642,0.01234892,0.2405447,17.51493,0.007992209,0.16640770000000002,45186.6174017469,9.274491877479396e-16,0.6751179455502453
GALAXY,0.4989491,0.000179478,22.18709,0.1405243,0.2026343,20.39439,0.05254103,0.1401815,115125.71618687331,3.793343097298089e-17,3.3382099884194876
GALAXY,0.6105663,0.000254818,23.88302,0.4254403000000001,0.1944195,21.39134,0.08860864,0.1344985,132959.50653816367,7.955182096064659e-18,7.289532092127477
GALAXY,0.8187334,0.00020213,23.29553,0.4503919,0.2131194,21.57974,0.1789204,0.14743499999999998,160606.29717925985,1.3666148173739416e-17,5.561624355199505
GALAXY,0.5377995,9.93e-05,22.51777,0.130305,0.2781265,20.94325,0.05153989,0.1924066,121600.57409322912,2.7973713665849445e-17,3.887314267150635
GALAXY,0.5031599,0.000179935,22.83036,0.2433899,0.397597,21.017670000000006,0.08381779,0.2750557,115841.90930977318,2.0975587088808953e-17,4.48918654188832
GALAXY,0.1420188,2.39e-05,18.04906,0.009550877,0.07902177,16.90687,0.005798903,0.05466689,39579.32101665213,1.7148815393444638e-15,0.4964867380362731
GALAXY,0.4187692,8.640000000000001e-05,21.79349,0.09326528,0.08308415,20.01735,0.03084872,0.05747723,100786.94389869572,5.450823570151672e-17,2.7847977044329824
GALAXY,0.27090990000000004,4.28e-05,20.10776,0.0384511,0.1179017,18.54437,0.01477656,0.08156383,70524.26789542312,2.574862991663042e-16,1.2812906361638234
GALAXY,0.5423059,0.000117369,22.83896,0.182542,0.1860517,21.21551,0.0675588,0.1287097,122332.6104337231,2.0810097989680693e-17,4.5070009776607725
GALAXY,0.427318,0.000113525,21.31643,0.08284716,0.1266094,19.55121,0.02661301,0.08758783,102381.1329934153,8.458359217053415e-17,2.2355359194304163
GALAXY,0.1857002,1.67e-05,19.15638,0.01806409,0.256355,18.384220000000006,0.01257331,0.17734520000000004,50576.50424411231,6.184521806926509e-16,0.8267451431867631
GALAXY,0.403471,7.47e-05,21.62012,0.09218682,0.3445815,19.7485,0.02671148,0.2383799,97893.71810715775,6.3945520270506e-17,2.5711040489232255
GALAXY,0.5795922,0.000281566,22.21772,0.2209151,0.1437825,21.25501,0.1423949,0.09946808,128242.87714671432,3.6878234808823706e-17,3.3856312314674466
GALAXY,0.5742258000000001,0.000117576,22.65943,0.1614408,0.08762382,21.00282,0.05391061,0.06061775,127408.12716446156,2.4551957587772866e-17,4.149365123622395
GALAXY,0.563361,0.000208934,22.1269,0.1682402,0.1861735,20.63758,0.07171425,0.128794,125701.88833708806,4.009573003398917e-17,3.2469503837670444
GALAXY,0.2377456,4.08e-05,19.46486,0.0188951,0.2104203,18.1584,0.009301607,0.1455678,62990.89384272869,4.654940404112392e-16,0.952944597528543
GALAXY,0.2015948,8.64e-06,20.22051,0.01993818,0.1036251,19.49256,0.01531285,0.07168736,54446.054834387956,2.320887690902906e-16,1.3495769504180182
GALAXY,0.458149,6.06e-05,21.64189,0.11419669999999997,0.1464625,20.27326,0.04476234,0.1013221,107998.84194820808,6.267612314836719e-17,2.5970101815437006
GALAXY,0.1213371,1.59e-05,17.14901,0.006038267,0.1633969,16.201060000000002,0.00429253,0.1130372,34183.464664214494,3.928747568158617e-15,0.32801798186312053
GALAXY,0.4726699,0.000141045,22.52885,0.14085129999999998,0.09213336,20.79438,0.04552593,0.06373743,110574.73471467671,2.7689692013193085e-17,3.907200090088619
GALAXY,0.27519770000000005,3.94e-05,19.86405,0.02630364,0.0669286,18.37047,0.01149467,0.04630089,71477.36904066043,3.222835398989828e-16,1.1452641130536756
GALAXY,0.449724,0.00014235799999999998,22.16936,0.09390936,0.07615934,20.40895,0.03189094,0.05268668,106483.95666269073,3.8557966813267425e-17,3.3110645863538752
GALAXY,0.527235,0.000171498,21.46121,0.1180915,0.2603821,20.15263,0.06747925,0.18013110000000002,119869.12783451908,7.402426863175172e-17,2.3896684638206245
GALAXY,0.4738346,0.000114022,21.94268,0.1243643,0.1395096,20.43604,0.05321686,0.09651208,110779.4376264528,4.751011976495603e-17,2.9828516342413867
GALAXY,0.4511932,0.000124062,21.82224,0.1257856,0.2220311,20.061870000000006,0.04803864,0.1536001,106749.2162624491,5.3083814784807473e-17,2.8219132080398377
GALAXY,0.6625901,0.00015787,21.97939,0.1314665,0.07699103,20.74236,0.08251294,0.05326204,140506.5577630566,4.593060068515886e-17,3.033707130058103
GALAXY,0.4970433,0.000149149,22.36085,0.1384596,0.09295636,20.52378,0.04588523,0.06430678,114800.39742706451,3.232348102056988e-17,3.616309999721255
GALAXY,0.2593153,5.4299999999999985e-05,20.40882,0.03755775,0.1335438,18.76856,0.01497108,0.09238501,67923.20281698632,1.9513273207747343e-16,1.4718367830095729
GALAXY,0.4026095,8.89e-05,21.36593,0.09715291,0.28398470000000003,19.51255,0.03004216,0.1964593,97729.23337318118,8.081391103526568e-17,2.28708155972044
GALAXY,0.5647661999999999,0.000152981,22.12048,0.2665931,0.1003355,20.46325,0.10064,0.06941164,125923.79401286998,4.033351996779789e-17,3.237364889254925
GALAXY,0.5298725000000001,0.00017654400000000002,22.08606,0.17887979999999998,0.08112501,20.39587,0.06117817,0.05612191,120303.41590596721,4.163265668540588e-17,3.1864539922231683
GALAXY,0.9025077,6.840000000000001e-05,23.28413,0.2823064,0.08574955,22.2706,0.1746269,0.05932114,169999.12494793712,1.3810395792158157e-17,5.532502925894211
GALAXY,0.5737098,0.000214584,22.69966,0.2958944000000001,0.1522786,20.7506,0.07733954,0.1053456,127327.5850026214,2.3658876933878015e-17,4.226955271617053
GALAXY,0.1002052,2.44e-05,19.0467,0.01365483,0.1001593,18.11455,0.008757224000000001,0.06928976,28542.479950961148,6.84192210107481e-16,0.7860237204470255
GALAXY,0.4981118,0.000214037,22.74972,0.3206605,0.13712470000000002,21.18645,0.1088556,0.09486224,114982.87971208592,2.2592803506486944e-17,4.325533225378608
GALAXY,0.1883406,5.8e-05,20.58163,0.04052319,0.2953975,19.36265,0.02263187,0.2043546,51224.13702523156,1.6642023280310002e-16,1.5937553376542064
GALAXY,0.4949461,0.000105837,21.60093,0.1535362,0.2337667,19.90124,0.04836123,0.16171870000000002,114441.56061976663,6.50857816967816e-17,2.5484824798749486
GALAXY,0.5322993,7.62e-05,23.75444,0.5615137,0.1992961,22.18734,0.2403022,0.1378721,120701.81988207328,8.955340952772198e-18,6.8704257785690634
GALAXY,0.5065594,0.000104489,22.17593,0.1813422,0.6414602,20.04832,0.04424412,0.4437592000000001,116417.52337803172,3.832534960600904e-17,3.3210977032407514
GALAXY,0.3933151,9.49e-05,21.51643,0.08943315,0.13720420000000005,19.66031,0.02899549,0.09491725,95944.01729756226,7.035356759717355e-17,2.4512163923503647
GALAXY,0.02796139,1.6899999999999994e-05,20.58325,0.03204339,0.1120339,20.60149,0.04522811,0.07750456,8265.46362046209,1.6617210646850004e-16,1.5949447826438459
GALAXY,0.4985134,0.000282181,22.169220000000006,0.1128053,0.2450299,20.35159,0.03741872,0.1695106,115051.40696447335,3.856293898180545e-17,3.3108511210124325
GALAXY,0.3109122,5.47e-05,20.39788,0.04636584,0.1092415,18.76534,0.01945248,0.07557274,79234.4495424299,1.971088504886764e-16,1.4644402343626328
GALAXY,0.2591889,5.91e-05,21.3374,0.07824095,0.1719385,19.44366,0.028360900000000005,0.1189463,67894.65460870227,8.296561277782591e-17,2.257229161110755
GALAXY,0.07393008,1.7800000000000002e-05,17.267210000000002,0.006454626999999999,0.1301279,16.33804,0.005014521,0.09002186,21346.47860295238,3.5234987779155116e-15,0.3463679125646099
GALAXY,0.5153309,0.000233743,21.68268,0.16933470000000006,0.1960563,20.33886,0.08617351,0.1356308,117892.12709701594,6.036512790870955e-17,2.646254760334505
GALAXY,0.5916173000000001,0.000142129,23.86798,0.5219347,0.3172638,20.98201,0.08705433,0.21948160000000005,130094.40163876771,8.066146865167027e-18,7.239217953620253
GALAXY,0.3932916,7.170000000000001e-05,21.30594,0.05743737,0.1747183,19.52843,0.02088925,0.1208693,95939.47874575411,8.540476955948353e-17,2.224762483155825
GALAXY,0.3635516,8.55e-05,21.14432,0.06085372,0.1241885,19.2672,0.02089752,0.08591302,90094.07552355724,9.91128866753896e-17,2.0651882825166816
GALAXY,0.5891177,0.000115052,22.6226,0.132775,0.361396,21.07628,0.05633635,0.2500121,129711.68318888929,2.5399088142056718e-17,4.07958186250889
GALAXY,0.534978,0.00013869200000000002,22.93219,0.2326324,0.4218739,21.12983,0.08155651,0.2918504,121140.25736292607,1.9097746539844356e-17,4.704718598769117
GALAXY,0.6032576999999999,0.000118798,21.01309,0.07304922,0.1188896,20.0365,0.04774822,0.08224725,131861.97513749165,1.1184642966347757e-16,1.9440778506751442
GALAXY,0.5998375,0.000227192,22.58175,0.1498257,0.1991009,20.92172,0.04953237,0.1377371,131345.12536940858,2.6372914402437633e-17,4.0035536462371475
GALAXY,0.28891550000000005,4.31e-05,19.93903,0.02881194,0.183304,18.29648,0.01142072,0.1268089,74494.97080330759,3.0077804017202476e-16,1.185500256495327
GALAXY,0.544534,0.00018449,22.31667,0.1302335,0.2467107,20.70664,0.05004411,0.1706733,122693.11861969926,3.366589194793512e-17,3.5434772781475337
GALAXY,0.7878398,0.000132634,22.658520000000006,0.1275014,0.09862272,21.26691,0.05604819,0.06822674,156910.6931366377,2.4572544215458412e-17,4.1476266114646165
GALAXY,0.5862724,0.000160237,22.3438,0.1341862,0.107058,20.88815,0.05634616,0.0740622,129274.66513373292,3.28350835122773e-17,3.5880265853955104
GALAXY,0.5943153,0.000193333,23.7975,0.6447881,0.13415120000000005,21.29317,0.120597,0.09280519,130506.23953099595,8.607125297230315e-18,7.008025158783507
GALAXY,0.4040131,0.000154252,21.70076,0.1098832,0.06707506,20.21215,0.04532317,0.04640221,97997.13481758385,5.936823329553149e-17,2.668379848870621
GALAXY,0.5656102,0.000138655,22.86543,0.2559653,0.203233,21.00303,0.07839419,0.14059570000000002,126056.90022928636,2.0308887095624397e-17,4.562277023311131
GALAXY,0.19360120000000006,3.58e-05,19.17521,0.01697675,0.3036084000000001,17.8531,0.01007377,0.2100349,52508.70499823861,6.078187949697107e-16,0.8339454668240509
GALAXY,0.09345425,1.36e-05,17.09135,0.005224399,0.07420845,16.090310000000002,0.003906353,0.05133706,26712.938549109957,4.143030449641282e-15,0.3194226087502948
GALAXY,0.6312509,0.00020112,22.7268,0.2231491,0.1430645,21.21045,0.1166237,0.09897136,136015.2731770342,2.3074809548876698e-17,4.280117111943435
GALAXY,0.3140151,7.59e-05,20.74674,0.05487898,0.1959467,19.05928,0.0205545,0.135555,79893.29078373915,1.4294274743136546e-16,1.7196642082016589
GALAXY,0.3612786,5e-05,20.54905,0.03788387,0.2852318,18.79845,0.0144756,0.197322,89638.85681942677,1.7148973340598782e-16,1.570021690028249
GALAXY,0.5955324000000001,0.0002979,23.01814,0.2599631,0.1728142,21.24504,0.08052360000000001,0.1195521,130691.5982124487,1.7644206226839117e-17,4.894672653117168
GALAXY,0.4464299,0.00016611599999999998,22.03558,0.115119,0.1814,20.19749,0.03940306,0.1254916,105887.54313171406,4.3614020683780126e-17,3.1132331935013835
GALAXY,0.6956503,0.000210881,22.71354,0.2959382,0.10675510000000002,20.8836,0.1334891,0.07385271,145070.04789779958,2.33583480429107e-17,4.254060404584133
GALAXY,0.2038846,3.16e-05,19.31781,0.01693104,0.09201777,17.96494,0.009174193,0.06365747,54997.78933931989,5.330084881381663e-16,0.8905486554371811
GALAXY,0.1742479,2.67e-05,18.48854,0.01131274,0.1057371,17.28415,0.006532426,0.07314842,47745.09616970136,1.144042412685409e-15,0.6078601211251556
GALAXY,0.7364951999999999,0.000138143,23.11751,0.258349,0.3067904,21.27979,0.08384458,0.2122362,150471.6955258234,1.6101047276610793e-17,5.123864687836261
GALAXY,0.3734295,6.34e-05,21.40364,0.06947710000000001,0.5172164,19.45496,0.0235836,0.3578079,92058.28925175163,7.80552511060569e-17,2.327146114994153
GALAXY,0.6034354000000001,0.00017214299999999998,23.05709,0.29247470000000003,0.279281,21.37369,0.1014336,0.1932053,131888.77199664677,1.7022452273471904e-17,4.983261208713371
GALAXY,0.5226528,0.00013594,22.44032,0.152793,0.263256,20.77344,0.05264131,0.1821193,119111.41039004446,3.004208877981561e-17,3.7511087251922928
GALAXY,0.5288595,0.00014515899999999998,22.07521,0.13146529999999998,0.09208613,20.37753,0.04873535,0.06370476,120136.77597749587,4.205078670666693e-17,3.1705722359610586
GALAXY,0.5916825,0.000177148,22.96372,0.2045234,0.08535821,21.10177,0.06832017,0.05905041,130104.36951563838,1.8551119593784208e-17,4.773529955780046
GALAXY,0.6470098000000001,0.000265834,23.68988,0.4646281,0.1156855,21.7155,0.13123010000000002,0.08003072,138294.24942793677,9.503993381611347e-18,6.669167917163192
GALAXY,0.4579215999999999,0.000135683,22.04375,0.1476431,0.0954302,20.87541,0.07512935,0.06601817,107958.15096150254,4.328706349816455e-17,3.1249685597852928
GALAXY,0.4789612,0.000274076,22.53353,0.1647666,0.1870243,21.30253,0.07613171,0.1293825,111677.13106904767,2.7570594143169583e-17,3.9156300454273234
GALAXY,0.5714278,0.000120879,22.18624,0.1753019,0.1137168,20.57494,0.06022782,0.07866874,126970.80261642575,3.796313988461686e-17,3.3369035369998623
GALAXY,0.486349,0.00014195,21.68993,0.1096799,0.1444024,20.08605,0.04045984,0.09989692,112961.25856815456,5.996338278077672e-17,2.655104704789292
GALAXY,0.2928002,4.96e-05,20.25817,0.03556801,0.2666103,18.62338,0.01336304,0.1844398,75340.8226945333,2.2417652107604676e-16,1.3731869019288176
GALAXY,0.5777833,0.000237115,22.50249,0.3684571,0.177109,20.9868,0.08168466,0.1225232,127962.08841167034,2.8370182216785386e-17,3.860056417802987
GALAXY,0.5810986,0.000104676,22.58565,0.196135,0.2004701,20.74022,0.06287855,0.13868429999999998,128476.25504378257,2.627835196767797e-17,4.010750555082605
GALAXY,0.5198275,0.000175695,21.91793,0.1240788,0.09542627,20.30582,0.04840592,0.06601545,118642.17228846242,4.8605579481015674e-17,2.949046715938488
GALAXY,0.54655,0.000184403,23.12848,0.4876124,0.2326069,21.50215,0.1629277,0.1609164,123018.49488953104,1.5939185508511164e-17,5.149815289179674
GALAXY,0.7222484,7.01e-05,21.68622,0.1086157,0.2897969,21.04658,0.1080923,0.2004801,148616.5076219846,6.016863030449974e-17,2.6505722832049767
GALAXY,0.4712524,0.00011407,21.7142,0.103484,0.1127937,20.08008,0.03966954,0.07803018,110325.22087061546,5.863786174739195e-17,2.6849465981068747
GALAXY,0.6056414000000001,0.000157998,22.71152,0.27561230000000003,0.1931096,20.77599,0.08482684,0.1335924,132220.9686708844,2.3401846438373947e-17,4.250104928875673
GALAXY,0.5608309,0.000212203,24.31175,0.7118638,1.178072,21.68521,0.1404691,0.8149850000000001,125301.41549133211,5.359917748461496e-18,8.880668364561355
GALAXY,0.6739086999999999,0.000165387,23.86885,0.3944503,0.1435921,21.75731,0.1204545,0.09933633,142088.7246665735,8.059686053679302e-18,7.242118925988466
GALAXY,0.3067547,5.3799999999999986e-05,21.421570000000006,0.09284513,0.2293389,19.49244,0.02966961,0.1586556,78347.93940327683,7.67768208811854e-17,2.34644107398858
GALAXY,0.1594718,2.64e-05,18.0587,0.008836493,0.2610259,16.753629999999998,0.005273477,0.1805765,44037.74594000504,1.6997228984173598e-15,0.49869573300736475
GALAXY,0.4874246,0.000164695,21.29868,0.08411106,0.2636685,19.58459,0.02972573,0.1824046,113147.28478829355,8.597775981336942e-17,2.2173367359648974
GALAXY,0.5445501,0.000106927,22.45772,0.1902099,0.2353578,20.358970000000006,0.04572591,0.1628194,122695.72017110688,2.956447186269388e-17,3.7812870929640336
GALAXY,0.5945045999999999,0.000156921,23.09417,0.3350303,0.1806158,21.0171,0.077199,0.1249492,130535.08642794662,1.6450917529739405e-17,5.06908591751751
GALAXY,0.4987389,0.00013142,22.56261,0.1897252,0.13205989999999998,20.70727,0.05238078,0.09135842,115089.87106119399,2.684195384191671e-17,3.9684202061347364
GALAXY,0.6291385,0.00019393,22.18205,0.1263844,0.08808188,20.91855,0.06240343,0.06093464,135706.58533438144,3.810992773065333e-17,3.330470968391714
GALAXY,0.5500563,0.000212287,22.60595,0.1749334,0.17533510000000002,21.19733,0.07311463,0.121296,123582.56482474259,2.5791590525748555e-17,4.048420844425979
GALAXY,0.5666066999999999,0.000122427,23.17887,0.266256,0.3175367,21.07529,0.06361676,0.2196704,126213.88707171258,1.5216337247906353e-17,5.270716441257198
GALAXY,0.5848042,0.0001835,22.18319,0.1360256,0.125021,20.95518,0.08054532,0.08648896,129048.588292451,3.8069934114273947e-17,3.3322198893934583
GALAXY,0.7254781,1.7199999999999998e-05,22.01924,0.07377805,0.05962097,21.75859,0.07861230000000001,0.04124551,149039.7528919155,4.427536245769523e-17,3.0898945068324384
GALAXY,0.134105,1.4499999999999997e-05,19.20828,0.01814208,0.09418505,18.54287,0.01482648,0.06515678,37529.11709731241,5.895845918723333e-16,0.8467430726200454
GALAXY,0.1689069,2.75e-05,18.76152,0.011001,0.1456502,17.50834,0.006396656999999999,0.1007601,46412.102898966936,8.897133870191832e-16,0.6892863088485537
GALAXY,0.5673916,0.000156838,22.32745,0.1465803,0.3561095,20.45616,0.04382026,0.2463549,126337.40939186852,3.3333285740698424e-17,3.5611121595560395
GALAXY,0.263046,4.5e-05,19.66824,0.02747104,0.1215495,18.12499,0.01166767,0.08408736,68763.93117941871,3.859776211914519e-16,1.046510649775535
GALAXY,0.2655389,5.22e-05,19.94188,0.02631317,0.1380377,18.378770000000006,0.01109325,0.09549381,69323.700854996,2.999895490824116e-16,1.1870572156801218
GALAXY,0.7276083000000001,0.000271666,23.0986,0.450985,0.06348342,21.94878,0.2545878,0.04391753,149318.04756345603,1.6383931562501706e-17,5.079437866861893
GALAXY,0.5145949000000001,0.00010608,21.15571,0.06966817,0.06182396,19.54178,0.02634074,0.04276953,117768.98118383663,9.80785700136319e-17,2.076049251128479
GALAXY,0.4287744000000001,7.77e-05,20.86096,0.06465544,0.1361049,19.14549,0.02656722,0.09415671,102651.12566485537,1.2866905911087946e-16,1.8125402199913698
GALAXY,0.5517129,0.00017309400000000002,21.93133,0.2160705,0.2228223,20.43334,0.10569080000000003,0.1541474,123848.25878275644,4.8009383066427734e-17,2.967301337084675
GALAXY,0.7181721,0.000193865,23.43239,0.5903161,0.2008215,21.11457,0.1302096,0.13892739999999998,148080.05575668527,1.2047643979887428e-17,5.923435342764304
GALAXY,0.4687252000000001,0.000179188,22.56846,0.154333,0.189857,20.89464,0.07334738,0.1313422,109879.33672583404,2.6697717002736437e-17,3.9791256415078373
GALAXY,0.1390622,1.96e-05,17.9635,0.007995221,0.08016155,16.869889999999998,0.005434356,0.05545539,38815.46055733048,1.8554878941411128e-15,0.47730463560857644
GALAXY,0.5938645,0.000175799,22.20494,0.2085419,0.08871551,20.78135,0.0940909,0.06137298,130437.51757868862,3.73148865197963e-17,3.3657639329541182
GALAXY,0.6374477,0.000124322,21.8465,0.148323,0.1640277,20.47481,0.07545152,0.1134736,136916.43382660233,5.19108482106706e-17,2.8536167943069213
GALAXY,0.5725220999999999,0.000141147,22.15855,0.15321010000000002,0.09270293,20.24065,0.04479492,0.06413146,127142.01184998835,3.8943781977201307e-17,3.2946224411568394
GALAXY,0.7620033,0.000142142,21.987820000000006,0.1169382,0.06684735,21.58371,0.1310846,0.04624469,153718.1048355011,4.557536182266539e-17,3.045507352224775
GALAXY,0.4009334000000001,0.000101987,21.31919,0.1341248,0.1761024,19.40584,0.03130133,0.1218269,97408.73983074384,8.436884917634992e-17,2.238379152409519
GALAXY,0.261746,4.23e-05,19.66448,0.02592274,0.10642830000000003,18.13648,0.01153052,0.07362659,68471.38187357856,3.873166128366214e-16,1.0447001384918493
GALAXY,0.206308,3.43e-05,19.23356,0.02131447,0.2031294,17.830779999999994,0.010221700000000002,0.140524,55580.15485178814,5.760154405720256e-16,0.856658349787694
GALAXY,0.2998572,3.91e-05,19.86281,0.03348156,0.1762513,18.34098,0.01381359,0.1219298,76867.67027905631,3.2265182446081854e-16,1.1446103068641322
GALAXY,0.4641382000000001,6.15e-05,21.62955,0.1092685,0.1084753,20.32178,0.04919208,0.07504272,109066.62905265034,6.339253589186169e-17,2.582293798587173
GALAXY,0.2593377,4.02e-05,18.98716,0.02059239,0.2274924,17.53161,0.009283707,0.15737820000000002,67928.26155882158,7.227600266027135e-16,0.7647643807551703
GALAXY,0.6125366999999999,0.000143158,22.57393,0.2955237,0.108496,20.920720000000006,0.09772091,0.07505702,133253.79605275553,2.6563550657084282e-17,3.9891618061626337
GALAXY,0.1403864,2.18e-05,17.58355,0.009156577,0.1093306,16.54116,0.005789912,0.07563438,39157.886720757786,2.6329227992163003e-15,0.4006873690350302
GALAXY,0.4944911,0.000126041,22.35186,0.1540921,0.1048095,20.67345,0.05249348,0.07250672,114363.59158300591,3.259223365964744e-17,3.601369251796755
GALAXY,0.1994151,4.620000000000001e-05,19.51399,0.02405592,0.3455379,18.03686,0.01203308,0.2390415,53919.515997556366,4.448997126044535e-16,0.974750916672827
GALAXY,0.197903,1.6899999999999994e-05,19.48424,0.01737,0.1113233,18.55582,0.01133188,0.07701296,53553.4806591533,4.572588557240466e-16,0.9614875216844647
GALAXY,0.3812074,9.18e-05,20.72218,0.04760797,0.09144983,19.09473,0.01826473,0.06326457,93588.9537007035,1.4621304617127977e-16,1.7003238722403526
GALAXY,0.2537273,3.2200000000000003e-05,19.54565,0.02223123,0.20853920000000006,18.15756,0.01246259,0.1442665,66657.13550756343,4.3211378908339574e-16,0.9890668640668111
GALAXY,0.4072452,0.000138966,21.5113,0.08556711,0.163985,19.78616,0.03285414,0.1134441,98612.3555509372,7.068676804338031e-17,2.4454323454907554
GALAXY,0.4222955,1.6899999999999994e-05,22.37134,0.1438221,0.2733027,21.00213,0.06969484,0.1890696,101446.47942253784,3.2012686765364775e-17,3.633822019825021
GALAXY,0.1546864,1.92e-05,18.47208,0.01103337,0.1858589,17.31973,0.007076988,0.1285763,42823.89816680313,1.1615184834682965e-15,0.6032698936593649
GALAXY,0.2697536,3.27e-05,19.69644,0.02255615,0.2112931,18.09178,0.009490311,0.1461716,70266.43239432163,3.7608163408294095e-16,1.060189874894825
GALAXY,0.5391005999999999,0.000107934,22.10048,0.1918031,0.2113647,20.52626,0.08193773,0.1462211,121812.32867283613,4.1083376089107957e-17,3.2076845495480066
GALAXY,0.5182311,0.000121281,22.30916,0.13313570000000002,0.2425715,20.61305,0.04935522,0.16780989999999998,118376.34347570835,3.389956498761303e-17,3.531243390433983
GALAXY,0.5797094,0.000150173,23.0618,0.1918588,0.1791318,21.59208,0.08081651,0.1239226,128261.04908765233,1.6948767618734142e-17,4.994081808362795
GALAXY,0.0756188,1.25e-05,17.72397,0.007781161999999999,0.1515513,16.90784,0.005541241,0.1048425,21815.081184893443,2.313503310045636e-15,0.42745426262795944
GALAXY,0.2342984,3.19e-05,19.5208,0.0208377,0.09801171,18.02887,0.009729377,0.06780405,62191.234125421994,4.4211792716850655e-16,0.977812651868093
GALAXY,0.6565035,6.790000000000001e-05,21.71608,0.08729351,0.3558722,20.75028,0.054516599999999985,0.2461907,139647.07868403255,5.853641556491104e-17,2.6872721562357884
GALAXY,0.5206185000000001,8.740000000000001e-05,22.13375,0.09427699,0.1575316,20.39555,0.03405358,0.1089796,118773.70254811287,3.9843559059338095e-17,3.2572091961702943
GALAXY,0.08061634,5.35e-06,19.83372,0.020617700000000003,0.14908020000000002,19.43408,0.01989974,0.103133,23196.91662584306,3.3141344653889823e-16,1.1293788548918346
GALAXY,0.3775401,7.859999999999999e-05,21.18054,0.06329112,0.2205154,19.3314,0.02210363,0.1525515,92868.98520571481,9.586103753776983e-17,2.0999243633836278
GALAXY,0.4373551,8.98e-05,21.64043,0.08851183,0.1947339,20.33384,0.04819779,0.134716,104232.46664467349,6.276046103104207e-17,2.595264656032058
GALAXY,0.3863303,6.51e-05,21.07219,0.05698772,0.1666316,19.30917,0.0217742,0.115275,94589.50273726914,1.0592101290550644e-16,1.997715559899451
GALAXY,0.4729350000000001,8.209999999999999e-05,21.13338,0.06878952,0.4072208,19.64906,0.02844453,0.2817135,110621.35233898765,1.0011660756865886e-16,2.0548099132755597
GALAXY,0.3340847,6.02e-05,20.94058,0.06143608,0.215019,19.1318,0.02396095,0.1487491,84097.5154279703,1.1957107264057971e-16,1.880232920144213
GALAXY,0.3494348,5.59e-05,20.82765,0.05658457,0.1540411,19.02381,0.02034554,0.1065649,87247.12557085115,1.3267775831737145e-16,1.7849483441316232
GALAXY,0.8961345,0.000132287,22.37486,0.1008403,0.1178133,21.34888,0.07420553,0.08150268,169315.33613570023,3.190906841857855e-17,3.6397172945400014
GALAXY,0.3462003,7.64e-05,20.58226,0.04365467,0.09450166,18.87792,0.01768045,0.06537581,86588.15640394585,1.6632369523354009e-16,1.5942177941538027
GALAXY,0.45505,0.000116311,21.64574,0.07085621,0.09654482,19.98698,0.02943687,0.06678925,107443.36592462995,6.24542683826845e-17,2.6016187402382798
GALAXY,0.582491,0.000202302,21.67673,0.17639129999999995,0.2399265,20.61399,0.113836,0.16598,128691.60464451811,6.069684611963225e-17,2.63901374548296
GALAXY,0.3680751,7.49e-05,20.66454,0.06640491,0.1615043,18.95158,0.02510773,0.1117279,90996.3997569,1.5418500003133243e-16,1.655783888026417
GALAXY,0.664362,0.000228479,22.48162,0.26609540000000004,0.2439265,21.03019,0.1321124,0.1687472,140755.62128265432,2.892078821766593e-17,3.8231351625993146
GALAXY,0.584689,0.000153749,22.41212,0.1517432,0.2119723,20.65867,0.05153277,0.1466414,129030.83303378333,3.083259832969763e-17,3.702709601682526
GALAXY,0.5079600000000001,0.000188818,22.0818,0.117235,0.1378743,20.43425,0.04422623,0.09538079,116654.00697103095,4.179632766544192e-17,3.1802089266131337
GALAXY,0.1094047,2.62e-05,18.98308,0.01340893,0.3337966,17.71226,0.007773585,0.230919,31014.164462943776,7.254811373890551e-16,0.763328806822982
GALAXY,0.3851714000000001,7.68e-05,20.28864,0.05542254,0.09157453,18.75086,0.02032681,0.06335083,94363.68643385447,2.1797271075245207e-16,1.3925912186120806
GALAXY,0.5551964,0.000176733,22.05772,0.15078699999999998,0.337429,20.68539,0.06712636,0.2334318,124405.27328343896,4.273366343143668e-17,3.14513761206562
GALAXY,0.9666443,8.36e-05,21.96483,0.12500619999999998,0.2333853,21.6055,0.14283929999999995,0.16145479999999998,176615.9738155203,4.655069026646025e-17,3.0134337797288553
GALAXY,0.5345723000000001,0.000190516,22.57916,0.2661676,0.3790893,20.78678,0.08396821,0.2622522,121073.94309483159,2.6435901510980412e-17,3.9987812980006217
GALAXY,0.7523586999999999,7.670000000000001e-05,24.26086,0.9062464,0.16768550000000002,21.91287,0.1826867,0.1160041,152501.83739696525,5.617125474685383e-18,8.674963422301591
GALAXY,0.275704,5.400000000000001e-05,20.28007,0.03561904,0.3110139,18.68454,0.01467254,0.215158,71589.59844254832,2.197000345427784e-16,1.3871060063218845
GALAXY,0.6587611,0.000188866,22.200570000000006,0.15954129999999994,0.1076034,20.87692,0.07629103,0.07443951,139966.5824627064,3.746537856188259e-17,3.3589972808756765
GALAXY,0.5273014,0.000122642,22.59442,0.1247733,0.2303344,20.85518,0.04822087,0.1593443,119880.07776131338,2.606694437579452e-17,4.026981665237741
GALAXY,0.16596470000000002,2.7300000000000006e-05,18.25858,0.01132136,0.09030206,17.36725,0.007914806,0.06247054,45674.38045412172,1.4139241918583667e-15,0.5467787808052241
GALAXY,0.580108,0.00013879700000000002,22.1047,0.1360192,0.12702919999999998,20.51547,0.0545635,0.08787823,128322.83357300256,4.092400463705759e-17,3.213924366590685
GALAXY,0.3642049000000001,6.1e-05,19.80751,0.04001441,0.2450109,17.92301,0.01388271,0.1694974,90224.6887416923,3.395112153086837e-16,1.1158290202916272
GALAXY,0.5919533,0.000145755,21.47309,0.08930603,0.1454905,20.34417,0.06863187,0.1006496,130145.76167707631,7.321871879798274e-17,2.4027780299582773
GALAXY,0.507285,0.000169599,22.69145,0.1779374,0.1552976,20.93394,0.07099785,0.10743410000000002,116540.08569984676,2.3838456119212738e-17,4.211003983758228
GALAXY,0.5247385999999999,0.000112715,22.72411,0.2133539,0.1834863,20.93713,0.07509563,0.1269349,119456.82789573785,2.3132050151367077e-17,4.274818225111417
GALAXY,0.447118,8.22e-05,21.51993,0.08034069999999999,0.16701029999999994,19.76957,0.03146164,0.1155369,106012.31871716732,7.012713964561002e-17,2.4551704721334384
GALAXY,0.5475262,0.000112629,21.5149,0.1026056,0.15984600000000002,19.57372,0.0294651,0.1105807,123175.77330918652,7.045277847035284e-17,2.4494898955555082
GALAXY,0.485349,0.000110763,22.01325,0.1028205,0.2397365,20.24158,0.03806295,0.1658486,112788.0955633894,4.4520304411885824e-17,3.0813827874593644
GALAXY,0.3577733,5.39e-05,20.37739,0.0278897,0.2129152,18.58045,0.01098232,0.1472937,88934.45752567868,2.0086400843275132e-16,1.4506867763408005
GALAXY,0.5170839,0.000221594,23.08326,0.207865,0.2324141,21.43592,0.07795967,0.16078299999999998,118185.0052528001,1.6617057597388714e-17,5.043681482314856
GALAXY,0.4922062,0.000163965,21.95521,0.1130463,0.2206083,20.67633,0.06445719,0.1526158,113971.41655019668,4.6964978212935885e-17,3.0001132724609807
GALAXY,0.4328851,0.000128111,21.18754,0.0789207,0.4371939,19.87786,0.03903825,0.3024487,103410.68534819147,9.524498663628875e-17,2.1067046423803664
GALAXY,0.38246,7.87e-05,20.69219,0.0601764,0.2987809,18.90337,0.02363993,0.2066953,93834.15503590116,1.5030801006848544e-16,1.6770022769827884
GALAXY,0.1033057,1.42e-05,17.28244,0.005467733000000001,0.2247237,16.21777,0.0037558,0.15546279999999998,29378.266604436114,3.4744184710770815e-15,0.34880576340662706
GALAXY,0.30532659999999995,4.68e-05,20.24614,0.03464837,0.3401037,18.5724,0.01557652,0.2352821,78042.43095329846,2.2667421751189925e-16,1.3656004533349588
GALAXY,0.6214114000000001,0.00017784099999999998,22.67756,0.21057670000000006,0.1498826,20.78299,0.07073667,0.1036881,134570.89326403508,2.4145384474789158e-17,4.18415391990913
GALAXY,0.5670196,0.00013107,22.4016,0.17796679999999998,0.09985372,20.54792,0.06177416,0.06907834,126278.88072658371,3.113279594908565e-17,3.6848146923967606
GALAXY,0.5267878,0.00015638299999999998,22.411720000000006,0.1866466,0.1032248,20.77387,0.07801579,0.07141041,119795.35841618058,3.084395957139402e-17,3.7020276001845076
GALAXY,0.562126,0.000142505,21.07553,0.08671784,0.28838709999999995,20.0634,0.06445316,0.1995048,125506.55720925945,1.0559567366889575e-16,2.000790664169002
GALAXY,0.2608818,5.41e-05,19.39808,0.02743988,0.3110588,17.74767,0.01187973,0.2151891,68276.66097077318,4.950238519104646e-16,0.9240844288252154
GALAXY,0.3282894,5.2e-05,20.63713,0.04755057,0.1601197,18.95871,0.01906634,0.1107701,82893.61240045408,1.581270341036727e-16,1.6350146647378083
GALAXY,0.5002948,0.000145333,21.44244,0.09532414,0.2717248,20.06021,0.05104357,0.187978,115354.98616277157,7.531511181615132e-17,2.369101415835917
GALAXY,0.1118319,1.8100000000000006e-05,17.939020000000006,0.007651449,0.4627149,16.75814,0.005061158,0.320104,31662.186426947974,1.8977986143396824e-15,0.47195397937039973
GALAXY,0.7097788,0.000262781,23.33129,0.5349409,0.2508953,21.76212,0.2228973,0.1735682,146967.47361266328,1.3223369245063866e-17,5.6539719852025305
GALAXY,0.4960914000000001,0.000133995,22.05518,0.1352132,0.2699747,20.40681,0.05356039,0.1867673,114637.63468044983,4.283375272428685e-17,3.141460853794894
GALAXY,0.6499658,0.00016068700000000002,23.18525,0.3833795,0.256812,21.11889,0.11040819999999997,0.1776613,138717.07995332003,1.5127185244133478e-17,5.286225097565855
GALAXY,0.6507939,0.00017721599999999998,22.21925,0.1304645,0.08456198,20.62198,0.04484022,0.05849959,138835.27125788495,3.682630326040033e-17,3.388017557485897
GALAXY,0.9247146,0.000128969,23.22794,0.30607729999999994,0.07852823,22.77859,0.2471877,0.05432547,172343.93739351892,1.4543941707018896e-17,5.39117776605613
GALAXY,1.045819,0.000120401,22.7905,0.1744433,0.09022988,22.87643,0.33073470000000005,0.06242062,184162.4655746482,2.1759961629055235e-17,4.407533808377691
GALAXY,0.4968179,0.000158282,22.21343,0.14382070000000002,0.08660962,20.79549,0.07340836,0.05991613,114761.8734171584,3.702423767447689e-17,3.3789491202550694
GALAXY,0.004919682,8.22e-06,21.83996,0.07824905,0.0903949,21.98283,0.118694,0.06253477,1471.255623997822,5.222448009700737e-17,2.845035253952
GALAXY,0.4773536,0.000139908,22.24678,0.1811879,0.1455474,20.39035,0.04995843,0.100689,111396.21641644207,3.5904271988924694e-17,3.4312443943009794
GALAXY,0.6878206,0.00013414,21.99854,0.1049968,0.202313,21.16446,0.07661644,0.1399592,144005.0655752728,4.5127588356757876e-17,3.060579410444054
GALAXY,0.448819,0.000133234,22.56657,0.268314,0.3305962,20.92952,0.0972376,0.2287049,106320.33267053479,2.6744231642753023e-17,3.9756638081810705
GALAXY,0.9606898,0.000297136,23.30263,0.3977582,0.1532321,22.18056,0.22160610000000006,0.1060053,176021.3538070353,1.3577072128376068e-17,5.579838797520749
GALAXY,0.4776272,0.000273041,21.73114,0.25496230000000003,0.5096724,20.0991,0.08672155,0.352589,111444.06336163884,5.773007546403499e-17,2.7059742047349085
GALAXY,0.6852895999999999,5.7200000000000015e-05,22.00653,0.1238502,0.4595485,20.98522,0.07935803,0.3179136,143658.72687504836,4.4796710606238203e-17,3.0718616511452184
GALAXY,0.3359287,5.62e-05,20.10169,0.03233809,0.2078337,18.26139,0.01196271,0.1437784,84478.8753487368,2.5892985325747413e-16,1.277713996659076
GALAXY,0.5958177,0.0002594,23.30473,0.2975338,0.07142663,21.48765,0.09549516,0.04941261,130735.00979801134,1.3550837122388119e-17,5.5852375901749705
GALAXY,0.2311803,3.04e-05,18.99685,0.02107599,0.128377,17.568089999999998,0.01045247,0.08881060000000003,61465.19002063728,7.16338222938136e-16,0.7681846986613363
GALAXY,0.4193198,0.000201076,22.15089,0.1653636,0.3456526,20.4517,0.06170068,0.2391209,100890.10513770497,3.921950655194125e-17,3.283020936159165
GALAXY,0.3493472,6.74e-05,21.38077,0.08465751,0.15347170000000002,19.48499,0.02851373,0.106171,87229.31159929342,7.971684925120103e-17,2.302765171470122
GALAXY,0.5588185999999999,0.000165789,22.07299,0.1665949,0.186512,20.27487,0.07141677,0.1290281,124982.04980255295,4.213685572613377e-17,3.167332464838799
GALAXY,0.602438,0.000214579,23.32226,0.3426422,0.2576879,21.33515,0.113261,0.1782673,131738.29346566534,1.3333805789030695e-17,5.630508938779816
GALAXY,0.3423949,0.000137755,22.5085,0.179975,0.2473495,20.55677,0.06354704,0.17111529999999994,85809.67214723189,2.82135753388481e-17,3.8707547221167373
GALAXY,0.4817209,9.76e-05,22.31217,0.1469162,0.2015478,20.42399,0.049382,0.13942979999999994,112158.12482967008,3.380571495240091e-17,3.5361416395300354
GALAXY,0.4871970000000001,8.89e-05,21.80203,0.09962942,0.1943652,20.32468,0.05013278,0.1344609,113107.94080286895,5.4081175800109427e-17,2.7957713641049087
GALAXY,0.4064359,0.000124998,21.286620000000006,0.07416103,0.2122199,19.3536,0.02433874,0.14681270000000002,98458.52743804561,8.693809611445489e-17,2.2050561468029692
GALAXY,0.5838035,0.000252282,23.09043,0.4044098,0.266755,20.8146,0.09057664,0.1845399,128894.27467914904,1.6507683180654664e-17,5.060362774507039
GALAXY,0.5334414000000001,0.000140959,23.05033,0.2847891,0.1652833,21.12401,0.07766861,0.1143422,120888.92284230348,1.7128767924428048e-17,4.967771965185912
GALAXY,0.4804789,0.000132963,22.40614,0.1588924,0.1173557,20.76511,0.05946833,0.08118611,111941.84791595367,3.1002886131041e-17,3.6925267678258793
GALAXY,0.6880076999999999,0.000218821,23.39668,0.3316743,0.1052066,21.42923,0.08836145,0.07278144,144030.62769051513,1.2450480866089227e-17,5.826820671479483
GALAXY,0.4869095000000001,0.000109433,22.78251,0.27160300000000004,0.07762418,20.60048,0.06398083,0.05370005,113058.22712375599,2.1920685196874645e-17,4.391345951315168
GALAXY,0.5682839,0.000116906,22.09478,0.1088945,0.06773142,20.61023,0.05116256,0.04685628,126477.69522289757,4.129962660870573e-17,3.1992755889597873
GALAXY,0.0550944,1.34e-05,17.57189,0.005418507,0.08297313,16.90483,0.004522919,0.05740043,16062.545191288451,2.6613508081105093e-15,0.39854159290996416
GALAXY,0.04261204,1.13e-05,16.08779,0.003274386,0.0902074,15.27471,0.00271189,0.06240506,12502.825549100939,1.0441000707798523e-14,0.2012118954831178
GALAXY,0.5421090000000001,0.000210902,21.50905,0.1103356,0.08429008,20.26006,0.04862309,0.05831149,122300.70636372299,7.083340600030194e-17,2.442899790558472
GALAXY,0.1332095,2.13e-05,17.972739999999995,0.007456565999999999,0.1011534,16.98186,0.005331194,0.06997748,37295.99271094916,1.8397640370849178e-15,0.47933997873802786
GALAXY,0.03324697,1.3699999999999998e-05,17.07711,0.007508635,0.07091194,16.64051,0.008132469,0.04905655,9801.58998901895,4.197726366568123e-15,0.3173347644700175
GALAXY,0.1280091,8.21e-06,17.90396,0.006756401,0.07224929,17.156229999999994,0.00528385,0.04998172,35937.62574278205,1.9600814799101146e-15,0.4643951252198455
GALAXY,0.1152063,9.94e-06,18.49292,0.009911291,0.15258039999999998,17.89621,0.008725772,0.1055544,32560.25226153759,1.1394364945968192e-15,0.6090874516079238
GALAXY,0.08174117,2e-05,16.62676,0.004384430999999999,0.07442374,16.00787,0.003905792,0.05148599,23506.920426432305,6.355564421690994e-15,0.2578978088352846
GALAXY,0.5865083000000001,0.000173594,22.74845,0.2273286,0.1347135,20.78901,0.0622411,0.0931942,129310.95323710443,2.2619246069681948e-17,4.323004148310126
GALAXY,0.5665548,0.000133445,20.88531,0.09182907,0.07236375,19.18681,0.03190461,0.05006091,126205.71537757706,1.258154934350622e-16,1.8329796875138564
GALAXY,0.5470824000000001,0.000195972,21.82734,0.1192991,0.1182433,20.59518,0.06111083,0.08180015,123104.29380784534,5.283505029840641e-17,2.828548646299209
GALAXY,0.5906781999999999,0.00012728200000000002,22.52696,0.14665279999999994,0.14617529999999998,20.99246,0.06306796,0.1011234,129950.74593509104,2.7737934941830985e-17,3.903800831883485
GALAXY,0.4693966,0.000105025,20.88747,0.05960927,0.142601,19.244670000000006,0.02378104,0.09865072,109997.92427825733,1.2556544068917432e-16,1.8348038902621857
GALAXY,0.7802096,0.000217156,22.7428,0.2839646,0.1674057,21.53779,0.1553174,0.1158105,155977.66130770353,2.273725985565231e-17,4.311770653035184
GALAXY,0.4167045999999999,0.000100237,21.07996,0.05948903,0.05581073,19.32856,0.01903041,0.03860961,100399.52059106073,1.0516570200779903e-16,2.0048766244271645
GALAXY,0.03934632,5.22e-06,17.56943,0.005532473,0.05742426,17.213639999999998,0.005438955,0.03972584,11563.843403216857,2.6673875833315964e-15,0.39809035199935083
GALAXY,0.4690423,0.000176881,22.51501,0.14205279999999998,0.1708561,20.62357,0.04231096,0.1181975,109935.35694226064,2.804491481520399e-17,3.8823765245377997
GALAXY,0.5392425999999999,0.000111619,22.45192,0.14167829999999998,0.09832194,20.49539,0.0353577,0.06801866,121835.41959994624,2.9722827786868407e-17,3.7712007563172394
GALAXY,0.5333926999999999,0.000171853,22.60252,0.16828339999999994,0.1048417,20.80864,0.06010637,0.07252899,120880.94976921316,2.5873198783431733e-17,4.042031114506393
GALAXY,0.7956581,0.000268128,22.62146,0.4567231,0.214313,20.78614,0.1468971,0.14826070000000002,157858.30936516344,2.5425770651789533e-17,4.077440687366058
GALAXY,0.3122558,6.86e-05,20.58347,0.03740256,0.112609,18.83327,0.01534755,0.07790238,79520.02992629098,1.661384388430693e-16,1.5951063806573031
GALAXY,0.05705765,7.83e-06,18.6139,0.009053396,0.1171255,17.83819,0.006846931999999999,0.08102691,16618.204986781715,1.019290848970311e-15,0.6439848525934178
GALAXY,0.6042475,0.000221568,22.76704,0.252497,0.1038002,20.655520000000006,0.06179365,0.07180849,132011.1642723764,2.223525555200463e-17,4.360172307511018
GALAXY,0.17442779999999994,2.98e-05,18.29152,0.009296956,0.0856186,17.057570000000002,0.00540185,0.05923055,47789.856233812774,1.3716715317627688e-15,0.5551363329603051
GALAXY,0.22162870000000004,4.4e-05,18.33272,0.01362614,0.07081752,17.158929999999998,0.007869245,0.04899123,59224.92234149044,1.3205964491674242e-15,0.5657696574422441
GALAXY,0.5449343000000001,0.000102665,21.96549,0.1086266,0.08250154,20.32007,0.03537973,0.05707418,122757.78728589624,4.652240151712284e-17,3.014349825710271
GALAXY,0.06078181,1.74e-05,17.97684,0.009554842,0.3716943,16.897129999999994,0.005857185,0.2571364,17669.10999347673,1.8328297483686643e-15,0.48024588499206333
GALAXY,0.07504692,8.18e-06,17.51985,0.008494614000000001,0.1519253,16.944229999999994,0.007579351,0.1051012,21656.484634054497,2.7920174302002784e-15,0.38910396137781955
GALAXY,0.4993629,0.000177712,23.07869,0.2713767,0.13461979999999998,21.13697,0.06382661,0.09312934,115196.25498588158,1.6687148285859908e-17,5.033077899884439
GALAXY,0.4856125,0.000131675,22.08548,0.1451691,0.08296318,20.26942,0.04097731,0.05739354,112833.74384097049,4.165490278124863e-17,3.1856030044279984
GALAXY,0.5842769,0.00016351,22.57663,0.31602859999999994,0.13653210000000002,20.21833,0.061138,0.09445229,128967.29824414615,2.6497574702698433e-17,3.9941249987645193
GALAXY,0.1744339,3.37e-05,18.91962,0.01250095,0.1075522,17.695999999999994,0.007208615,0.07440408,47791.3737873341,7.691483721121422e-16,0.7413437871216384
GALAXY,0.1059405,1.28e-05,17.85879,0.00729742,0.06914166,17.06387,0.005755572,0.04783188,30086.312476173567,2.043347003159067e-15,0.45483476497609454
GALAXY,0.29072109999999995,3.71e-05,19.6973,0.02252433,0.1900812,18.21696,0.01081025,0.13149729999999998,74888.59577197467,3.7578386180187315e-16,1.0606098405650017
GALAXY,0.3729678,6.31e-05,20.71573,0.06109042,0.08639835,18.92109,0.01901199,0.05976998,91966.98747094812,1.4708423472051703e-16,1.6952808345853292
GALAXY,0.5238619999999999,0.000158321,21.91714,0.1426652,0.17040260000000002,20.25494,0.04853664,0.1178837,119311.76257724449,4.8640958591222804e-17,2.94797402297864
GALAXY,0.12934020000000002,1.7199999999999998e-05,17.95598,0.008567715,0.2091761,16.80565,0.005474081,0.1447071,36286.05528949229,1.868383938368882e-15,0.4756545465132459
GALAXY,0.4417988000000001,8.109999999999999e-05,20.99801,0.06594373,0.245496,19.33916,0.02308663,0.16983299999999998,105045.12953965626,1.1341072459294464e-16,1.9306237847661942
GALAXY,0.3242799000000001,5.290000000000001e-05,20.57267,0.04316864,0.2344851,18.8061,0.01507256,0.16221570000000002,82055.90017862621,1.6779929243930666e-16,1.5871926814380524
GALAXY,0.5033724,9.38e-05,22.32036,0.142075,0.1878045,20.22822,0.03347542,0.1299223,115877.9581392722,3.3551668732810874e-17,3.5495038557755194
GALAXY,0.5849116,0.000210544,21.78866,0.1112201,0.199362,20.42119,0.05041106,0.1379177,129065.13920893981,5.475126089305836e-17,2.7786103704826877
GALAXY,0.7133086,0.000322926,22.20601,0.2438335,0.16694089999999998,20.76903,0.1143874,0.1154889,147436.68728303682,3.727813057416198e-17,3.3674228326163482
GALAXY,0.5431479,0.000187168,22.66797,0.2823721,0.2289797,20.63301,0.07470007,0.15840710000000002,122468.95782723327,2.4359598461636492e-17,4.165715941726224
GALAXY,0.4858601,0.00015743200000000002,22.66546,0.237313,0.3648419000000001,20.87319,0.07567393,0.2523959,112876.62469984773,2.441597801400512e-17,4.160903582014441
GALAXY,0.30153090000000005,4.19e-05,20.46777,0.03479443,0.3427085,18.80705,0.0140304,0.2370842,77227.95540023973,1.848204933546729e-16,1.512340742701954
GALAXY,0.27380429999999994,4.4e-05,20.06834,0.03187155,0.2201041,18.44507,0.01298811,0.152267,71168.15992892913,2.6700667906535817e-16,1.2582404774546265
GALAXY,0.4349445,0.000147403,21.57221,0.07977999,0.2812795,19.72441,0.02645255,0.1945879,103789.83129727063,6.683040995452569e-17,2.514998047775424
GALAXY,0.4810067,0.000100243,21.82872,0.1048452,0.2460712,20.21242,0.05544173,0.1702309,112033.79562333379,5.27679381841338e-17,2.8303467984232458
GALAXY,0.20617800000000006,3.03e-05,19.60244,0.02041549,0.2282875,18.170070000000006,0.01144899,0.1579283,55548.95532446714,4.100927818301804e-16,1.0152749064279605
GALAXY,0.5114416,0.00014652,22.42071,0.245725,0.2366766,20.29515,0.06333626,0.1637317,117240.16656978251,3.058962304383418e-17,3.7173859423362603
GALAXY,0.5815756,0.000117884,22.35753,0.13212620000000005,0.2753583,20.70114,0.05322494,0.1904916,128550.06787389684,3.242247209958339e-17,3.6107851882511803
GALAXY,0.03872432,2.2e-05,20.91702,0.04663332,0.186698,21.11298,0.08288723,0.1291568,11384.640882483698,1.2219406854215712e-16,1.8599430740423983
GALAXY,0.3392648,9.52e-05,21.5418,0.0768765,0.2395085,19.57667,0.02239907,0.16569089999999995,85166.7301459348,6.872869934727882e-17,2.4800226787277713
GALAXY,0.2898565,6.579999999999999e-05,19.76338,0.0288466,0.2106364,18.31759,0.01332944,0.14571729999999994,74700.21399026162,3.535950080991622e-16,1.093381326077213
GALAXY,0.171889,2.33e-05,18.24465,0.009796223,0.2008665,16.98021,0.005749145,0.1389585,47157.35239615395,1.4321817167052317e-15,0.543282420365008
GALAXY,0.23811710000000005,3.16e-05,19.48654,0.02076186,0.4812563,17.79619,0.008369647,0.33293090000000003,63076.88347193108,4.562912337497444e-16,0.962506458356419
GALAXY,0.22709770000000004,2.88e-05,18.51084,0.01257192,0.2109138,17.36474,0.007819191999999999,0.14590920000000002,60510.635873296975,1.120784523232862e-15,0.6141347220346313
GALAXY,0.5375904,0.000193369,22.69871,0.2617547,0.1719683,20.92323,0.07599429,0.1189669,121566.51270344616,2.367958709245924e-17,4.225106420477101
GALAXY,0.6410236,0.000308632,23.04514,0.2382072,0.2614671,21.65941,0.1104985,0.1808817,137433.4920968483,1.7210842297976857e-17,4.955912754138706
GALAXY,0.8996599000000001,0.000137984,22.34938,0.120198,0.08798733,21.91161,0.13860150000000002,0.06086922,169694.18525433345,3.2666764768136437e-17,3.5972585398888723
GALAXY,0.184,2.62e-05,18.382620000000006,0.00977948,0.07173339,17.231720000000006,0.0060950430000000005,0.04962483,50158.459958485415,1.2612759805423876e-15,0.5789214647731522
GALAXY,0.3197545,5.13e-05,19.89371,0.04235052,0.1705455,18.31264,0.01520821,0.1179826,81105.67339581005,3.135986072280323e-16,1.1610145229064424
GALAXY,0.291786,4.06e-05,20.85817,0.05384755,0.301532,19.09842,0.01882627,0.2085984,75120.35962786974,1.290001232404616e-16,1.8102128867650642
GALAXY,0.5202808,0.000252476,21.93969,0.2256061,0.1361111,20.30556,0.07746498,0.094161,118717.56360710475,4.7641137814788234e-17,2.978747235372299
GALAXY,0.5810142,0.000118176,22.62757,0.2037049,0.1046127,20.30404,0.03962026,0.07237058,128463.19035391406,2.5283088520293534e-17,4.0889297789175005
GALAXY,0.4564848,0.000101545,21.94022,0.11995839999999998,0.17918670000000006,20.0454,0.03603626,0.1239605,107700.79719917006,4.761788756199877e-17,2.979474358916541
GALAXY,0.1094982,1.83e-05,17.34692,0.0059129,0.2926538,16.2564,0.004115481,0.2024565,31039.15912137173,3.2740863197965794e-15,0.35931856143821395
GALAXY,0.5253791999999999,0.000138986,22.413120000000006,0.2793211,0.1858487,20.3062,0.07491045,0.1285693,119562.7437039121,3.080421353087006e-17,3.704415155157099
GALAXY,0.4503204000000001,9.31e-05,22.29545,0.1664964,0.1697527,20.31574,0.05857983,0.1174341,106591.69031540716,3.4330341628477696e-17,3.509018454754275
GALAXY,0.6487031,0.00013087,22.88468,0.2514324,0.1577698,20.86198,0.08199356,0.1091444,138536.63997766632,1.995198571546269e-17,4.602901192529651
GALAXY,0.2315266,3.73e-05,18.66334,0.01639989,0.1335073,17.32479,0.009110722,0.09235973,61545.95345756409,9.739174004458791e-16,0.6588152633251071
GALAXY,0.4371898,0.000102248,21.93816,0.1312297,0.3025435,20.47063,0.06224432,0.2092982,104202.15436621079,4.7708320177293996e-17,2.976649175988135
GALAXY,0.7272630999999999,0.000318743,24.50135,0.655792,0.26554770000000005,22.29589,0.1952147,0.1837047,149272.99626819533,4.501094439915998e-18,9.690934367198574
GALAXY,0.3544967,9.1e-05,21.17791,0.06189582,0.2574015,19.32163,0.02173981,0.1780691,88273.39086522443,9.60935250658557e-17,2.0973825590742012
GALAXY,0.3900574,7.759999999999999e-05,21.3469,0.06872936,0.1928776,19.52927,0.02271205,0.1334318,95313.65910658079,8.224284497811843e-17,2.267125972376964
GALAXY,0.1242373,6.63e-06,19.2383,0.01637642,0.3644799,18.53862,0.01331228,0.2521455,34947.54515231371,5.735062104533804e-16,0.8585303494434455
GALAXY,0.0991406,1.91e-05,17.35639,0.005557981,0.07047142,16.359029999999994,0.00396983,0.048751800000000005,28254.853398558997,3.2456532886432665e-15,0.3608890061801492
GALAXY,0.4889583,0.000140248,22.02001,0.1046274,0.15163800000000002,20.218120000000006,0.03087968,0.1049025,113412.13196644987,4.424397367022371e-17,3.0909903718514737
GALAXY,0.5036050999999999,0.000137839,22.67474,0.1377615,0.1593817,21.048070000000006,0.0486295,0.1102595,115917.42336590792,2.4208179181393157e-17,4.178723661766668
GALAXY,0.2631473,3.4200000000000005e-05,19.75959,0.02742041,0.1587779,18.21385,0.01154825,0.10984180000000003,68786.70908155004,3.548314657201082e-16,1.091474646996335
GALAXY,0.5459956,0.000123703,22.1528,0.168578,0.3375856,20.43259,0.06104947,0.2335402,122929.0933873204,3.9150573226738325e-17,3.285909910721688
GALAXY,0.4438936,0.000104781,21.04277,0.07657474,0.1656746,19.07967,0.02178941,0.1146129,105426.75123182523,1.0883037489158881e-16,1.9708322135890641
GALAXY,0.5568365,0.000270613,22.41774,0.2482149,0.4129409000000001,20.697,0.0947405,0.28567059999999994,124666.73710385404,3.0673414625814784e-17,3.7123050169207663
GALAXY,0.3933231,5.920000000000001e-05,21.73506,0.07989914,0.2268325,19.89025,0.02777483,0.1569217,95945.56230783193,5.752201952944111e-17,2.710863513481329
GALAXY,0.4328634,0.000101437,21.05845,0.06746134,0.15411070000000002,19.29852,0.02654311,0.1066131,103406.68536370833,1.0726996161176e-16,1.985114914389545
GALAXY,0.1925253,2.45e-05,18.95629,0.01604801,0.2468934,17.63438,0.008770122,0.1707997,52246.60566851687,7.43604698475052e-16,0.753969281911859
GALAXY,0.507992,9.58e-05,21.3372,0.09772356,0.2048673,20.22184,0.06296829,0.1417263,116659.40543212964,8.298089701617024e-17,2.257021272195825
GALAXY,0.6464348000000001,0.0001881,22.85493,0.1807675,0.1586833,21.34239,0.09077049,0.1097764,138211.83096575068,2.0506244214606102e-17,4.540269708357973
GALAXY,0.4687566,0.000165516,21.56134,0.1080272,0.1070985,19.894,0.04714391,0.07409021,109884.88491665259,6.750285246844472e-17,2.5024398784589024
GALAXY,0.5835526999999999,0.000190848,21.99968,0.1693999,0.1899564,20.20336,0.06297189,0.131411,128855.57147009122,4.508023021245431e-17,3.062186604038963
GALAXY,0.2573202,3.41e-05,19.92619,0.02167694,0.1251369,18.41476,0.0108383,0.08656911,67472.11125564323,3.0435618042550593e-16,1.1785110319558396
GALAXY,0.5301754,9.7e-05,21.91208,0.08882219,0.2209065,20.11337,0.03103417,0.1528221,120353.20476710754,4.886817553558237e-17,2.9411126038058217
GALAXY,0.1065801,1.58e-05,17.59735,0.006362731999999999,0.3985071,16.55508,0.004655628,0.2756854,30257.8860509014,2.5996694177029396e-15,0.4032418998970336
GALAXY,0.3999106,9.11e-05,20.98043,0.06549582,0.1563615,19.00979,0.02231909,0.1081701,97212.85526112554,1.1526199312972824e-16,1.9150567679906032
GALAXY,0.2188361,2.52e-05,19.41571,0.01922933,0.3275183,17.96785,0.009182241,0.2265756,58565.30236691694,4.870506476759855e-16,0.9316175307180388
GALAXY,0.5247715000000001,0.000135325,22.69037,0.34177929999999995,0.2620147,20.589270000000006,0.08966243,0.1812605,119462.26947868736,2.3862180428578864e-17,4.208910126380264
GALAXY,0.4778527,0.000130832,22.68256,0.2153074,0.4237826,20.57946,0.05452409,0.2931709,111483.48700803267,2.403444651024064e-17,4.193799390849093
GALAXY,0.2946589000000001,4.72e-05,20.39915,0.03071227,0.1940076,18.78086,0.01260189,0.1342136,75744.18607353474,1.968784244515199e-16,1.4652969724289868
GALAXY,0.5289894,0.000139717,20.74436,0.09011441,0.1561516,19.38359,0.04425758,0.1080249,120158.15582988634,1.4325643033488495e-16,1.7177804362966946
GALAXY,0.07721682,8.96e-06,22.06238,0.08813009,0.1014998,21.80404,0.1071308,0.07021706,22257.74003667828,4.2550642797514605e-17,3.151894354074394
GALAXY,0.4250914000000001,0.000110732,22.16574,0.134217,0.08209801,20.36624,0.04683268,0.05679502,101967.46054442874,3.868673915010375e-17,3.305549402972033
GALAXY,0.6077340999999999,0.000199947,22.25042,0.1826956,0.1070634,20.25793,0.05398056,0.07406597,132535.31078412035,3.5784102174011514e-17,3.437000950795192
GALAXY,0.1221513,6.27e-06,21.69809,0.07846206,0.188973,22.05837,0.1492162,0.1307306,34398.217297432806,5.951440899343886e-17,2.6651008774955165
GALAXY,0.4168979,0.000208709,22.60096,0.1868882,0.1637543,20.97152,0.06150429,0.1132844,100435.8334569282,2.5910400453855203e-17,4.039128335694921
GALAXY,0.4224949000000001,1.84e-05,21.78612,0.1687056,0.1636388,21.34239,0.09396823,0.1132046,101483.69202477446,5.487949738264027e-17,2.7753620933257293
GALAXY,0.1448416,2.01e-05,17.56138,0.007447043,0.1899667,16.4397,0.004728048,0.1314181,40306.284347169414,2.6872379567215984e-15,0.39661729868462003
GALAXY,0.5120422,0.000103805,21.842370000000006,0.1573889,0.16827879999999998,19.9629,0.04721489,0.1164145,117341.04000408479,5.210868639550466e-17,2.848194557836762
GALAXY,0.3746671,5.47e-05,22.60434,0.179345,0.1811949,21.30874,0.08922721,0.1253498,92302.78202452487,2.582986433790347e-17,4.045420326521357
GALAXY,0.4033955,0.000119169,21.34372,0.06901534,0.15165079999999995,19.59413,0.02368098,0.1049113,97879.30969181287,8.248407817955216e-17,2.263808322928387
GALAXY,0.3294191,5.11e-05,20.26579,0.04197412,0.1314899,18.61149,0.01545473,0.09096407,83128.93455586577,2.2260869577780484e-16,1.3780140712289646
GALAXY,0.6454312,0.00030152,22.61034,0.2157205,0.1519213,20.93588,0.08620953,0.10509849999999997,138067.84587988435,2.5687516915240434e-17,4.056613693053676
GALAXY,0.612753,0.000132543,22.51809,0.1587118,0.2979182,20.94123,0.07320883,0.2060985,133286.06022643432,2.796547016313798e-17,3.887887165162817
GALAXY,0.2981053,7.809999999999999e-05,22.18173,0.107593,0.4093452,20.4834,0.04230404,0.2831831,76489.79911796199,3.8121161559040263e-17,3.3299802082136756
GALAXY,0.2131425,2.75e-05,19.00211,0.017770400000000002,0.29754590000000003,17.55879,0.008201053,0.2058409,57213.931497225574,7.128762156795682e-16,0.7700477429835417
GALAXY,0.417599,8.63e-05,21.72629,0.1573606,0.4193221,20.06191,0.06299703,0.2900851,100567.47098964949,5.798853341974183e-17,2.6999371353746873
GALAXY,0.4717363000000001,0.0001739,22.35557,0.16111370000000005,0.3050511,20.84505,0.07345895,0.2110329,110410.44574445739,3.248105487400132e-17,3.6075275157435116
GALAXY,0.4976049,0.000113027,21.57679,0.08233384,0.200973,19.94309,0.04106393,0.13903220000000002,114896.33817463125,6.654909060456047e-17,2.520308199071872
GALAXY,0.6043636,0.000156944,22.44102,0.2281611,0.4283975,20.55641,0.08563228,0.2963634,132028.65228310696,3.0022726171833604e-17,3.752318134700181
GALAXY,0.5077571,0.000168679,22.25408,0.1585776,0.2720787,20.73405,0.08573111,0.1882228,116619.77261238909,3.5663677606229594e-17,3.4427988741968343
GALAXY,0.16524629999999998,2.14e-05,18.54808,0.01514207,0.1794161,17.37019,0.009221564,0.1241192,45493.880664341676,1.0829941861494006e-15,0.6247577501535517
GALAXY,0.2553933,3.09e-05,19.45508,0.01602489,0.2358048,17.96,0.008720619,0.16312870000000002,67035.4532183932,4.697060187425585e-16,0.9486623224789521
GALAXY,0.4921296,9.61e-05,21.18462,0.06200032,0.2586018,19.43974,0.02407233,0.1788995,113958.25077883407,9.550148511139904e-17,2.103873640089421
GALAXY,0.5324208,0.00012598,23.02787,0.2158744,0.2072968,20.89591,0.05135176,0.143407,120721.73642072962,1.748679123224968e-17,4.916654062782192
GALAXY,0.5081118,0.000176947,23.49923,0.4542109,0.1708045,21.08363,0.0783926,0.1181618,116679.61411205723,1.1328336089539803e-17,6.108599499951084
GALAXY,0.7717414,0.00025944200000000003,22.32188,0.2783572,0.1504013,21.17939,0.1748389,0.1040469,154932.55823183458,3.3504730208840966e-17,3.551989328110201
GALAXY,0.5254739,0.000207969,23.46454,0.5198079000000001,0.08091153,20.63072,0.0768868,0.05597422,119578.3944718048,1.1696128342964253e-17,6.011787931843074
GALAXY,0.06290533,8.13e-06,17.093770000000006,0.004471522,0.1616292,16.51586,0.003988131,0.1118143,18266.49411846529,4.13380632291074e-15,0.31977878809051596
GALAXY,0.4152237,0.000108199,21.45041,0.08285969,0.1293359,19.48071,0.02265923,0.08947398,100121.04768641372,7.476427481949504e-17,2.3778127545803343
GALAXY,0.5261863,0.000110428,22.15435,0.133582,0.1668478,20.47064,0.04878462,0.1154245,119696.07457942894,3.909472163686376e-17,3.2882562350518056
GALAXY,0.08981919,1.7800000000000002e-05,17.66459,0.01210025,0.12625,17.04053,0.007580742,0.08733916,25722.28930234968,2.4435550368335836e-15,0.41592368507108574
GALAXY,0.4190562,9.75e-05,20.91743,0.06694768,0.2211659,19.24179,0.02282232,0.15300160000000002,100840.72500186348,1.2214793384601702e-16,1.86029428672802
GALAXY,0.5507963,0.00016089,22.40786,0.1416158,0.2552491,20.75311,0.05424333,0.17658010000000002,123701.31382084466,3.0953810906252906e-17,3.695452737326772
GALAXY,0.5881295999999999,0.000181618,22.38775,0.1494281,0.1008961,20.830170000000006,0.05649551,0.06979948,129560.08339777654,3.1532479728320003e-17,3.6613871438668664
GALAXY,0.1833039,3.16e-05,18.9148,0.01590222,0.4158985,17.43989,0.007453345,0.2877167,49987.07193158279,7.725705076010732e-16,0.7397000571881459
GALAXY,0.6049004,0.000175658,21.88429,0.14017220000000002,0.1954114,20.48558,0.06432929,0.13518470000000002,132109.47891906576,5.0135127668364767e-17,2.9037127549433555
GALAXY,0.4737391,0.000188529,22.38501,0.152085,0.217943,20.71745,0.05590972,0.150772,110762.66352250255,3.161215663835679e-17,3.6567700582466616
GALAXY,0.234373,2.98e-05,19.73459,0.0220957,0.28296140000000003,18.24633,0.01063088,0.1957514,62208.572846802665,3.630965523120967e-16,1.078980640027815
GALAXY,0.06254829,6.8e-06,17.11593,0.005407406,0.08235305,16.420070000000006,0.004258517,0.05697146,18166.14594082691,4.050290051036523e-15,0.3230588570719492
GALAXY,0.2161184,1.85e-05,19.20669,0.01559336,0.09152381,18.27455,0.01023971,0.06331575,57921.35280637079,5.904486380799136e-16,0.8461232955983777
GALAXY,0.23661260000000006,7.6e-06,19.45348,0.01772892,0.12918139999999995,18.84688,0.01491559,0.08936711,62728.416371876905,4.703987133826555e-16,0.9479635797058673
GALAXY,0.6331036,0.000311631,22.56046,0.2059861,0.09607878,21.06694,0.0854919,0.06646685,136285.38380203108,2.6895159563325666e-17,3.964492971815625
GALAXY,0.5131918,0.000192177,22.25883,0.1278368,0.1192607,20.96078,0.05955616,0.082504,117533.92131601302,3.550799296822157e-17,3.4503380875363323
GALAXY,0.3741075999999999,7.269999999999999e-05,20.5203,0.05087107,0.1039713,18.70739,0.01723737,0.07192686,92192.29463298905,1.7609139144911644e-16,1.549371818326639
GALAXY,0.5410881999999999,0.00012283700000000002,22.12272,0.1133983,0.4024507,20.52171,0.04586098,0.27841350000000004,122135.18561922303,4.0250393007378815e-17,3.2407061423513026
GALAXY,0.4905930000000001,0.00012499,22.10324,0.14674189999999998,0.13178370000000006,20.24014,0.04853588,0.09116732,113693.89325327807,4.097907255970933e-17,3.2117641952466482
GALAXY,0.3581032,8.32e-05,21.15422,0.08219853,0.2624759,19.28692,0.02937729,0.1815796,89000.87540160459,9.821325962745444e-17,2.07462521629232
GALAXY,0.389416,7.929999999999999e-05,21.45083,0.08021795,0.2730234,19.70638,0.03138595,0.1888763,95189.26452244878,7.47353590270784e-17,2.3782727088214357
GALAXY,0.3938372000000001,7.91e-05,21.28913,0.07777379,0.15725770000000006,19.35173,0.02437375,0.1087901,96044.81802728941,8.67373451578517e-17,2.207606439823207
GALAXY,0.5507116999999999,0.00022516900000000005,21.73522,0.1116069,0.08223424,20.39149,0.05508356,0.05688927,123687.74315774502,5.751354339594128e-17,2.711063264645627
GALAXY,0.7185861,0.000454612,23.28348,0.3316334,0.142407,21.60143,0.12291689999999998,0.09851648,148134.65472873946,1.3818666166517099e-17,5.530847096092021
GALAXY,0.5392541999999999,0.0001533,22.56972,0.2041147,0.4284709,20.8379,0.06263082,0.2964142,121837.30573042523,2.6666752195931247e-17,3.9814352049038573
GALAXY,0.5053233,0.000111048,21.6157,0.1643572,0.13660029999999998,19.70436,0.04160467,0.09449943,116208.48997717656,6.420637119152268e-17,2.565875927314114
GALAXY,0.5222738,0.000156112,22.33831,0.1924578,0.2966477,20.78889,0.06577535,0.20521950000000005,119048.55513464233,3.3001533823817075e-17,3.57896665634321
GALAXY,0.08622733,1.3800000000000003e-05,17.53632,0.006169607,0.1826167,16.47805,0.004252086,0.12633339999999998,24739.60322787479,2.7499837352223845e-15,0.3920664246638297
GALAXY,0.5600234000000001,0.00019955,22.54484,0.2405368,0.122708,21.18066,0.1045228,0.08488881,125173.35055807621,2.7284884845410347e-17,3.936077602660419
GALAXY,0.6056457,7.840000000000001e-05,22.29295,0.1391674,0.3030367,20.55074,0.04664366,0.2096394,132221.6153598859,3.440948123922678e-17,3.504980872626886
GALAXY,0.3500679,7.68e-05,20.87374,0.0613924,0.1424547,19.01231,0.0191154,0.09854952,87375.81577585357,1.2716339823260687e-16,1.823239210869914
GALAXY,0.6844812,0.0002663,22.77009,0.21704,0.2429068,21.04776,0.07729044,0.1680418,143547.8916952891,2.2172880950021423e-17,4.366300807810948
GALAXY,0.5287659,0.00016586299999999998,21.7514,0.17038889999999998,0.4221642,20.07566,0.06167175,0.2920512,120121.36860487326,5.66628122339361e-17,2.731339291538967
GALAXY,0.4913896,0.000116546,21.76109,0.08168618,0.15514370000000002,20.27806,0.03740916,0.1073277,113831.0005832201,5.615935681048173e-17,2.7435548822774383
GALAXY,0.6130703000000001,0.00017501099999999998,21.48425,0.1149459,0.2349623,20.3777,0.07124028,0.1625458,133333.3751748215,7.246997728672839e-17,2.41515858197567
GALAXY,0.3857971,4.59e-05,20.51499,0.03534451,0.09524691,18.84855,0.0134724,0.06589137,94485.64482207008,1.7695470937592816e-16,1.5455876977527392
GALAXY,0.5753693,0.000166515,22.46687,0.2461276,0.5539082,20.93645,0.1013559,0.3831911,127586.44151842795,2.9316365338567985e-17,3.7972540351216963
GALAXY,0.229467,3.87e-05,19.77251,0.02632138,0.33637670000000003,18.27348,0.01281913,0.2327038,61065.145867675485,3.506340799939562e-16,1.0979881480975273
GALAXY,0.4665177,0.000121654,22.37016,0.1297945,0.2190866,20.75018,0.05477646,0.1515631,109488.76910310226,3.2047497712034544e-17,3.631847900730144
GALAXY,0.3059218,5.1e-05,20.14754,0.04004526,0.25578,18.3512,0.01438763,0.1769474,78169.82179549975,2.482230600417615e-16,1.3049793885453398
GALAXY,0.5689681,0.00015408299999999998,23.2685,0.2283342,0.23381620000000006,21.26692,0.06586336,0.1617529,126585.16429748898,1.401064487393258e-17,5.49282360303332
GALAXY,0.2929027,5.64e-05,20.2219,0.02899662,0.15552190000000002,18.65643,0.01394902,0.1075893,75363.08931214872,2.3179183050495897e-16,1.3504411163563501
GALAXY,0.5308669,9.75e-05,22.14139,0.1078037,0.1862299,20.49661,0.04583892,0.128833,120466.80277003704,3.9564176005723836e-17,3.2686893820311504
GALAXY,0.4576679,9.06e-05,21.86315,0.09532634,0.2149589,20.34286,0.0422417,0.1487076,107912.74096242026,5.1120856928751255e-17,2.8755813103358374
GALAXY,0.5878732,0.000205536,22.85422,0.1436056,0.1938324,21.253020000000006,0.06633858,0.13409229999999994,129520.71634209953,2.0519658333820225e-17,4.5387854322823955
GALAXY,0.5391695,0.000172438,22.78002,0.17512329999999998,0.22293520000000006,20.9552,0.05717837,0.15422560000000002,121823.53313313473,2.197101523362364e-17,4.386313336317267
GALAXY,0.4104591,5.27e-05,21.96031,0.1320259,0.4643399,20.34921,0.05189916,0.3212282,99221.79352841225,4.6744888177370063e-17,3.007167729817707
GALAXY,0.3646691,8.78e-05,20.86072,0.0797952,0.2590771,19.14023,0.02952962,0.17922839999999998,90317.43462871072,1.2869750431455652e-16,1.8123399017132118
GALAXY,0.8635968,0.00029853400000000004,23.71891,0.3817466,0.1189848,21.94755,0.13560360000000002,0.08231311,165746.88458182442,9.253246363239082e-18,6.758925387992012
GALAXY,0.2995333,0.000122893,21.95409,0.08504533,0.1137369,20.50323,0.03753787,0.07868264,76797.86561037443,4.701345031424189e-17,2.9985662758434444
GALAXY,0.2031008,2.75e-05,19.20802,0.01562698,0.07518408,17.85298,0.007862895,0.052012,54809.09165536573,5.897257959226444e-16,0.8466416943946141
GALAXY,0.5086058,0.00016874299999999998,22.46539,0.1524273,0.14406729999999998,20.82734,0.05808439,0.09966513,116762.91524531729,2.935635461575431e-17,3.7946668407341257
GALAXY,0.5388651999999999,0.000116184,22.051070000000006,0.1243974,0.1507387,20.65281,0.053701699999999984,0.1042803,121774.04126167772,4.299620503249455e-17,3.1355205559170365
GALAXY,0.3873574,8.45e-05,21.21796,0.08601005,0.1633118,19.44301,0.03017166,0.1129784,94789.38008773884,9.261346333500038e-17,2.136425004565216
GALAXY,0.4462329,0.000101894,21.33005,0.09838629,0.2576926,19.40089,0.0287665,0.1782705,105851.80177647203,8.352916215428188e-17,2.2496018074662976
GALAXY,0.3068765,6e-05,20.13524,0.03867806,0.2413579,18.43499,0.01517633,0.1669703,78373.97213284232,2.5105109803088077e-16,1.2976084120099567
GALAXY,0.4549902,0.000103995,21.31341,0.07140183,0.2395466,19.50448,0.02683399,0.16571729999999998,107432.62716797864,8.481919086968999e-17,2.232428983378081
GALAXY,0.4915305,0.000164594,22.35766,0.1305761,0.1560297,20.6075,0.04812194,0.1079406,113855.2382711274,3.241859024593544e-17,3.611001362365833
GALAXY,0.2660915,5.83e-05,19.34084,0.0297373,0.2472648,17.79875,0.01277168,0.1710567,69447.56657424234,5.218216878529837e-16,0.9000438159339098
GALAXY,0.5709425,0.000152359,22.58197,0.16902,0.1395594,21.15068,0.08764888,0.09654654,126894.80425744895,2.6367571066407755e-17,4.003959281794609
GALAXY,0.1403494,1.84e-05,18.71369,0.01044708,0.09586335,17.657610000000005,0.007674299,0.06631782,39148.32566218565,9.297841215194993e-16,0.6742697128473878
GALAXY,0.6582591,0.000148508,23.18551,0.2376926,0.2002923,21.20297,0.07850597,0.13856129999999994,139895.6102853775,1.5123563188186383e-17,5.286858078581519
GALAXY,0.5451826,0.000207664,22.78041,0.269278,0.09588472,21.00726,0.07655117,0.06633261,122797.88496242596,2.196312459026476e-17,4.387101196122316
GALAXY,0.4508471,4.36e-05,21.54235,0.08381867,0.06602251,20.28744,0.04529713,0.04567406,106686.77035123073,6.869389235480246e-17,2.4806509092424367
GALAXY,0.3784885,9.98e-05,21.12325,0.11778410000000003,0.1247845,19.24371,0.03212608,0.08632537,93055.47389723187,1.0105507417970827e-16,2.0452464724318666
GALAXY,0.4794053,0.000211211,22.14811,0.2061725,0.1688112,20.20855,0.04948573,0.1167828,111754.63994439534,3.9320055775143945e-17,3.278820579561897
GALAXY,0.402542,0.00014636,21.94192,0.1511198,0.1097286,20.35778,0.05363355,0.07590974,97716.33866054179,4.7543387819616984e-17,2.981807839916803
GALAXY,0.2847466,2.59e-05,22.06676,0.1291447,0.16689820000000002,21.69004,0.1194203,0.1154594,73582.9821232307,4.23793337855683e-17,3.158258344546498
GALAXY,0.6071466999999999,0.000282264,22.45554,0.2020373,0.120433,21.05961,0.08785877,0.08331499,132447.15591023242,2.962389264589829e-17,3.77749286126115
GALAXY,0.186911,3.4e-05,18.8206,0.01426652,0.1307866,17.53835,0.007747618,0.09047756,50873.726762128936,8.425935400982856e-16,0.7082974076230987
GALAXY,0.4009985,2.68e-05,22.34337,0.15257220000000002,0.1713181,21.91181,0.17241579999999998,0.118517,97421.19966508537,3.284809024642863e-17,3.587316146397733
GALAXY,0.3310193,5.88e-05,20.58156,0.05328856,0.1264469,18.84674,0.01985057,0.0874754,83461.7326137382,1.664309626579084e-16,1.5937039618803368
GALAXY,0.3093406,0.000155118,21.87653,0.1204024,0.3273548,19.8215,0.03143484,0.2264626,78899.8398246029,5.049473824038257e-17,2.893354531171149
GALAXY,0.2721989,4.3e-05,20.19092,0.03556711,0.3404718,18.65226,0.01644184,0.2355368,70811.28695300041,2.3850095655514506e-16,1.331311404287988
GALAXY,0.5690636,0.00017847,23.07113,0.1918455,0.1085754,21.41541,0.07241706,0.07511199,126600.15785727005,1.680374665555782e-17,5.015585662942157
GALAXY,0.4234563,8.98e-05,21.66853,0.1129624,0.21339320000000006,19.74832,0.03281999,0.1476244,101662.98854328552,6.115699322014365e-17,2.6290669898836625
GALAXY,0.15787679999999998,1.5399999999999998e-05,18.29515,0.009053458,0.1010913,17.12687,0.005865975,0.06993448,43633.88309430651,1.3670932066152614e-15,0.5560651175740133
GALAXY,0.3598344,9.82e-05,21.73401,0.1497259,0.2156601,19.37584,0.03283552,0.1491927,89348.99200469952,5.757767516175655e-17,2.7095530116265616
GALAXY,0.5281284,0.000143448,22.78529,0.2558537,0.248349,20.82565,0.0768125,0.1718066,120016.38535749709,2.1864629633748772e-17,4.396971516511528
GALAXY,0.4684009,8.32e-05,21.45175,0.1041001,0.2206678,19.37754,0.027631,0.152657,109822.02284297062,7.467205874496438e-17,2.3792805385555162
GALAXY,0.739772,0.000134915,23.14497,0.27309340000000004,0.2652763,21.30339,0.1069524,0.1835169,150894.09416608702,1.5698932610490566e-17,5.189071469133126
GALAXY,0.7051451999999999,0.000208385,23.984,0.6248246000000001,0.2673685,21.33586,0.1211944,0.1849643,146348.61318017828,7.248666603695697e-18,7.63652279175645
GALAXY,0.4758773,0.000151328,22.18029,0.1173819,0.2147488,20.40589,0.04238673,0.14856229999999998,111137.7755737398,3.8171754780000805e-17,3.327772682166181
GALAXY,0.5307463000000001,0.000109203,22.02913,0.1336271,0.2087637,20.49816,0.05361741,0.1444218,120446.99754663314,4.3873888297517835e-17,3.103999568966672
GALAXY,0.3538667,8.31e-05,21.67586,0.1143435,0.4395583,19.51892,0.03049444,0.30408440000000003,88145.9944153611,6.074550197025255e-17,2.6379566369166496
GALAXY,0.3859399000000001,7.879999999999999e-05,20.102120000000006,0.03660873,0.1790352,18.32499,0.01372701,0.1238558,94513.4661205876,2.588273257820615e-16,1.2779670375994812
GALAXY,0.7500730999999999,0.000112004,21.91875,0.1153964,0.2743415,21.45216,0.1038309,0.1897881,152211.6194390548,4.856888407748161e-17,2.950160556916861
GALAXY,0.5167642,9.940000000000003e-05,21.94979,0.1083057,0.07840433,20.381970000000006,0.04272823,0.05423975,118131.63727964804,4.7200013755802995e-17,2.9926343206333432
GALAXY,0.02143491,8.78e-06,18.0877,0.007490581999999998,0.04814114,17.58311,0.007101596,0.03330382,6357.169215036589,1.6549242704839964e-15,0.5054004825911589
GALAXY,0.4898305,0.000132768,21.79984,0.08998531,0.144805,20.08142,0.0321813,0.10017539999999997,113562.53431864899,5.419037111215045e-17,2.7929531598264714
GALAXY,0.5283287,0.00012674,21.939870000000006,0.1387021,0.1038704,20.21001,0.04161378,0.07185706,120049.3791789823,4.7633240229751713e-17,2.9789941630897316
GALAXY,0.3552116,3.9e-05,22.03036,0.1700819,0.0664689,19.85644,0.03885907,0.04598288,88417.84151346868,4.382421294704052e-17,3.105758283910819
GALAXY,0.06655633,9.35e-06,17.96783,0.01048046,0.07934175,17.576179999999994,0.01092945,0.05488826,19290.45973329939,1.8481028007897126e-15,0.47825734907722683
GALAXY,0.4261033,9.18e-05,21.28372,0.07666149,0.1082792,19.508370000000006,0.02500008,0.07490705,102155.59264226625,8.717061805149988e-17,2.202113261291765
GALAXY,0.5004066,0.000159645,22.2625,0.1594487,0.05973025,20.63893,0.05310315,0.04132111,115374.01741616533,3.538817165467928e-17,3.4561744257691527
GALAXY,0.06478219,1.49e-05,17.75809,0.00590137,0.07127222,16.840320000000002,0.004355486,0.04930579,18793.374930983995,2.2419303962110558e-15,0.43422382862880854
GALAXY,0.5539808,0.000154899,21.7759,0.1060677,0.07399224,20.21327,0.04014134,0.05118749,124211.15717046661,5.5398515244664076e-17,2.7623305865769465
GALAXY,0.1641995,2.75e-05,18.67725,0.01137605,0.08897519,17.44314,0.006651998,0.06155262,45230.609756245794,9.615195639258974e-16,0.6630490425662297
GALAXY,0.05444306,7.59e-06,16.89455,0.005204829,0.2196268,16.36815,0.004172483,0.15193679999999998,15877.942931163281,4.966359174780568e-15,0.2917464984128682
GALAXY,0.1239715,8.17e-06,18.13697,0.009058413,0.07360741,17.69709,0.008531907,0.05092127,34877.61912713049,1.5815033828164416e-15,0.516998939541699
GALAXY,0.3711092,7.4e-05,21.49608,0.08380757,0.08751683,19.49672,0.02482422,0.06054374,91598.94537694065,7.168464274770154e-17,2.4283520697310523
GALAXY,0.3592639,9.08e-05,21.11852,0.05888263,0.09565841,19.19313,0.01862171,0.06617605,89234.35171615085,1.0149628005737962e-16,2.0407962720850716
GALAXY,0.5322899,0.00012607,21.78403,0.09251042,0.3402972,20.44991,0.04287833,0.235416,120700.27889524552,5.498524002494652e-17,2.7726921463314973
GALAXY,0.5340539000000001,0.000116339,22.52505,0.1769354,0.1550581,20.70735,0.05126034,0.1072685,120989.1611544028,2.778677376926601e-17,3.900368607139992
GALAXY,0.5195168,8.45e-05,21.6797,0.1011143,0.0908713,20.41927,0.05070964,0.06286434,118590.4744451866,6.053103853610625e-17,2.6426256879149923
GALAXY,0.3986075,8.27e-05,20.63504,0.05962946,0.106103,18.74272,0.01814043,0.07340154,96962.94618624011,1.5843171565514048e-16,1.6334417519635878
GALAXY,0.1161479,1.5e-05,18.25372,0.007582706,0.07204160000000001,17.2735,0.0052954790000000005,0.04983804,32810.261101306125,1.420267421540601e-15,0.5455563966931012
GALAXY,0.7149393,0.000152318,22.12971,0.1259673,0.08915279,20.66218,0.05538483,0.06167549,147652.80825489297,3.999209221942287e-17,3.251154828875216
GALAXY,0.611784,0.000194394,22.46584,0.1790785,0.0615822,20.66511,0.06814837,0.04260228,133141.45656283107,2.934418994603115e-17,3.795453301118483
GALAXY,0.04055769,9.6e-06,15.71177,0.002747991,0.07509983,14.85349,0.002288833,0.05195371,11912.516073930383,1.476216737866751e-14,0.16921920573860993
GALAXY,0.1096732,2.8300000000000007e-05,18.47556,0.008937707,0.08165209,17.46041,0.005910529,0.05648654,31085.933735341576,1.157801546168996e-15,0.6042374686336116
GALAXY,0.1425839,3.06e-05,17.29342,0.005824155,0.04483557,16.415589999999998,0.004468899,0.03101704,39725.034743971766,3.439458908015396e-15,0.3505739583303325
GALAXY,0.1069246,2.23e-05,18.15671,0.00819626,0.07733358,17.268079999999998,0.005812009,0.05349901,30350.249274948645,1.5530095458432965e-15,0.521720200223019
GALAXY,0.5011576,0.000106721,21.99642,0.1137234,0.09713376,20.27467,0.03986487,0.06719669,115501.79202499974,4.521579021503639e-17,3.0575928368921095
GALAXY,0.07843821,1.4e-05,18.58785,0.01280535,0.08141295,17.75488,0.009656799,0.0563211,22595.562561667586,1.0440423732719028e-15,0.6363054635731994
GALAXY,0.13783610000000002,2.29e-05,19.02185,0.01279528,0.3611468,17.84008,0.007354815,0.2498397,38497.9550006982,7.000323742484854e-16,0.7770798582426405
GALAXY,0.07882211,1.94e-05,16.93889,0.005507453000000001,0.1284522,16.14848,0.004260496,0.08886261,22701.65402591708,4.7676254038093065e-15,0.2977650026461258
GALAXY,0.1566876,1.05e-05,18.42521,0.01026059,0.1633024,17.738229999999994,0.008085453000000001,0.1129719,43332.30328007781,1.2127579359328617e-15,0.5903881776443484
GALAXY,0.5390451999999999,0.000107464,22.48741,0.1339602,0.061928599999999986,21.055770000000006,0.05661484,0.04284192,121803.31891177937,2.876697031563934e-17,3.8333427481629827
GALAXY,0.4836864000000001,0.000119585,21.76421,0.100734,0.1747594,20.2397,0.04282105,0.12089769999999997,112499.7421621958,5.599820746398358e-17,2.747499691165334
GALAXY,0.5774130999999999,0.000132155,21.29274,0.09370155,0.2933007,20.31008,0.06194134,0.2029041,127904.55006698606,8.64494282249944e-17,2.211279563812516
GALAXY,0.5464424,9.93e-05,22.04472,0.1263855,0.2328145,20.43079,0.04407239,0.16105999999999998,123001.14807888618,4.3248407975129454e-17,3.126364799781571
GALAXY,0.4584968,0.00020071900000000005,22.35661,0.2092631,0.1763897,20.705820000000006,0.07658049,0.1220256,108061.05621183688,3.244995696695214e-17,3.609255710487982
GALAXY,0.2622659,6.45e-05,20.035,0.04249709,0.3036432,18.45774,0.01845234,0.210059,68588.43179154642,2.753329102181134e-16,1.2390694584428226
GALAXY,0.1743546,1.3699999999999998e-05,18.20458,0.00909593,0.08771808,17.25712,0.006224455,0.06068296,47771.644780715294,1.486025032182737e-15,0.5333492052481288
GALAXY,0.2728946,4.46e-05,20.1278,0.02878994,0.15122629999999998,18.474220000000006,0.01120962,0.1046177,70966.0192669647,2.527773317297469e-16,1.293170093305404
GALAXY,0.33491550000000003,5.8e-05,20.53163,0.03832056,0.16989749999999998,18.78706,0.01333288,0.1175343,84269.43607053554,1.7426337674140407e-16,1.557477037052681
GALAXY,0.6119601,0.000190816,21.9152,0.1242617,0.1570923,20.95117,0.0890194,0.1086757,133167.74813470183,4.8727948243116857e-17,2.945341470235568
GALAXY,0.29113690000000003,4.320000000000001e-05,19.28174,0.01982532,0.1975487,17.64076,0.009985444,0.1366633,74979.1242290575,5.510133552007579e-16,0.8758780690892346
GALAXY,0.5237777,0.00016523,22.37479,0.14704260000000002,0.2205318,20.747020000000006,0.0636422,0.1525629,119297.80417861836,3.1911125738565634e-17,3.639599965808134
GALAXY,0.4603962,9.940000000000003e-05,21.30238,0.08479386,0.2157606,19.7273,0.03736221,0.1492622,108400.36971164102,8.568526124858793e-17,2.221118105432902
GALAXY,0.6224595,0.000284512,23.4532,0.538355,0.1193033,20.95343,0.112362,0.08253346,134725.54056903758,1.1818929040527807e-17,5.98047462853464
GALAXY,0.5346521,0.000108786,21.27735,0.1018476,0.14408189999999998,19.89687,0.05729649,0.09967521,121086.98942077138,8.768355012997907e-17,2.1956628423115316
GALAXY,0.6258680999999999,0.00025162,22.69715,0.2660798,0.242047,21.02369,0.1049972,0.167447,135227.1704946344,2.3713634687507543e-17,4.22207216639884
GALAXY,0.4743762,0.000144327,21.90123,0.1353238,0.12684769999999998,20.15419,0.04330859,0.08775264,110874.53124698921,4.9358974175459824e-17,2.926453665177785
GALAXY,0.5926146,0.000167236,22.44821,0.1995369,0.1269366,20.7347,0.06563838,0.08781417,130246.78704697543,2.982456548941962e-17,3.7647630924179856
GALAXY,0.5223327999999999,0.000113152,21.39834,0.14055839999999994,0.08363702,19.69187,0.04424488,0.0578597,119058.34183503366,7.843720778277471e-17,2.3214730819395384
GALAXY,0.0321213,9.69e-06,20.81065,0.06479143,0.2285302,20.66147,0.08312456,0.15809620000000002,9475.141128189514,1.3477151959155668e-16,1.7710289168303628
GALAXY,0.7147588,0.00014164,22.2973,0.2542369,0.287372,21.71152,0.2040347,0.1988026,147628.90618843262,3.427189552183321e-17,3.5120092596176082
GALAXY,0.5343439999999999,0.000194325,22.99202,0.29022990000000004,0.1479891,21.33963,0.09718191,0.1023782,121036.61205755433,1.807382717651047e-17,4.836148770914367
GALAXY,0.3693387,6.31e-05,21.58603,0.1046421,0.3186265,19.59509,0.02594359,0.2204243,91247.60063391588,6.598513737630606e-17,2.5310554066085227
GALAXY,0.24196750000000006,5.65e-05,20.34641,0.06395479,0.2971013,18.82471,0.02484468,0.2055333,63965.96394762884,2.066779404793846e-16,1.4301370315228645
GALAXY,0.508418,0.000147546,22.02851,0.1470475,0.11735610000000002,20.41492,0.05662405,0.08118639999999999,116731.2530417409,4.3898949245821586e-17,3.1031134398078533
GALAXY,0.5105339,0.00026056,22.7882,0.2915837,0.598911,20.87564,0.0902938,0.4143239,117087.57869990476,2.1806106317961777e-17,4.402867867914407
GALAXY,0.5022786,0.00015893,21.86009,0.1420328,0.1828016,20.11038,0.04588966,0.1264613,115692.30774105435,5.1265137341299804e-17,2.871531946508171
GALAXY,0.3901982,5.320000000000001e-05,20.59532,0.06259173,0.1109319,18.97737,0.02341121,0.07674221,95340.95361496115,1.6433502121237e-16,1.6038348728116145
GALAXY,0.1560591,4.370000000000001e-05,21.79394,0.06324753,0.1126112,21.05463,0.05232458,0.07790391,43172.75484397593,5.448564860944824e-17,2.7853748652655153
GALAXY,1.000339,5.08e-05,21.54174,0.05230146,0.1013745,21.39746,0.07424904,0.07013044,179907.9902231097,6.873249754051166e-17,2.479954154115474
GALAXY,0.4634396,0.000153104,22.3831,0.163258,0.4077739,20.51552,0.05369732,0.2820961,108942.46725772151,3.1667816898075017e-17,3.6535550231524856
GALAXY,0.4136728,4.28e-05,21.61802,0.06971657,0.1892428,21.62679,0.1092319,0.1309173,99828.89026824078,6.406932155983261e-17,2.568618772795126
GALAXY,0.4354647,8.06e-05,21.73619,0.1506565,0.4489265,19.74624,0.04334489,0.3105653,103885.45714763073,5.746218356873409e-17,2.712274571220436
GALAXY,0.2915081,6.27e-05,20.06511,0.03942228,0.1492828,18.48313,0.01731486,0.1032732,75059.90537942096,2.678021906120226e-16,1.256370273809996
GALAXY,0.5240994999999999,0.00013347,22.02777,0.1303543,0.1541239,20.235,0.04597174,0.1066222,119351.08038385294,4.39288794399273e-17,3.10205613292721
GALAXY,0.7746069,0.000276835,23.60237,0.30171079999999995,0.6056173,22.27851,0.16684720000000006,0.4189632,155287.34099153004,1.030172909900242e-17,6.405745088619129
GALAXY,0.4126704000000001,0.000137646,21.86269,0.09445172,0.16288370000000002,20.16076,0.03835837,0.11268219999999997,99639.77458336973,5.114252018017439e-17,2.874972217951912
GALAXY,0.5302306,0.00014408200000000002,22.61584,0.2010387,0.1584969,20.78325,0.07920983,0.1096474,120362.2762936162,2.5557721019748496e-17,4.06690148427625
GALAXY,0.461736,9.84e-05,21.80564,0.11405830000000003,0.2904116,20.19451,0.05219833,0.2009054,108639.25790653094,5.390165812829939e-17,2.8004231057744806
GALAXY,0.576554,0.000130745,22.5217,0.1389071,0.2483105,20.98293,0.06737380000000001,0.17178,127770.9279613539,2.787264126249951e-17,3.8943560227257015
GALAXY,0.3226309,6.25e-05,20.57512,0.03179744,0.2226317,18.98786,0.01501975,0.1540156,81710.23081530619,1.6742107462396262e-16,1.588984468696832
GALAXY,0.4208278,0.000125007,22.43237,0.1652089,0.1471584,20.7205,0.06312829,0.1018035,101172.3036948776,3.026287090228643e-17,3.7374006111804157
GALAXY,0.3732151,7.290000000000001e-05,20.29759,0.04941192,0.10556680000000003,18.51989,0.01522477,0.07303063,92015.8975316072,2.1618329164612174e-16,1.3983428054257978
GALAXY,0.2883098,5.42e-05,20.21094,0.038048800000000015,0.1097803,18.588420000000006,0.01431873,0.07594548,74362.74178508241,2.3414351038373395e-16,1.3436422523899483
GALAXY,0.3810243,9.17e-05,21.15836,0.07104233,0.06816554,19.40788,0.0231625,0.04715661,93553.08089207919,9.783947760510127e-17,2.078584346121638
GALAXY,0.06641512,2.71e-05,21.37921,0.05960666,0.17363679999999998,21.38034,0.08360623,0.1201211,19250.929177943533,7.983146978876507e-17,2.3011114439855436
GALAXY,0.5584068,0.000143254,22.32438,0.14498870000000005,0.06893374,20.73363,0.05163088,0.04768804,124916.6011073955,3.342767146771797e-17,3.556081061888239
GALAXY,0.6384088000000001,0.000205402,23.14096,0.2719243,0.1024295,21.50409,0.09331949,0.07086028,137055.61669722383,1.5757021413137418e-17,5.179497792134099
GALAXY,0.5111049,0.000114793,22.36537,0.1944325,0.1442651,20.43032,0.05534052,0.09980197,117183.58505456263,3.218919569585807e-17,3.623845322319894
GALAXY,0.1654499,2.89e-05,18.48861,0.01346561,0.1290192,17.377570000000002,0.008503815999999999,0.08925489,45545.050403966015,1.143968655922925e-15,0.6078797165361444
GALAXY,0.1808048,4.55e-05,18.83895,0.01467704,0.1982822,17.50531,0.007855101,0.1371707,49370.65535016975,8.284725534403502e-16,0.7143082272724863
GALAXY,0.7060253000000001,0.000145446,21.75113,0.20475520000000005,0.2996781,20.06404,0.06984532,0.2073159,146466.41449850585,5.667690484838549e-17,2.730999699030422
GALAXY,0.5168012,0.000188534,22.0603,0.2099753,0.16488350000000002,20.45059,0.0893188,0.1140656,118137.81477123902,4.2632237357849835e-17,3.148876677523159
GALAXY,0.4524648,0.000179707,22.76787,0.2060849,0.2092459,20.90822,0.06432831,0.14475529999999998,106978.42887715227,2.2218264122884167e-17,4.361839210908093
GALAXY,0.4656719,0.000151488,22.4821,0.2631743,0.28131009999999995,20.29315,0.07102074,0.194609,109338.85398422308,2.8908005268962495e-17,3.8239803530370358
GALAXY,0.1151785,3.14e-05,17.44514,0.0101487,0.2093907,16.470010000000002,0.007891163,0.1448555,32552.867040659774,2.9909016008899123e-15,0.37594442790907345
GALAXY,0.5587667,0.0001939,22.60894,0.2192986,0.2364576,20.91271,0.08084217,0.16358029999999998,124973.80291513236,2.572066098779543e-17,4.053999140475467
GALAXY,0.5073575,0.000122607,22.65232,0.2161983,0.3241279,20.70407,0.06510864,0.2242302,116552.32603549151,2.4713264947212195e-17,4.1358011751472
GALAXY,0.7344823,0.000141114,21.85123,0.1586473,0.3485075,20.78374,0.1109048,0.2410959,150211.42797932416,5.168519096163104e-17,2.8598394470142865
GALAXY,0.5320176999999999,0.000185719,22.75248,0.2358286,0.2970341,20.78381,0.06843875,0.2054868,120655.64844825695,2.253544431722223e-17,4.331034590224373
GALAXY,0.4925617,0.000121522,21.80892,0.1012387,0.2329738,20.31557,0.041479400000000013,0.1611702,114032.50322119764,5.3739067385895603e-17,2.8046563295013014
GALAXY,0.524932,0.000153698,21.57067,0.08691784,0.2012591,20.26127,0.04139899,0.13923010000000002,119488.81277773499,6.692526895899278e-17,2.513215053016479
GALAXY,0.4103963,0.000100196,21.36226,0.0920395,0.35237290000000004,19.56586,0.02828222,0.24377,99209.90712863587,8.108754000562405e-17,2.28321943359363
GALAXY,0.2189912,3.9e-05,19.57792,0.02539118,0.341462,18.03446,0.01060722,0.2362218,58601.99259123321,4.1945958728677326e-16,1.0038750308902902
GALAXY,0.07394835,1.22e-05,16.75788,0.004474423,0.09985401,15.83681,0.00340426,0.06907853,21351.552849134056,5.6325638717194725e-15,0.27395021920552864
GALAXY,0.5561545,0.000190709,21.81136,0.1910234,0.17717249999999998,20.3247,0.0747077,0.1225671,124558.0743261257,5.361843394296278e-17,2.807809585174933
GALAXY,0.994572,6.620000000000001e-05,22.63937,0.1875887,0.2332217,21.99809,0.1297121,0.1613417,179353.18902326393,2.5009794612913705e-17,4.111209917011543
GALAXY,0.8433279,0.000176995,22.64122,0.30227800000000005,0.2969802,21.58289,0.1369651,0.2054495,163456.7803805657,2.496721638462453e-17,4.114713981402348
GALAXY,0.7447988,0.000331855,23.6491,0.3123248,0.3948409,22.21362,0.1464769,0.2731491,151538.98322309932,9.867749707379437e-18,6.545090444113144
GALAXY,0.4331571,0.000139241,21.53886,0.1156665,0.453337,19.93871,0.04765374,0.3136164,103460.8147201545,6.891505787395772e-17,2.4766671983752016
GALAXY,0.5465012,0.000117969,22.80129,0.1941191,0.181233,20.83445,0.05544585,0.1253762,123010.62783506991,2.1544783049112668e-17,4.429489252577389
GALAXY,0.2160952,4.14e-05,19.28023,0.01891791,0.08315556,17.90715,0.009237015,0.05752663,57915.84705161285,5.517802164408415e-16,0.8752692121043476
GALAXY,0.5878515999999999,0.000175133,22.7482,0.3105718,0.25123920000000005,20.90655,0.1013943,0.17380610000000002,129517.39938747947,2.2624454943234134e-17,4.322506472713744
GALAXY,0.4676079000000001,0.000152864,22.0365,0.1199784,0.1263321,20.483,0.04495551,0.08739594,109681.78269421516,4.3577079939139615e-17,3.1145524740741837
GALAXY,1.040427,9.82e-05,22.40516,0.11031,0.14828370000000002,22.05656,0.1418748,0.1025819,183669.0487337555,3.103088238314614e-17,3.6908606818221856
GALAXY,0.5378946,0.000129834,21.83699,0.1187753,0.1940879,20.189120000000006,0.05659638,0.1342691,121616.0626533486,5.236753422353776e-17,2.841146657999369
GALAXY,0.34023259999999994,4.63e-05,20.48918,0.04342321,0.2131271,18.57309,0.01498598,0.14744029999999994,85365.7740445698,1.8121165434161596e-16,1.5273256742381978
GALAXY,0.5663319,0.000125497,22.13519,0.11514760000000003,0.2157357,20.53078,0.04758994,0.14924500000000002,126170.61393403169,3.9790750012466944e-17,3.259369912910706
GALAXY,0.6625392,0.00026478900000000003,22.75828,0.4362419,0.4771754,20.61234,0.1122507,0.3301077,140499.395507421,2.2415381006384603e-17,4.342618241090181
GALAXY,0.6153094,0.000182132,22.14545,0.1204453,0.1891178,21.07771,0.07511398,0.1308308,133666.76451033054,3.941650606796174e-17,3.274806564475444
GALAXY,0.2391364,9.77e-06,19.99461,0.02367623,0.165407,19.35831,0.01859068,0.1144278,63312.62859258853,2.8576834865404035e-16,1.2162354345927158
GALAXY,0.6904553000000001,0.000255626,24.2408,0.659241,0.1057351,21.69588,0.112597,0.07314707,144364.51434148572,5.721871827719667e-18,8.59519338234174
GALAXY,0.6049548,0.00027042200000000003,22.55471,0.2107537,0.07927588,21.01947,0.09041989,0.05484268,132117.667155924,2.7037972699857836e-17,3.954008988811884
GALAXY,0.4682806,8.78e-05,21.6532,0.08667126,0.1621855,19.99257,0.03315933,0.1121992,109800.75651899376,6.202662132631663e-17,2.6105718596659995
GALAXY,0.5773377,0.000289251,19.91576,0.1687497,0.16113270000000002,18.14015,0.05884943,0.11147089999999997,127892.82795208029,3.072940315460242e-16,1.1728639893743278
GALAXY,0.5252914000000001,0.00017933,22.5121,0.2934718,0.1586315,20.35352,0.07179186,0.1097406,119548.23171659309,2.812018187031311e-17,3.87717721877762
GALAXY,0.5892068,0.000239852,23.03066,0.2912035,0.243334,21.0654,0.09084082,0.1683373,129725.34476502167,1.7441913373429993e-17,4.9229752487853755
GALAXY,0.6750435,0.0002418,23.89946,0.516962,0.2284578,22.46929,0.26896020000000004,0.1580461,142246.2054726928,7.835633696269311e-18,7.344929849908784
GALAXY,0.1843839,4.4e-05,19.40726,0.01856815,0.1999913,17.96035,0.009112692,0.138353,50252.92314840718,4.9085602398647415e-16,0.9279993078045067
GALAXY,0.5697781,0.000217004,23.70053,0.3906148,0.3411325,21.12926,0.08442059,0.2359939,126712.28141195411,9.411224322026805e-18,6.701957234862518
GALAXY,0.4112575,0.000138779,22.76103,0.1772753,0.2857936,20.90833,0.06553486,0.1977107,99372.83314724307,2.2358678192003653e-17,4.348121311373353
GALAXY,0.2504134,3.1e-05,21.7356,0.1294302,0.2409961,20.426920000000006,0.06124856,0.16672,65902.44796958682,5.749341758428701e-17,2.7115377326528383
GALAXY,0.526885,0.000122995,22.02924,0.113055,0.222579,20.30478,0.04318767,0.1539791,119811.39568411345,4.38694434947899e-17,3.1041568118583593
GALAXY,0.09290671,1.5e-05,17.45886,0.006585011,0.07602083,16.557779999999998,0.00531669,0.05259085,26563.96741301569,2.95334460849886e-15,0.378327274978953
GALAXY,0.7905318,0.00017612299999999998,23.85157,0.52042,0.4158491,21.54813,0.1286298,0.2876825,157237.93405696898,8.188985935226304e-18,7.184716767862895
GALAXY,0.2865206,4.35e-05,20.39402,0.034861500000000004,0.2023562,18.74953,0.01419718,0.1399891,73971.60196411579,1.9781085732047155e-16,1.4618393640439387
GALAXY,0.08691902,1.7199999999999998e-05,17.61805,0.006217191,0.1589756,16.64615,0.004702938,0.1099786,24929.135305003165,2.5505751565770673e-15,0.4071042650174999
GALAXY,0.2130516,2.36e-05,24.23476,0.9043558,0.26907770000000003,19.82683,0.04315614,0.1861467,57192.28527133016,5.7537915646832574e-18,8.571318875179951
GALAXY,0.192223,8.26e-06,21.77223,0.06287865,0.1454301,21.52121,0.08114962,0.1006078,52172.90514283716,5.558608986506826e-17,2.7576659216532193
GALAXY,0.5896304,0.00017073700000000002,22.75923,0.2098416,0.1035082,20.81443,0.06128634,0.07160652,129790.27520969098,2.2395776522003678e-17,4.344518513861182
GALAXY,0.4300749,0.000132333,21.81744,0.1431003,0.06652526,19.9587,0.04012747,0.04602187,102891.82545926419,5.3319015910664476e-17,2.8156823097451764
GALAXY,0.5982137,0.000249398,22.52025,0.1875199,0.08261939,21.062620000000006,0.08143067,0.05715571,131099.01518212314,2.7909890024210365e-17,3.8917564357827943
GALAXY,0.5838143,0.000308472,21.64591,0.16798829999999998,0.107681,20.41297,0.08429149999999999,0.07449318,128895.94106852899,6.244449032202662e-17,2.6018224234611314
GALAXY,0.5789937,7.87e-05,20.98778,0.07625505,0.08052413,20.03496,0.04947387,0.05570622,128150.04028884153,1.144843506551473e-16,1.9215498349725895
GALAXY,0.479555,0.00012659,22.76211,0.1783753,0.3221795,21.10226,0.05669789,0.2228823,111780.75796857305,2.2336448697929025e-17,4.350284423821642
GALAXY,0.1243253,2.08e-05,17.92847,0.007242497,0.08995795,16.85266,0.004944049,0.06223249,34970.691489210476,1.9163292353284752e-15,0.46966657354178176
GALAXY,0.54581,0.000250017,21.95497,0.2041834,0.3294483,20.46732,0.09605842,0.2279108,122899.15084052767,4.6975360882866296e-17,2.999781706011634
GALAXY,0.5703058000000001,0.000109239,21.70312,0.1795861,0.4994104,20.0848,0.07782681,0.3454898,126795.03076781916,5.923932825679894e-17,2.6712814743822575
GALAXY,0.5747504,0.00016910299999999998,23.29455,0.3691331,0.2268127,21.0385,0.08990039999999999,0.1569079,127489.96164366684,1.3678488990267308e-17,5.55911492329051
GALAXY,0.8163052,0.00026419,22.98185,0.29695570000000004,0.2580502,21.9273,0.2269286,0.178518,160320.52123350187,1.8243918572618473e-17,4.81355182810334
GALAXY,0.17650220000000005,2.3800000000000006e-05,18.93835,0.01582758,0.2217083,17.50745,0.008212509,0.15337679999999998,48305.32493184559,7.559936109400831e-16,0.7477658929852681
GALAXY,0.5561732,0.00013041,22.10638,0.159129,0.25961710000000005,20.16171,0.05010832,0.1796019,124561.05495215455,4.086073036896413e-17,3.2164118410441267
GALAXY,0.4985837,0.000141719,22.14489,0.1371816,0.221513,20.51258,0.05690321,0.1532416,115063.39930818285,3.943684152029207e-17,3.2739621350377686
GALAXY,0.1440471,2.1600000000000007e-05,18.296470000000006,0.00829165,0.1835429,17.13629,0.005417128,0.1269741,40101.904414258395,1.3654321525700627e-15,0.5564032425678518
GALAXY,0.1691935,2.52e-05,20.64855,0.05189894,0.17893710000000002,19.47426,0.03237819,0.1237879,46483.83467085902,1.5647253738144016e-16,1.6436360279307856
GALAXY,0.4588117,7.13e-05,21.39556,0.06605902,0.31755170000000005,19.50091,0.02346926,0.2196808,108117.36332390072,7.863830160077763e-17,2.318502947126301
GALAXY,0.1049153,1.28e-05,18.36788,0.009085806,0.2164383,17.77805,0.008299033,0.149731,29811.052535192626,1.2785158758406738e-15,0.5750050412178901
GALAXY,0.13535139999999998,3.07e-05,17.840239999999994,0.009270392,0.08372253,16.89436,0.006548443,0.05791886,37853.207935816936,2.078557893060461e-15,0.4509658465663527
GALAXY,0.3746221,8.75e-05,20.5743,0.04385426,0.06198585,18.76654,0.01411156,0.04288153,92293.89832583336,1.675475668012099e-16,1.5883845433771464
GALAXY,0.11495239999999997,2.3800000000000006e-05,18.30954,0.00729386,0.06587135,17.493579999999998,0.0056471,0.04556949,32492.794025545936,1.3490937341085764e-15,0.5597623088981539
GALAXY,0.03533604,7.61e-06,17.47941,0.005294699,0.05057692,17.07229,0.005545636,0.03498888,10406.425296133648,2.8979716007674336e-15,0.38192461743665523
GALAXY,0.2923348,4.78e-05,19.76059,0.02107664,0.09407581,18.25359,0.009995614,0.0650812,75239.68801594857,3.5450480431893897e-16,1.0919774054021605
GALAXY,0.5627787,0.000176185,21.89969,0.1389582,0.04031239,20.44498,0.05965078,0.02788793,125609.8254543482,4.9429034244745455e-17,2.9243789711032018
GALAXY,0.07399745,1.6e-05,17.30009,0.005986254,0.0416679,16.63366,0.004528553,0.02882566,21365.189223514208,3.418394060384487e-15,0.3516524538400997
GALAXY,0.6196687,0.000192739,22.95943,0.2393173,0.07528467,21.20329,0.06994743,0.05208159,134313.33728733435,1.8624564449152218e-17,4.7641085935999
GALAXY,0.0232673,8.16e-06,16.469910000000002,0.004737724,0.1095144,16.033,0.005239586,0.07576153,6894.2336093937165,7.343348259834997e-15,0.23992618710402153
GALAXY,0.5157037,0.000160486,22.16652,0.1243714,0.07904298,20.27748,0.03671014,0.05468157,117954.46242137295,3.865895632421549e-17,3.3067369804197004
GALAXY,0.4708255,0.000131974,21.98303,0.10838989999999997,0.1295363,20.16572,0.03573985,0.08961262,110249.99447267111,4.577687324612553e-17,3.0387967431763543
GALAXY,0.4050794,8.590000000000001e-05,20.77309,0.05663771,0.1015277,19.01448,0.01922021,0.07023636,98200.36085558172,1.3951539248915367e-16,1.7406588089799155
GALAXY,0.5986024,0.000325797,23.25834,0.4567835,0.1083035,20.9418,0.1264848,0.07492384,131157.9709219363,1.4142367717583112e-17,5.46718351920557
GALAXY,0.02470645,1.86e-05,17.720579999999995,0.007530323,0.1077087,16.98043,0.006109961,0.07451238,7315.3366600841955,2.320738062567234e-15,0.4267874618790211
GALAXY,0.4498126,0.000128985,22.10188,0.1516728,0.16105450000000002,20.15333,0.04384389,0.1114167,106499.9661548991,4.103043536575144e-17,3.2097532870140237
GALAXY,0.4718449000000001,0.000173024,22.60562,0.1745197,0.1354368,20.93044,0.06729061,0.09369453,110429.56578250225,2.5799430844993122e-17,4.047805650162774
GALAXY,0.5675924,0.000131177,20.86818,0.09519564,0.07798792,19.77166,0.05377119,0.05395168,126368.99164762005,1.278162657650196e-16,1.8185768246461065
GALAXY,0.6205009,0.000253564,22.47149,0.16726470000000002,0.1385559,21.04279,0.07347228,0.09585229,134436.39478640785,2.91918840404933e-17,3.8053416301033196
GALAXY,0.5354916000000001,0.00016993799999999998,22.90066,0.2416221,0.2226429,20.88757,0.05998231,0.1540233,121224.16313542117,1.9660480385363888e-17,4.636899170770393
GALAXY,0.04911032,7.77e-06,16.36104,0.003510084,0.3031146,15.41284,0.002728761,0.2096933,14361.795373618259,8.117870616487609e-15,0.2281937010963848
GALAXY,0.4862928,0.000120085,22.56041,0.1620047,0.34718140000000003,20.5324,0.04466035,0.2401785,112951.53222450861,2.6896398159714602e-17,3.9644016870424217
GALAXY,0.549584,0.000160251,22.70769,0.1852797,0.184747,20.80811,0.05392836,0.1278071,123506.71998958598,2.348454363820567e-17,4.242615285018313
GALAXY,0.3532093,0.000163225,20.54406,0.08585715,0.11615839999999998,18.77444,0.0285272,0.08035783,88012.95681983916,1.7227970728823509e-16,1.566417953948637
GALAXY,0.17027260000000002,3.41e-05,18.87323,0.01231462,0.1446279,17.6847,0.007345626999999999,0.1000529,46753.71097463346,8.027237734131616e-16,0.7256741489648717
GALAXY,0.1659864,3.94e-05,18.64308,0.01068271,0.05133937,17.443620000000006,0.006136536,0.03551634,45679.8303760712,9.922614640330794e-16,0.6526970537003125
GALAXY,0.160873,3.43e-05,18.65589,0.01208547,0.08900682,17.67063,0.007691013000000002,0.0615745,44391.9449676044,9.806231129516905e-16,0.6565588387430712
GALAXY,0.4727065,0.000110874,22.0833,0.12552380000000002,0.06737581,20.18829,0.03580623,0.04661027,110581.17166326381,4.173862377444143e-17,3.1824064960394414
GALAXY,0.1572466,1.64e-05,17.975939999999994,0.009873309,0.08641219,17.12892,0.007276812,0.05977955,43474.114861900685,1.834349666959548e-15,0.48004688097220805
GALAXY,0.5094041,0.000141775,21.88025,0.1129833,0.1225558,20.37523,0.04482993,0.08478355,116897.4266762481,5.032202685909082e-17,2.898315452381856
GALAXY,0.1420701,1.02e-05,18.31351,0.009558043,0.04571644,17.77733,0.009118147,0.03162642,39592.55272812619,1.3441697736814992e-15,0.5607866318497492
GALAXY,0.03998293,1.13e-05,21.37673,0.05076467,0.6947361,21.36637,0.06802715,0.4806152,11747.135585478773,8.001402640632605e-17,2.2984848857092883
GALAXY,0.4690464,0.000107469,22.02812,0.1378576,0.7870623999999999,19.97936,0.03943024,0.5444861,109936.0811282111,4.3914720724551974e-17,3.1025561655986573
GALAXY,0.5855495,0.000195076,22.55733,0.1681526,0.1074641,21.0596,0.07842772,0.07434315,129163.40002023432,2.6972805778866448e-17,3.958782595730756
GALAXY,0.1259961,3.67e-05,18.71238,0.01087978,0.1728937,17.60183,0.006927002,0.1196071,35409.73248212319,9.309066338678862e-16,0.6738630639127152
GALAXY,0.5036751,0.00014852,22.29036,0.17899790000000002,0.09483688,20.44041,0.05333472,0.06560772,115929.2930383846,3.449166228667002e-17,3.500802837120276
GALAXY,0.523868,0.000116084,22.28578,0.159119,0.06474128,20.37523,0.04501951,0.04478771,119312.7560047097,3.463746701406085e-17,3.4934268373393813
GALAXY,0.3306554,3.6e-05,21.7034,0.09033892,0.1266647,20.17397,0.03957729,0.08762602,83386.10601927884,5.922405302399892e-17,2.671625944353092
GALAXY,0.6928562,0.000477068,23.76131,0.5402161,0.214711,21.99913,0.2025428,0.1485361,144691.1097180053,8.8988548948812e-18,6.892196521757993
GALAXY,0.4232997000000001,4.89e-05,20.81147,0.0468261,0.158681,19.15205,0.01872269,0.1097748,101633.79724310899,1.3466977211011173e-16,1.7716978260649336
GALAXY,0.2053405,2.93e-05,18.92912,0.01227758,0.09071641,17.783479999999994,0.007266081,0.06275719,55347.84785543657,7.624478168104141e-16,0.7445942056750219
GALAXY,0.07818189,1.17e-05,18.99544,0.01615607,0.1136695,18.54883,0.01621071,0.07863607,22524.703863194627,7.172691056149375e-16,0.7676860559711379
GALAXY,0.2099842,2.8300000000000007e-05,19.50018,0.0216257,0.2930605,18.38843,0.01240312,0.2027379,56460.52342790272,4.505947477872084e-16,0.9685714250600521
GALAXY,0.08044665,1.33e-05,17.13853,0.004790014,0.08044513,16.229570000000002,0.003737413,0.05565156,23150.11760117913,3.9668531654861446e-15,0.32643870948040793
GALAXY,0.4576186,0.000125668,21.63164,0.09826664,0.1102545,19.98396,0.03645549,0.07627358,107903.91513204276,6.32706250982617e-17,2.584780402653518
GALAXY,0.28954250000000004,3.52e-05,19.96721,0.0354286,0.08237858,18.3682,0.01402447,0.05698912,74631.75182831477,2.93071863099467e-16,1.2009851910047047
GALAXY,0.2137048,2.9600000000000005e-05,19.51519,0.02000755,0.2683456,18.0693,0.01010748,0.1856402,57347.783489113426,4.444082629054806e-16,0.9752897328027438
GALAXY,0.5303329000000001,0.00018466,23.00098,0.229485,0.09035287,21.32051,0.09771007,0.0625057,120379.08663889374,1.792528730385329e-17,4.856145071404443
GALAXY,0.1668971,8.340000000000001e-05,21.10229,0.05784741,0.258918,19.86148,0.03256977,0.1791183,45908.432000954985,1.0302488186419202e-16,2.025599831817055
GALAXY,0.4476708,7.219999999999999e-05,21.627270000000006,0.09696525,0.26785820000000005,19.99078,0.03513118,0.1853031,106112.48653105569,6.352579740248516e-17,2.579583867771007
GALAXY,0.4531423,0.000245794,22.04085,0.1444069,0.1928952,20.33334,0.05324456,0.133444,107100.41148341511,4.340283773642636e-17,3.120797951834608
GALAXY,0.08617676,1.6e-05,17.8008,0.0073566080000000015,0.17193699999999998,16.79457,0.005435064,0.1189452,24725.740871232658,2.1554508548010033e-15,0.44284898363020153
GALAXY,0.520798,0.00013003,22.36993,0.1601983,0.1000004,20.43267,0.0536394,0.06917983,118803.53337050158,3.205428730348143e-17,3.631463239715466
GALAXY,0.4906532,8.62e-05,21.78464,0.08765502,0.1696811,20.638,0.05805043,0.1173846,113704.25911692108,5.495435630213236e-17,2.7734711476147194
GALAXY,0.7931189000000001,0.000245957,22.03905,0.2865939,0.1242431,20.2312,0.1089908,0.08595081,157551.47476833797,4.347485329939696e-17,3.118212098705949
GALAXY,0.2148423,3.58e-05,19.43784,0.02370458,0.4076404000000001,17.9141,0.01104181,0.2820037,57618.29620936525,4.772238336537726e-16,0.9411604143945177
GALAXY,0.4848564,0.000124543,22.27596,0.1631664,0.3936013,20.41383,0.0563059,0.2722916,112702.72033152812,3.495216848533681e-17,3.4776642613051005
GALAXY,0.4473107,0.000277901,22.39472,0.247591,0.0953842,20.65064,0.08446803,0.06598634,106047.2435326099,3.1330701953177976e-17,3.673158359112367
GALAXY,0.31284470000000003,7.340000000000001e-05,20.63832,0.05182057,0.1714258,18.98016,0.02193624,0.11859160000000002,79645.05884881188,1.5795381699370617e-16,1.635910923270779
GALAXY,0.30495229999999995,5.75e-05,20.93904,0.05661543,0.4181344,19.27753,0.02147324,0.2892634,77962.27415498556,1.1974079167898552e-16,1.8788999388143957
GALAXY,0.31969990000000004,4.9700000000000015e-05,20.45602,0.03823141,0.1150904,18.61257,0.01282413,0.07961903,81094.17799776168,1.868315105828766e-16,1.5041794541506643
GALAXY,0.4983806,0.000162391,22.24769,0.1618443,0.1414787,20.69775,0.05954031,0.09787429,115028.75015054969,3.587419175493393e-17,3.432682628899836
GALAXY,0.1823725,2.33e-05,18.12034,0.01146718,0.09744968,16.85306,0.006345432,0.06741524,49757.539882477795,1.6059134120621819e-15,0.5130546785254169
GALAXY,0.5208613000000001,0.000140905,22.89366,0.4240478,0.2067375,20.443,0.06613227,0.14302,118814.05159261009,1.9787645678705847e-17,4.621975640710647
GALAXY,0.4783807,0.000114474,21.86536,0.1503816,0.1532191,20.49933,0.06087772,0.1059963,111575.75500976738,5.1016907010078425e-17,2.8785094017360064
GALAXY,0.8744596,0.000126694,22.22876,0.2303421,0.1801655,21.62575,0.224374,0.1246377,166952.80086023713,3.6505148983155685e-17,3.4028879763132096
GALAXY,0.2231188,3.2299999999999986e-05,19.32137,0.02188531,0.1630562,17.90877,0.009948572,0.1128015,59576.02850521174,5.312636787162577e-16,0.8920098544941443
GALAXY,0.5616099,0.00027697,23.00182,0.433483,0.3973593,21.11448,0.1259354,0.2748913,125424.84526460322,1.791142443540164e-17,4.858023958248092
GALAXY,0.2473578,4.41e-05,19.05273,0.02356888,0.1381199,17.594160000000006,0.01078078,0.09555073,65204.02788820828,6.8040285177329675e-16,0.7882094769961225
GALAXY,0.5050663,0.000134661,22.17135,0.17498770000000002,0.1685156,20.5127,0.06622554,0.1165783,116164.9911522227,3.848736027122485e-17,3.3141003323315155
GALAXY,0.5358081,0.000120513,21.34518,0.09949483,0.14235970000000006,19.30448,0.02692724,0.09848381,121275.84381382569,8.237323558225813e-17,2.2653309172318075
GALAXY,0.5237415,0.000154123,22.00298,0.13426110000000002,0.1025035,20.43841,0.05440215,0.07091147,119291.8097549943,4.494342082063051e-17,3.066843765750765
GALAXY,0.4083059,0.000126545,21.86248,0.1236941,0.1926185,20.3742,0.05062184,0.1332526,98813.7466936967,5.115241297724711e-17,2.8746941969324165
GALAXY,0.4966456,0.000162867,22.54087,0.180317,0.1899021,20.66778,0.05931397,0.1313734,114732.41803114973,2.738483478913524e-17,3.9288880328692017
GALAXY,0.6647812,0.000250389,22.99225,0.2508809,0.16252779999999994,21.63894,0.1157655,0.112436,140814.47010503904,1.8069998861712883e-17,4.836661037670369
GALAXY,0.5708521,0.000162055,22.58247,0.1979525,0.2388937,21.21528,0.09556296,0.16526559999999998,126880.64275633908,2.6355431146726945e-17,4.004881333641197
GALAXY,0.4792232,8.809999999999999e-05,21.24436,0.07520133,0.3338232,19.43669,0.02961089,0.2309374,111722.86290178853,9.038869686381096e-17,2.162557443136779
GALAXY,0.5297655,0.00013489,23.3178,0.3012864,0.1817585,20.87659,0.06406142,0.12573969999999998,120285.82364862855,1.3388691206172184e-17,5.618956271341031
GALAXY,0.392175,0.00010129,21.36116,0.08968294,0.3640997,19.53468,0.03324847,0.2518825,95723.68517769124,8.11697344585033e-17,2.2820631189477774
GALAXY,0.1302646,2.59e-05,17.8269,0.006999235,0.1376343,16.701970000000006,0.004885095,0.0952148,36527.72686914361,2.10425382459985e-15,0.44820392176983137
GALAXY,0.6231766,0.000146394,21.97595,0.2098596,0.1327924,20.31616,0.08548049,0.0918652,134831.23953677816,4.607635600992155e-17,3.028905001033134
GALAXY,0.1684192,2.44e-05,18.67444,0.01017204,0.1475981,17.52628,0.0067709630000000005,0.1021077,46289.98579252591,9.640113011853933e-16,0.6621915770039178
GALAXY,0.3182807,9.07e-05,21.78143,0.1208696,0.07660087,20.21923,0.04303043,0.05299213,80795.12463148525,5.511707032998245e-17,2.76937426605643
GALAXY,0.4176259,0.000141919,21.12839,0.0626111,0.06311911,19.27779,0.02103546,0.04366551,100572.51952852214,1.0057779847255594e-16,2.0500934226256153
GALAXY,0.5252214,0.000104103,21.57125,0.1461976,0.2052606,19.72737,0.04283096,0.1419984,119536.66071918848,6.688952704512055e-17,2.5138864220897075
GALAXY,0.01956746,1.23e-05,22.10585,0.09008282,0.2260289,21.88617,0.110431,0.15636570000000002,5808.794613595952,4.0880681323509e-17,3.215626894273003
GALAXY,0.5603564999999999,0.000138517,21.749270000000006,0.1531517,0.1034532,19.58574,0.03443355,0.07156843,125226.19307431584,5.677408259013442e-17,2.7286614309878705
GALAXY,0.1202518,2.93e-05,18.22929,0.009582958,0.07809348,17.34392,0.006969524,0.0540247,33896.909054339136,1.4525869066852494e-15,0.5394530492440335
GALAXY,0.6611161,0.000140872,21.99208,0.09546563,0.05239975,20.83969,0.05244977,0.03624991,140298.97576558936,4.5396892455817627e-17,3.051487900569045
GALAXY,0.04445888,1.51e-05,16.99521,0.004636564,0.05969902,16.163829999999994,0.003659307,0.0412995,13032.43331325898,4.526620909549485e-15,0.30558895425156163
GALAXY,0.2594021,4.650000000000001e-05,19.30239,0.016049200000000003,0.06531029,17.76206,0.007644465,0.04518136,67942.80471326022,5.406324695530149e-16,0.8842471165181187
GALAXY,0.3759813,8.950000000000001e-05,20.40377,0.04051792,0.06493185,18.66411,0.01560338,0.04491955,92562.01836709016,1.96042451725855e-16,1.468417840385467
GALAXY,0.08858621,9.81e-06,17.99981,0.008128502,0.08824454,17.44833,0.008099262,0.06104716,25385.389233208673,1.794461418108754e-15,0.48535292613566744
GALAXY,0.5327036,0.000249771,23.51753,0.2429266,0.07145819,21.656,0.08548253,0.04943444,120768.08256004543,1.1138997980373845e-17,6.160297020148658
GALAXY,0.2625258,5e-05,19.64532,0.02065852,0.06608815,18.1407,0.009551558,0.04571947,68646.91915486546,3.942122586320018e-16,1.0355227683040749
GALAXY,0.6014974000000001,9.3e-05,21.03306,0.07630458,0.08608449,19.65344,0.03380523,0.05955285,131596.2230746354,1.0980803632250117e-16,1.9620390747928496
GALAXY,0.3141968,5.03e-05,20.76722,0.05761589,0.138596,19.08742,0.01955805,0.0958801,79931.79743211223,1.402717209362212e-16,1.735959753526789
GALAXY,0.1440598,2.23e-05,18.22754,0.007506656,0.05460812,17.08287,0.005065121,0.03777764,40105.1728215559,1.4549300880293266e-15,0.5390184765873026
GALAXY,0.2989441,7.879999999999999e-05,21.95249,0.06090681,0.08284232,20.21581,0.02438552,0.05730993,76670.81785140767,4.7082782968594814e-17,2.996357664343649
GALAXY,0.06673616,1.7199999999999998e-05,17.859370000000006,0.005983239,0.05326165,17.01945,0.004709227,0.03684616,19340.793082815933,2.042255739220438e-15,0.45495626750898255
GALAXY,0.1357864,9.98e-06,17.46906,0.005349975,0.048386800000000015,16.78294,0.004523972,0.03347377,37966.21245244556,2.9257291935021524e-15,0.3801085620170087
GALAXY,0.1056239,3.06e-05,17.73379,0.006254422,0.03749676,16.77177,0.004575662,0.02594009,30001.339996399784,2.292673046087089e-15,0.42939170678863353
GALAXY,0.499216,0.000123989,21.9552,0.1245575,0.06466495,20.32066,0.0454255,0.04473491,115171.21748334094,4.6965410778362876e-17,3.0000994564605943
GALAXY,0.3524414,5.62e-05,20.02389,0.03188805,0.08162519,18.2673,0.01092404,0.05646793,87857.42746689841,2.781647700863687e-16,1.23274614268192
GALAXY,0.05302161,1.06e-05,17.15062,0.005236758,0.03739107,16.527639999999998,0.004457229,0.02586697,15474.638616824055,3.9229260839858514e-15,0.32826127520427617
GALAXY,0.6108946999999999,0.000376346,23.11516,0.3303573,0.176342,21.10253,0.08252335,0.12199260000000002,133008.60197983068,1.6135934608138443e-17,5.118322564070983
GALAXY,0.6812522,0.000177774,22.73729,0.3478155,0.06928059,20.42421,0.06993023,0.04792799,143104.14146001005,2.285294241014894e-17,4.300843625134155
GALAXY,0.4841464,0.000162471,21.67882,0.14711760000000002,0.06176735,19.94851,0.0468009,0.04273036,112579.57897162116,6.058011943287979e-17,2.641554967676298
GALAXY,0.03400675,1.22e-05,15.722170000000002,0.0027837820000000003,0.07729674,14.90281,0.002396802,0.05347353,10021.71520583727,1.4621439284940372e-14,0.17003160419775784
GALAXY,0.06129254,7.59e-06,17.550179999999994,0.01314128,0.1129309,17.02271,0.009740162,0.07812507,17812.909668912074,2.715101847139429e-15,0.39457689621408726
GALAXY,0.524388,9.01e-05,22.0126,0.1227555,0.1575124,20.287470000000006,0.03807545,0.1089664,119398.82637062296,4.454696545691354e-17,3.0804605565053387
GALAXY,0.3411788,5.62e-05,20.16934,0.0374646,0.224725,18.21972,0.01146628,0.1554637,85560.15758020715,2.432888049946764e-16,1.3181464133601877
GALAXY,0.5794387,0.000250509,22.50758,0.2040607,0.04094693,20.84094,0.07319060000000001,0.02832689,128219.07308125409,2.823749228058545e-17,3.8691151249195577
GALAXY,0.05905397,7.19e-06,17.97299,0.006872724,0.09951922,17.606170000000006,0.006857586,0.06884694,17182.05026298272,1.839340464527726e-15,0.47939516796939224
GALAXY,0.0866449,2.21e-05,16.955679999999994,0.005573894,0.05451523,16.08599,0.004258955,0.03771338,24854.03967535155,4.6944652131251506e-15,0.3000762696253298
GALAXY,0.4877111,0.00017292,22.14896,0.11951,0.05078089,20.27566,0.0394457,0.03512998,113196.79548234509,3.9289284978363295e-17,3.280104290569233
GALAXY,0.10911880000000003,2.22e-05,17.47146,0.008197162,0.2262696,16.41891,0.005716543,0.1565322,30937.721172093865,2.9192690653201466e-15,0.3805289057729003
GALAXY,0.03311418,1.12e-05,17.31428,0.008459872,0.05310442,16.92886,0.00868582,0.03673739,9763.100053512177,3.3740081336845702e-15,0.35395793461386116
GALAXY,0.5572835,0.000304582,22.11997,0.1812089,0.03843803,20.62513,0.07311475,0.02659125,124737.91014159766,4.0352470175977887e-17,3.236604639106252
GALAXY,0.4229592,0.00013160100000000002,21.04629,0.08971064,0.0593934,19.1938,0.02567785,0.04108808,101570.30713567261,1.0847811381431602e-16,1.9740295626206958
GALAXY,0.281252,4.92e-05,19.70758,0.02215228,0.05069286,18.20484,0.01024947,0.03506909,72815.09651908421,3.722426447881638e-16,1.065642793357327
GALAXY,0.02702978,7.53e-06,16.465239999999998,0.004154308,0.08825597,16.0088,0.003669425,0.06105507,7993.847590159311,7.37500170754977e-15,0.23941075282153612
GALAXY,0.08440664,4.79e-05,18.18633,0.009769861,0.1090033,17.0999,0.006371081,0.075408,24240.037898337094,1.5112145460839256e-15,0.5288854899840043
GALAXY,0.4878175,0.000114855,21.64997,0.09777681,0.1478519,19.7078,0.02727486,0.1022833,113215.17843882112,6.221142154793852e-17,2.606691599021065
GALAXY,0.09174212,7.63e-06,18.2646,0.008286035,0.1356105,17.69448,0.007302507,0.09381469,26246.821024907433,1.406106206499002e-15,0.5482967255640928
GALAXY,0.437123,7.64e-05,21.48018,0.07460251,0.14093039999999998,19.90665,0.02789392,0.09749498,104189.9030813825,7.274214867513557e-17,2.4106360795399095
GALAXY,0.5979076,0.000302112,22.7534,0.249091,0.06996534,20.72108,0.06151574,0.0484017,131052.56880482983,2.2516356966850964e-17,4.33286993291794
GALAXY,0.431399,9.29e-05,21.29926,0.07197464,0.03687911,19.55477,0.02337971,0.0255128,103136.51424421452,8.593184278182101e-17,2.217929065422606
GALAXY,0.5965298000000001,0.000138491,23.38691,0.3876109,0.2365621,21.24416,0.08034637,0.1636526,130843.30040478139,1.2563022141908047e-17,5.800663229740791
GALAXY,0.688337,0.000337395,22.62516,0.1985194,0.2718973,21.54588,0.12213980000000002,0.1880973,144075.6040679867,2.53392715217792e-17,4.084394213852445
GALAXY,0.08698528,1.8100000000000006e-05,17.89281,0.007068389,0.2201599,16.96012,0.005088053,0.1523056,24947.284027590238,1.980314307511513e-15,0.46201667710894345
GALAXY,0.1111225,8.16e-06,17.86798,0.006453379,0.07961407,17.25023,0.005697595,0.05507664,31472.96552363872,2.026124486517669e-15,0.45676377361295617
GALAXY,0.29324920000000004,4.56e-05,20.04132,0.02644013,0.1535125,18.52176,0.01195995,0.1061992,75438.3417026062,2.737348707668956e-16,1.242680982966265
GALAXY,0.4404788,0.000116334,21.69679,0.1036266,0.1088211,20.12563,0.04255188,0.07528195,104804.17280573076,5.958571090669072e-17,2.663505833393902
GALAXY,0.5733043000000001,0.000194041,21.13013,0.05794718,0.106629,20.22569,0.04113659,0.07376543,127264.25644496123,1.0041674165993195e-16,2.051736820029384
GALAXY,0.6087943,0.000227557,22.65954,0.1960154,0.09991905,21.25484,0.08553406,0.06912354,132694.2682467482,2.4549470263027343e-17,4.149575322804485
GALAXY,0.540758,0.000149324,21.87703,0.14321660000000005,0.1098142,19.88999,0.04017467,0.07596892,122081.60172397573,5.0471489907610145e-17,2.8940208273796233
GALAXY,0.5197430000000001,0.000181263,22.45034,0.1528143,0.10398,20.6778,0.05457627,0.07193286,118628.11407996192,2.97661129372324e-17,3.768457764998087
GALAXY,0.2601678,5.3e-05,19.01803,0.01840561,0.0547087,17.58398,0.008976378,0.03784723,68115.63641140706,7.024996710295546e-16,0.7757140404829003
GALAXY,0.5488489000000001,8.46e-05,21.39956,0.08062563,0.11693130000000003,20.36452,0.04853469,0.08089252,123388.5892009318,7.834912040969577e-17,2.3227777233912557
GALAXY,0.4956097,0.000193041,22.1735,0.1176149,0.09426468,20.66895,0.04738189,0.06521187,114555.20046264114,3.841122211842724e-17,3.317383286458205
GALAXY,0.15956479999999998,1.0800000000000003e-05,18.3048,0.01056501,0.1570218,17.6961,0.008720837,0.1086269,44061.27189109386,1.3549963495795137e-15,0.5585417639864461
GALAXY,0.105416,2.34e-05,16.57388,0.004113273,0.09389902,15.56754,0.003026446,0.06495891,29945.52569366209,6.672769532142274e-15,0.2516932984727244
GALAXY,0.4616397,0.00012042,21.95601,0.1599354,0.08174323,20.13387,0.04848088,0.05654959,108622.10007704949,4.6930385883993756e-17,3.00121875866231
GALAXY,0.2084374,1.73e-05,18.37488,0.01190946,0.1098097,17.57848,0.00786477,0.07596587,56090.54745514253,1.2702994943148718e-15,0.5768616293274288
GALAXY,0.02310766,5.9e-06,17.260460000000002,0.005457855,0.08627586,16.92871,0.005272103,0.05968524,6847.48388833477,3.5454725328903646e-15,0.34529290310881977
GALAXY,0.4318191,9.42e-05,20.51997,0.05599919,0.05028557,18.78265,0.01904714,0.03478732,103214.06736273675,1.761449210181334e-16,1.5491363772273108
GALAXY,0.5746118,0.000215651,22.71832,0.2543615,0.06265177,21.16348,0.1007979,0.0433422,127468.34577158024,2.3255737956680284e-17,4.263435060164115
GALAXY,0.1502474,3.03e-05,18.34272,0.01144604,0.1024417,17.31524,0.007578739,0.07086866,41692.119593991505,1.308489148147038e-15,0.5683811315268777
GALAXY,0.1007853,2.07e-05,17.55989,0.005675272,0.0746913,16.594920000000002,0.004184742,0.051671100000000005,28699.06813039626,2.6909282944028047e-15,0.3963452449991676
GALAXY,0.1104188,1.05e-05,18.66623,0.0120353,0.1311906,17.71106,0.008172068000000001,0.09075706,31285.120529607044,9.71328485538817e-16,0.6596926604590956
GALAXY,0.09550408,2.33e-05,17.80198,0.0065539380000000005,0.2074217,16.74863,0.004690932,0.1434934,27269.863001076432,2.15310953987431e-15,0.4430896976299707
GALAXY,0.4761729,0.000123835,21.96978,0.13604229999999998,0.09095911,20.16451,0.04335438,0.06292509,111189.55931472193,4.6338943210748315e-17,3.0203109159935377
GALAXY,0.29335890000000003,6.37e-05,19.92974,0.02042793,0.07134564,18.81586,0.01256431,0.04935659,75462.15988067501,3.0336266102563526e-16,1.1804392792831062
GALAXY,0.3225861,7.329999999999999e-05,19.43628,0.02551106,0.07641224,17.75364,0.009720916,0.05286163,81700.83038166663,4.779100079427121e-16,0.9404845214011913
GALAXY,0.31583890000000003,4.86e-05,20.2054,0.03623816,0.08361641,18.53365,0.01322792,0.05784544,80279.42833661089,2.3534128758145404e-16,1.3402186350356
GALAXY,0.7036684,0.000286291,23.46234,0.4812088,0.1952425,21.76581,0.17418229999999998,0.1350679,146150.67341352662,1.1719851941188866e-17,6.005700248753035
GALAXY,0.6034099,0.000171743,22.90349,0.3109116,0.2410089,20.82795,0.07452323,0.16672879999999998,131884.92698289294,1.9609301554133017e-17,4.642946210234503
GALAXY,0.4961323,0.000146464,22.14231,0.122039,0.06049333,20.61627,0.047542900000000006,0.04184901,114644.63181645091,3.953066544880206e-17,3.270074539560997
GALAXY,0.4569268,0.000106061,21.99267,0.1159279,0.1401373,20.46739,0.04501821,0.09694633,107780.01290664151,4.537223002828076e-17,3.0523171178602593
GALAXY,0.2432807,5.36e-05,20.17175,0.02719342,0.2403831,18.578470000000006,0.01162922,0.1662959,64268.29169843523,2.427493776760689e-16,1.3196101650232344
GALAXY,0.5148845000000001,0.000261036,22.01942,0.11689660000000003,0.07411152,20.30122,0.03662143,0.05127001,117817.44917469322,4.426802282526645e-17,3.090150648269569
GALAXY,0.1076096,1.46e-05,17.22875,0.005160923,0.1615583,16.19795,0.003712452,0.1117653,30533.800619607453,3.650548520955157e-15,0.34028723054710364
GALAXY,0.2238552,3.2200000000000003e-05,19.36203,0.01548306,0.08490623,17.94504,0.007871366999999999,0.05873773,59749.32286735374,5.117361827242028e-16,0.908869756864451
GALAXY,0.4172171,0.000103191,21.71466,0.1008333,0.07938561,20.10482,0.03892601,0.05491859,100495.77948120279,5.861302357482052e-17,2.6855154316121075
GALAXY,0.5395146,0.000173169,22.57354,0.1928259,0.07387315,20.62151,0.06068432,0.0511051,121879.63932681063,2.65730940853756e-17,3.9884454105058174
GALAXY,0.4439808,0.000159413,22.46946,0.1307925,0.2289676,20.90408,0.05183928,0.1583987,105442.61651835215,2.92465151356198e-17,3.8017858705104475
GALAXY,0.4665825,0.000119784,22.28771,0.15933250000000002,0.2222565,20.43392,0.05852051,0.153756,109500.24850926759,3.457595029404911e-17,3.496533167832629
GALAXY,0.5325936,9.22e-05,21.38943,0.10892730000000002,0.1232744,20.16794,0.05706105,0.08528063,120750.0572545082,7.908354435089019e-17,2.311967113997567
GALAXY,0.3899005,0.000137545,23.43828,0.2753297,0.3828893,21.71256,0.09426522,0.264881,95283.23823580825,1.198246378831707e-17,5.939524146897375
GALAXY,0.08156145,1.47e-05,17.03424,0.004905423,0.07272681,16.084789999999998,0.003783665,0.05031207,23457.414510146853,4.366788171091104e-15,0.3111312632340811
GALAXY,0.4160479,6.790000000000001e-05,20.76186,0.0640831,0.2543327,18.92078,0.02262487,0.17594620000000002,100276.09271807803,1.4096591842122252e-16,1.7316800445608396
GALAXY,0.3958626,6.47e-05,21.37772,0.08188006,0.3849596,19.47524,0.02644669,0.2663133,96435.27185908731,7.994110097359208e-17,2.2995330311148763
GALAXY,0.3321304,0.000116648,20.56518,0.07289344,0.3349605,18.94382,0.02858652,0.2317241,83692.44506205904,1.6896086537381663e-16,1.5817274523691063
GALAXY,0.6666133000000001,0.000222049,23.13593,0.3351916,0.233445,21.54548,0.1295766,0.16149620000000006,141071.32998654092,1.5830189917661638e-17,5.167513885445159
GALAXY,0.5121,0.000157532,22.10245,0.15113929999999998,0.08031294,20.4033,0.05295887,0.05556012,117350.74400290487,4.100890047534692e-17,3.210595940833345
GALAXY,0.1156713,1.73e-05,17.21963,0.005946096,0.1369447,16.309,0.0042946320000000005,0.09473773,32683.748816299598,3.681341656972607e-15,0.3388610500468756
GALAXY,0.4850922,0.0001518,21.29897,0.1129593,0.1070808,19.59513,0.03448385,0.07407797,112743.59432540863,8.595479823148658e-17,2.217632880917366
GALAXY,0.5605023,0.000208005,22.25706,0.2056749,0.2343065,21.11054,0.1018716,0.16209210000000002,125249.31606767212,3.5565926381898435e-17,3.447526810694786
GALAXY,0.35546300000000003,6.32e-05,21.26459,0.09059209,0.2005264,19.42636,0.02746694,0.13872320000000002,88468.60989330734,8.872012094972183e-17,2.1827985281988305
GALAXY,0.4518793,9.72e-05,21.92944,0.1971823,0.1038278,19.78246,0.04444787,0.07182759,106872.93212587612,4.809302838975309e-17,2.964719789381813
GALAXY,0.4313079000000001,0.000161294,21.9403,0.1492176,0.1614912,20.4241,0.05576409,0.11171889999999997,103119.6915377518,4.7614379075640135e-17,2.979584128830457
GALAXY,0.3592678,8.420000000000001e-05,21.72857,0.09829382,0.1977131,19.72516,0.02615396,0.136777,89235.13567023144,5.786688772809543e-17,2.7027735009359444
GALAXY,0.5832736999999999,0.00016827900000000002,22.90249,0.1960727,0.3294983,21.03889,0.06284086,0.2279454,128812.5030689852,1.9627370708185614e-17,4.640808546741243
GALAXY,0.640942,0.00018549,22.77901,0.2694154,0.2223016,20.84887,0.08691752,0.1537872,137421.71718855147,2.1991463156322017e-17,4.384273639048604
GALAXY,0.3714841,5.460000000000001e-05,20.72777,0.06837572,0.2108252,18.92943,0.02293689,0.1458479,91673.24823400045,1.454621911441677e-16,1.7047066380442162
GALAXY,0.8601351999999999,3.89e-05,21.78295,0.08496211,0.1862063,21.508470000000006,0.102194,0.12881669999999998,165359.48166045334,5.5039961976671097e-17,2.7713134675342537
GALAXY,0.6169342,0.00012372700000000002,22.38186,0.1987478,0.24669410000000006,21.34568,0.13981210000000002,0.1706618,133908.14125797676,3.170400480911217e-17,3.6514692886387183
GALAXY,0.5804716,0.00015094,22.26414,0.1684832,0.14553010000000002,20.97964,0.09243809,0.1006771,128379.16770363349,3.533475831974721e-17,3.458785680230659
GALAXY,0.436412,7.49e-05,21.71116,0.1004232,0.2285712,19.70537,0.03258065,0.1581245,104059.4440949722,5.880227451147825e-17,2.681190378669411
GALAXY,0.5833255,0.000134876,23.26662,0.1986261,0.22653320000000005,21.31208,0.07144707,0.1567146,128820.50034787717,1.403492593765732e-17,5.488070128194151
GALAXY,0.5047119999999999,0.000135692,22.25177,0.1254995,0.2179007,20.7068,0.06132389,0.1507427,116105.00208587667,3.5739636016535044e-17,3.439138391679241
GALAXY,0.6161191999999999,0.000179961,23.26665,0.342622,0.2068568,21.10789,0.09122133,0.1431026,133787.12404163,1.4034538143680035e-17,5.48814594920869
GALAXY,0.6591281999999999,0.000347959,23.8549,0.3612021,0.1759183,21.99481,0.1478448,0.1216994,140018.45634861753,8.163908436965826e-18,7.195743139161925
GALAXY,0.3745923,7.48e-05,21.72836,0.07432748,0.2526948,19.69473,0.02304861,0.1748131,92288.01508452509,5.787808125894818e-17,2.702512132203578
GALAXY,0.511016,0.000139675,22.11492,0.1420263,0.1999032,20.6279,0.05908956,0.1382921,117168.64190351975,4.054059563596091e-17,3.2290863016888443
GALAXY,0.3678138,7.41e-05,21.13079,0.07196878,0.1462183,19.34007,0.02784469,0.1011531,90944.407353916,1.0035571863282243e-16,2.052360522226377
GALAXY,0.118361,1.83e-05,17.824939999999994,0.00692213,0.08525658,16.97136,0.005234300999999999,0.05898011,33396.86071648529,2.1080559105958212e-15,0.4477995494470109
GALAXY,0.2923316,5.15e-05,20.04804,0.02988136,0.09735835,18.48321,0.01280886,0.06735206,75238.99244416607,2.720458625145847e-16,1.2465326326749762
GALAXY,0.4711277,0.000185648,21.66522,0.13495539999999998,0.1633552,19.91665,0.03916389,0.11300839999999998,110303.25071512177,6.13437223043189e-17,2.625062526079695
GALAXY,0.5134890999999999,0.000104538,22.17373,0.1160344,0.1142595,20.43181,0.04005329,0.07904419,117583.7601450821,3.840308603033767e-17,3.317734678703359
GALAXY,0.05716223,5.65e-06,18.01603,0.008979015,0.1393441,17.6909,0.01111767,0.09639761,16647.772191591375,1.7678528996743046e-15,0.488991885418207
GALAXY,0.4629425,0.000101031,22.07878,0.1149779,0.1695815,20.22743,0.03333145,0.1173157,108854.05560199473,4.191274693985208e-17,3.175789088988426
GALAXY,0.09839135,2.53e-05,19.30713,0.01268808,0.0819908,18.34508,0.008976708,0.05672086,28052.2273976396,5.382773742201965e-16,0.8861794041076047
GALAXY,0.4940376,0.000146944,21.6117,0.08842632,0.03314209,20.10482,0.03963791,0.02292754,114285.83793401628,6.444335247222066e-17,2.561153759797839
GALAXY,0.5516418000000001,0.000184182,22.00103,0.1579535,0.1036768,20.371920000000006,0.05688149,0.07172315,123836.86603859134,4.502421247010731e-17,3.064090951153137
GALAXY,0.5453315,0.000115836,23.39692,0.3174034,0.2270224,21.74067,0.09363455,0.157053,122821.92502743044,1.2447729014248646e-17,5.827464711089815
GALAXY,0.2324579,2.21e-05,19.52653,0.01701655,0.2060973,18.08674,0.008254893000000001,0.14257720000000002,61762.99063771544,4.397907849173632e-16,0.9803962745262245
GALAXY,0.07393002,1.22e-05,16.71256,0.0044032920000000005,0.1125349,16.085910000000002,0.003942236,0.07785114,21346.4619385988,5.872650092021074e-15,0.268291956335208
GALAXY,0.4123007000000001,8.32e-05,20.61239,0.06237643,0.09809791,18.99233,0.02439336,0.06786367,99569.96950274897,1.6177154200456363e-16,1.6164923448303714
GALAXY,0.602356,0.0002259,23.35386,0.3765337,0.06848418,20.7892,0.06165088,0.04737704,131725.9142302819,1.2951322719349952e-17,5.713045097247201
GALAXY,0.07754405,1.91e-05,18.27687,0.0075707169999999985,0.0931624,17.34405,0.005619624,0.06444932,22348.291278525154,1.3903051298777165e-15,0.5514036699332135
GALAXY,0.2546489,3.54e-05,19.25906,0.0152056,0.162219,17.771520000000006,0.007569278,0.1122224,66866.50355432412,5.626445613054963e-16,0.8667775458949663
GALAXY,0.09230582,2.04e-05,18.28967,0.0085152,0.09974308,17.3746,0.006263001999999999,0.0690018,26400.380005848536,1.3740107330063983e-15,0.5546635823717706
GALAXY,0.5081834,9.69e-05,21.65976,0.09813339,0.08363601,19.96842,0.03331431,0.057859,116691.69072475529,6.165298739871421e-17,2.6184702999889846
GALAXY,0.27267040000000003,6.979999999999999e-05,18.8657,0.02541671,0.07930562,17.380689999999998,0.01099952,0.05486326,70916.16801066262,8.083103229209711e-16,0.7231620917284439
GALAXY,0.1381355,2.4e-05,17.90469,0.008271571,0.3422455,16.69206,0.004806182,0.2367638,38575.526026318876,1.9587640525652482e-15,0.46455127062137147
GALAXY,0.09282015,9.78e-06,22.17981,0.08311394,0.13307929999999998,21.88781,0.08877326,0.09206362,26540.40868441436,3.8188634103867426e-17,3.3270371654034854
GALAXY,0.4919645,0.000134445,21.77011,0.1100469,0.08566055,20.29363,0.04502975,0.05925957,113929.86985498673,5.569473286149376e-17,2.754974937038149
GALAXY,0.03781076,1.2e-05,17.19182,0.004718331,0.06996793,16.26953,0.003580219000000001,0.04840349,11121.228504517405,3.776853376989102e-15,0.33454893545430514
GALAXY,0.5334221,0.000129085,21.9683,0.1024294,0.2696888,20.67918,0.046086,0.1865695,120885.76313705034,4.6402152303116194e-17,3.018253078572522
GALAXY,0.4644943,0.00016537599999999998,22.1743,0.1187754,0.11902830000000003,20.57806,0.04240837,0.08234322,109129.87913957394,3.838293010848389e-17,3.318605680786234
GALAXY,0.3916902,3.14e-05,22.63698,0.1752042,0.3288398,21.26935,0.07799677,0.2274899,95629.90463186949,2.5064908595397445e-17,4.106687461955939
GALAXY,0.09757646,3.39e-05,20.36526,0.03696859,0.1636733,19.57666,0.02620132,0.1132284,27831.663463117853,2.0312067224549965e-16,1.4426057280475353
GALAXY,0.4975026,0.000187632,21.83375,0.1553158,0.1757895,20.13638,0.07807226,0.1216104,114878.86652223088,5.2524040218042745e-17,2.8369106147344354
GALAXY,0.5004295,0.00014267,22.5221,0.1596125,0.1439829,20.89929,0.05806658,0.09960673,115377.91527916696,2.786237449330083e-17,3.895073455691658
GALAXY,0.242233,4.39e-05,19.82637,0.02199778,0.248112,18.34355,0.0103676,0.17164279999999998,64027.124727340204,3.3366459415166e-16,1.1255625955269266
GALAXY,0.4760079,0.000142104,21.76933,0.1049748,0.2469517,20.08544,0.03062385,0.1708401,111160.65654434433,5.573475869801725e-17,2.7539855187313633
GALAXY,0.5952175999999999,0.000190403,22.97783,0.227922,0.1542691,21.17804,0.07393821,0.1067227,130643.68100712066,1.831159292468221e-17,4.804648846996712
GALAXY,0.5985381,0.000165063,22.21826,0.1487903,0.08061164,20.49527,0.04884011,0.05576676,131148.22012977765,3.6859897670141375e-17,3.3864732721945443
GALAXY,0.5406396,0.000175844,22.94291,0.267226,0.08633085,20.91674,0.07401942,0.05972328,122062.38304080453,1.891011305066987e-17,4.72800200754967
GALAXY,0.5053737,0.000120103,21.2153,0.1076138,0.1520213,19.61473,0.04457488,0.1051676,116217.01893989062,9.284063991146844e-17,2.1338095390368927
GALAXY,0.5317115,0.000129014,21.61832,0.1870698,0.3205462,19.6154,0.0514616,0.2217524,120605.42618569247,6.405162099759937e-17,2.5689736651074004
GALAXY,0.6454962,0.000109,22.32774,0.246892,0.2855946,20.07421,0.05294818,0.1975731,138077.17644910348,3.3324383613315745e-17,3.561587777613545
GALAXY,0.2913901,3.84e-05,20.22589,0.02744238,0.1673233,18.63319,0.01198965,0.1157535,75034.22980415022,2.3094157599287727e-16,1.3529247829357816
GALAXY,0.487153,0.00012415,22.250020000000006,0.6377206,0.34187280000000003,18.91929,0.06864612,0.236506,113100.33354131573,3.57972879532093e-17,3.436367890131735
GALAXY,0.4688229999999999,0.000138595,21.76521,0.07556985,0.0973617,20.08324,0.0292937,0.06735437,109896.61671965774,5.594665495333972e-17,2.7487652529157147
GALAXY,0.4858695,0.00015089,21.65346,0.09881143,0.33009920000000004,19.8895,0.03902029,0.2283611,112878.25240165472,6.201176966098515e-17,2.61088445369987
GALAXY,0.6140705,0.00015311,23.20681,0.4525026,0.3594142,20.90009,0.09680056,0.2486411,133482.40735641195,1.482976008872545e-17,5.338972111285939
GALAXY,0.4905051,0.000168469,22.40009,0.17361229999999994,0.2543431,20.72058,0.06264573,0.17595339999999998,113678.75639255866,3.1176124362605187e-17,3.682253234081192
GALAXY,0.1738904,4.24e-05,18.88266,0.02235239,0.5451282,17.62179,0.01356571,0.3771171,47656.121452915424,7.957820251063695e-16,0.7288323689007514
GALAXY,0.5218689000000001,0.000203215,22.05848,0.17808310000000002,0.2515678,20.57923,0.06127002,0.1740335,118981.37346512225,4.270376093781772e-17,3.1462385806611013
GALAXY,0.4717528,0.000110532,21.69141,0.09573317,0.1304737,19.89141,0.03133805,0.09026107,110413.35088046295,5.988170055672553e-17,2.6569149485548067
GALAXY,0.5527166,0.000182744,22.41915,0.1289763,0.08896015,21.17263,0.07037483,0.06154222,124008.98547969872,3.063360620511187e-17,3.714716306986642
GALAXY,0.21961710000000004,3.26e-05,18.8503,0.01590395,0.13862539999999998,17.42556,0.007304895,0.09590038,58749.988600255754,8.198570304781549e-16,0.718051596729696
GALAXY,0.3253842,2.93e-05,22.31811,0.13526470000000002,0.2385528,21.01634,0.05310145,0.1650297,82287.01546776337,3.3621270842094636e-17,3.5458278949526227
GALAXY,0.7150437,2.49e-05,22.18113,0.13546670000000002,0.1877741,21.7333,0.1433995,0.1299013,147666.63077188746,3.814223391341085e-17,3.3290602277850283
GALAXY,0.5283574000000001,0.000196452,21.828470000000006,0.1716055,0.1925953,20.50258,0.08570629,0.1332366,120054.1060632787,5.278008984987738e-17,2.8300209614629868
GALAXY,0.5601513000000001,9.91e-05,22.77099,0.33909320000000004,0.2260125,22.10034,0.2555737,0.15635439999999998,125193.64288325106,2.2154508785446468e-17,4.368110863134904
GALAXY,0.4785974,9.61e-05,21.2156,0.07960787,0.1681687,19.74604,0.03690823,0.1163383,111613.60670158676,9.281499063839253e-17,2.1341043560838053
GALAXY,0.07347888,1.19e-05,17.44888,0.007555595,0.0813983,16.40309,0.005164735,0.05631097,21221.132592675705,2.980616664212803e-15,0.37659248757490954
GALAXY,0.3178922,3.510000000000001e-05,20.14622,0.03896998,0.1078889,18.41185,0.01419859,0.07463704,80713.17361287336,2.485250244544312e-16,1.3041863555183004
GALAXY,0.2916018,7.92e-05,21.51856,0.1059754,0.1246887,19.98657,0.04345852,0.08625908,75080.29101933759,7.021568308774213e-17,2.453621973198443
GALAXY,0.6078424,0.00015283200000000002,21.34725,0.1273268,0.1611276,19.67239,0.0519257,0.1114673,132551.55743270213,8.221633729004354e-17,2.2674914193604705
GALAXY,0.3847175000000001,7.890000000000001e-05,21.13914,0.07155104,0.1847358,19.2634,0.02423604,0.12779939999999998,94275.15826354676,9.958687972873004e-17,2.0602676922936425
GALAXY,0.7102633,0.000128206,22.98304,0.1644308,0.2766228,21.26392,0.06608253,0.1913664,147031.99146038084,1.8223933635396633e-17,4.8161904508587865
GALAXY,0.1140626,2.05e-05,18.129,0.007567992,0.1711902,17.05237,0.00529853,0.1184286,32256.237084943794,1.593155345945832e-15,0.5151048657193693
GALAXY,0.5971575,0.000148441,22.67198,0.1838738,0.208117,21.18653,0.08657787,0.1439744,130938.6811324197,2.426979596213544e-17,4.17341576524121
GALAXY,0.3064622,5.05e-05,20.16644,0.03142901,0.2174266,18.51795,0.01417143,0.1504147,78285.40728807193,2.439394976912829e-16,1.3163872046492728
GALAXY,0.5079899,0.00010572,22.01105,0.1011425,0.2700303,20.71482,0.05843968,0.1868057,116659.0511643657,4.461060624371762e-17,3.0782625040924354
GALAXY,0.6101217,0.000146692,22.49847,0.1411601,0.2472672,20.69226,0.05572626,0.1710583,132893.00921698223,2.8475419131311666e-17,3.852916989250962
